Date,Adj Close,Close,High,Low,Open,Volume
2018-06-26,25.176000595092773,25.176000595092773,25.239999771118164,25.15999984741211,25.200000762939453,760550.0
2018-06-27,25.040000915527344,25.040000915527344,25.13800048828125,25.040000915527344,25.1200008392334,82800.0
2018-06-28,24.972000122070312,24.972000122070312,25.239999771118164,24.940000534057617,25.239999771118164,55350.0
2018-06-29,25.049999237060547,25.049999237060547,25.1200008392334,25.0,25.040000915527344,101400.0
2018-07-02,24.81999969482422,24.81999969482422,24.979999542236328,24.799999237060547,24.979999542236328,25600.0
2018-07-03,25.079999923706055,25.079999923706055,25.152000427246094,25.079999923706055,25.079999923706055,8350.0
2018-07-05,25.15999984741211,25.15999984741211,25.18000030517578,25.100000381469727,25.1200008392334,75050.0
2018-07-06,25.11400032043457,25.11400032043457,25.139999389648438,25.079999923706055,25.139999389648438,75550.0
2018-07-09,25.18000030517578,25.18000030517578,25.280000686645508,25.172000885009766,25.280000686645508,642150.0
2018-07-10,25.1200008392334,25.1200008392334,25.139999389648438,25.079999923706055,25.139999389648438,370450.0
2018-07-11,24.860000610351562,24.860000610351562,25.020000457763672,24.850000381469727,25.020000457763672,537000.0
2018-07-12,24.940000534057617,24.940000534057617,24.974000930786133,24.920000076293945,24.920000076293945,109850.0
2018-07-13,24.81999969482422,24.81999969482422,24.860000610351562,24.799999237060547,24.84000015258789,138050.0
2018-07-16,24.84000015258789,24.84000015258789,24.84000015258789,24.770000457763672,24.84000015258789,56350.0
2018-07-17,24.579999923706055,24.579999923706055,24.66200065612793,24.530000686645508,24.65999984741211,78650.0
2018-07-18,24.540000915527344,24.540000915527344,24.65999984741211,24.469999313354492,24.540000915527344,64600.0
2018-07-19,24.440000534057617,24.440000534057617,24.59000015258789,24.31999969482422,24.31999969482422,764000.0
2018-07-20,24.600000381469727,24.600000381469727,24.639999389648438,24.559999465942383,24.600000381469727,364950.0
2018-07-23,24.5,24.5,24.559999465942383,24.45199966430664,24.559999465942383,45300.0
2018-07-24,24.479999542236328,24.479999542236328,24.579999923706055,24.479999542236328,24.540000915527344,34900.0
2018-07-25,24.639999389648438,24.639999389648438,24.68000030517578,24.579999923706055,24.68000030517578,58750.0
2018-07-26,24.459999084472656,24.459999084472656,24.600000381469727,24.459999084472656,24.559999465942383,100450.0
2018-07-27,24.459999084472656,24.459999084472656,24.520000457763672,24.440000534057617,24.479999542236328,20100.0
2018-07-30,24.440000534057617,24.440000534057617,24.49799919128418,24.43400001525879,24.459999084472656,58750.0
2018-07-31,24.5,24.5,24.559999465942383,24.360000610351562,24.399999618530273,43650.0
2018-08-01,24.329999923706055,24.329999923706055,24.43000030517578,24.329999923706055,24.420000076293945,855200.0
2018-08-02,24.18000030517578,24.18000030517578,24.34000015258789,24.18000030517578,24.34000015258789,526400.0
2018-08-03,24.280000686645508,24.280000686645508,24.399999618530273,24.260000228881836,24.31999969482422,343000.0
2018-08-06,24.139999389648438,24.139999389648438,24.219999313354492,24.139999389648438,24.219999313354492,24150.0
2018-08-07,24.200000762939453,24.200000762939453,24.280000686645508,24.166000366210938,24.280000686645508,119000.0
2018-08-08,24.260000228881836,24.260000228881836,24.260000228881836,24.15999984741211,24.239999771118164,325850.0
2018-08-09,24.239999771118164,24.239999771118164,24.31399917602539,24.229999542236328,24.299999237060547,99000.0
2018-08-10,24.219999313354492,24.219999313354492,24.31999969482422,24.214000701904297,24.239999771118164,58550.0
2018-08-13,23.8799991607666,23.8799991607666,24.040000915527344,23.84000015258789,24.020000457763672,222400.0
2018-08-14,23.8799991607666,23.8799991607666,23.959999084472656,23.84000015258789,23.940000534057617,48300.0
2018-08-15,23.479999542236328,23.479999542236328,23.700000762939453,23.479999542236328,23.700000762939453,76200.0
2018-08-16,23.472000122070312,23.472000122070312,23.6200008392334,23.472000122070312,23.540000915527344,191450.0
2018-08-17,23.65999984741211,23.65999984741211,23.65999984741211,23.540000915527344,23.600000381469727,29250.0
2018-08-20,23.79199981689453,23.79199981689453,23.81999969482422,23.700000762939453,23.739999771118164,47350.0
2018-08-21,23.860000610351562,23.860000610351562,23.8799991607666,23.756000518798828,23.81999969482422,30050.0
2018-08-22,23.920000076293945,23.920000076293945,23.959999084472656,23.8799991607666,23.959999084472656,272200.0
2018-08-23,23.700000762939453,23.700000762939453,23.832000732421875,23.68000030517578,23.81999969482422,52550.0
2018-08-24,24.1200008392334,24.1200008392334,24.15999984741211,23.920000076293945,23.940000534057617,38950.0
2018-08-27,24.200000762939453,24.200000762939453,24.229999542236328,24.1200008392334,24.1200008392334,34700.0
2018-08-28,24.020000457763672,24.020000457763672,24.260000228881836,24.0,24.239999771118164,58400.0
2018-08-29,24.1200008392334,24.1200008392334,24.1200008392334,24.059999465942383,24.1200008392334,9100.0
2018-08-30,24.020000457763672,24.020000457763672,24.059999465942383,23.940000534057617,24.059999465942383,45700.0
2018-08-31,24.0,24.0,24.079999923706055,23.979999542236328,24.040000915527344,32200.0
2018-09-04,23.860000610351562,23.860000610351562,23.860000610351562,23.799999237060547,23.81999969482422,13700.0
2018-09-05,23.90999984741211,23.90999984741211,23.959999084472656,23.899999618530273,23.959999084472656,18050.0
2018-09-06,23.979999542236328,23.979999542236328,24.1200008392334,23.959999084472656,24.059999465942383,172200.0
2018-09-07,23.920000076293945,23.920000076293945,23.979999542236328,23.8799991607666,23.940000534057617,29900.0
2018-09-10,23.898000717163086,23.898000717163086,23.959999084472656,23.8799991607666,23.920000076293945,467800.0
2018-09-11,23.920000076293945,23.920000076293945,23.959999084472656,23.760000228881836,23.81999969482422,179900.0
2018-09-12,24.11400032043457,24.11400032043457,24.15999984741211,23.895999908447266,23.899999618530273,690300.0
2018-09-13,24.0,24.0,24.239999771118164,24.0,24.239999771118164,375100.0
2018-09-14,23.8799991607666,23.8799991607666,24.059999465942383,23.860000610351562,24.059999465942383,385350.0
2018-09-17,24.020000457763672,24.020000457763672,24.100000381469727,24.0,24.020000457763672,92950.0
2018-09-18,23.959999084472656,23.959999084472656,24.059999465942383,23.940000534057617,24.040000915527344,27350.0
2018-09-19,24.059999465942383,24.059999465942383,24.100000381469727,24.040000915527344,24.079999923706055,119750.0
2018-09-20,24.139999389648438,24.139999389648438,24.15999984741211,24.040000915527344,24.139999389648438,24000.0
2018-09-21,23.959999084472656,23.959999084472656,24.006000518798828,23.84000015258789,23.860000610351562,2198150.0
2018-09-24,23.959999084472656,23.959999084472656,24.06999969482422,23.959999084472656,24.020000457763672,2612750.0
2018-09-25,24.020000457763672,24.020000457763672,24.059999465942383,24.0,24.020000457763672,1695350.0
2018-09-26,23.899999618530273,23.899999618530273,23.959999084472656,23.84000015258789,23.920000076293945,1788250.0
2018-09-27,23.68000030517578,23.68000030517578,23.739999771118164,23.639999389648438,23.700000762939453,380850.0
2018-09-28,23.81999969482422,23.81999969482422,23.860000610351562,23.700000762939453,23.700000762939453,95400.0
2018-10-01,23.799999237060547,23.799999237060547,23.799999237060547,23.700000762939453,23.760000228881836,32850.0
2018-10-02,24.059999465942383,24.059999465942383,24.15999984741211,24.0,24.020000457763672,263150.0
2018-10-03,23.979999542236328,23.979999542236328,24.100000381469727,23.940000534057617,24.059999465942383,293050.0
2018-10-04,24.0,24.0,24.1200008392334,23.940000534057617,24.059999465942383,212250.0
2018-10-05,24.059999465942383,24.059999465942383,24.100000381469727,24.0,24.059999465942383,67900.0
2018-10-08,23.780000686645508,23.780000686645508,23.784000396728516,23.65999984741211,23.739999771118164,120650.0
2018-10-09,23.799999237060547,23.799999237060547,23.81999969482422,23.68000030517578,23.760000228881836,40900.0
2018-10-10,23.84000015258789,23.84000015258789,23.860000610351562,23.739999771118164,23.780000686645508,85500.0
2018-10-11,24.440000534057617,24.440000534057617,24.520000457763672,24.11199951171875,24.139999389648438,231400.0
2018-10-12,24.34000015258789,24.34000015258789,24.459999084472656,24.33799934387207,24.440000534057617,97200.0
2018-10-15,24.479999542236328,24.479999542236328,24.600000381469727,24.479999542236328,24.540000915527344,60000.0
2018-10-16,24.479999542236328,24.479999542236328,24.6200008392334,24.479999542236328,24.6200008392334,360750.0
2018-10-17,24.479999542236328,24.479999542236328,24.579999923706055,24.440000534057617,24.5,36550.0
2018-10-18,24.5,24.5,24.600000381469727,24.459999084472656,24.459999084472656,53550.0
2018-10-19,24.520000457763672,24.520000457763672,24.579999923706055,24.5,24.579999923706055,68150.0
2018-10-22,24.459999084472656,24.459999084472656,24.469999313354492,24.399999618530273,24.420000076293945,196650.0
2018-10-23,24.600000381469727,24.600000381469727,24.760000228881836,24.600000381469727,24.760000228881836,250850.0
2018-10-24,24.639999389648438,24.639999389648438,24.65999984741211,24.540000915527344,24.600000381469727,389450.0
2018-10-25,24.579999923706055,24.579999923706055,24.65999984741211,24.559999465942383,24.639999389648438,87800.0
2018-10-26,24.68000030517578,24.68000030517578,24.860000610351562,24.6200008392334,24.700000762939453,326950.0
2018-10-29,24.579999923706055,24.579999923706055,24.6200008392334,24.479999542236328,24.6200008392334,132300.0
2018-10-30,24.440000534057617,24.440000534057617,24.520000457763672,24.440000534057617,24.5,79200.0
2018-10-31,24.31999969482422,24.31999969482422,24.34000015258789,24.239999771118164,24.299999237060547,167400.0
2018-11-01,24.65999984741211,24.65999984741211,24.729999542236328,24.559999465942383,24.600000381469727,598300.0
2018-11-02,24.639999389648438,24.639999389648438,24.700000762939453,24.601999282836914,24.65999984741211,48600.0
2018-11-05,24.600000381469727,24.600000381469727,24.639999389648438,24.559999465942383,24.579999923706055,1363600.0
2018-11-06,24.520000457763672,24.520000457763672,24.6200008392334,24.479999542236328,24.6200008392334,73900.0
2018-11-07,24.520000457763672,24.520000457763672,24.579999923706055,24.479999542236328,24.579999923706055,65350.0
2018-11-08,24.459999084472656,24.459999084472656,24.520000457763672,24.399999618530273,24.479999542236328,180100.0
2018-11-09,24.18000030517578,24.18000030517578,24.239999771118164,24.1200008392334,24.219999313354492,68050.0
2018-11-12,24.0,24.0,24.100000381469727,24.0,24.059999465942383,71350.0
2018-11-13,24.020000457763672,24.020000457763672,24.076000213623047,23.979999542236328,24.040000915527344,76450.0
2018-11-14,24.219999313354492,24.219999313354492,24.299999237060547,23.979999542236328,24.0,38500.0
2018-11-15,24.239999771118164,24.239999771118164,24.299999237060547,24.219999313354492,24.280000686645508,72400.0
2018-11-16,24.420000076293945,24.420000076293945,24.5,24.3799991607666,24.479999542236328,88750.0
2018-11-19,24.459999084472656,24.459999084472656,24.479999542236328,24.399999618530273,24.420000076293945,71950.0
2018-11-20,24.440000534057617,24.440000534057617,24.520000457763672,24.389999389648438,24.520000457763672,30350.0
2018-11-21,24.5,24.5,24.579999923706055,24.479999542236328,24.520000457763672,26750.0
2018-11-23,24.440000534057617,24.440000534057617,24.479999542236328,24.440000534057617,24.479999542236328,7500.0
2018-11-26,24.440000534057617,24.440000534057617,24.5,24.420000076293945,24.5,41050.0
2018-11-27,24.280000686645508,24.280000686645508,24.420000076293945,24.219999313354492,24.420000076293945,94200.0
2018-11-28,24.399999618530273,24.399999618530273,24.520000457763672,24.219999313354492,24.239999771118164,130500.0
2018-11-29,24.459999084472656,24.459999084472656,24.559999465942383,24.440000534057617,24.520000457763672,35400.0
2018-11-30,24.440000534057617,24.440000534057617,24.440000534057617,24.31999969482422,24.399999618530273,231450.0
2018-12-03,24.579999923706055,24.579999923706055,24.68000030517578,24.579999923706055,24.639999389648438,136300.0
2018-12-04,24.760000228881836,24.760000228881836,24.81999969482422,24.719999313354492,24.81999969482422,490550.0
2018-12-06,24.760000228881836,24.760000228881836,24.8799991607666,24.729999542236328,24.84000015258789,86450.0
2018-12-07,24.940000534057617,24.940000534057617,24.979999542236328,24.84000015258789,24.84000015258789,55700.0
2018-12-10,24.8799991607666,24.8799991607666,24.920000076293945,24.829999923706055,24.8799991607666,272750.0
2018-12-11,24.860000610351562,24.860000610351562,24.899999618530273,24.799999237060547,24.8799991607666,108850.0
2018-12-12,24.899999618530273,24.899999618530273,24.920000076293945,24.860000610351562,24.860000610351562,50350.0
2018-12-13,24.84000015258789,24.84000015258789,24.860000610351562,24.799999237060547,24.860000610351562,50750.0
2018-12-14,24.739999771118164,24.739999771118164,24.799999237060547,24.639999389648438,24.65999984741211,54000.0
2018-12-17,24.920000076293945,24.920000076293945,24.950000762939453,24.809999465942383,24.81999969482422,87450.0
2018-12-18,24.959999084472656,24.959999084472656,24.979999542236328,24.920000076293945,24.920000076293945,106450.0
2018-12-19,24.84000015258789,24.84000015258789,25.139999389648438,24.81999969482422,24.979999542236328,243950.0
2018-12-20,25.200000762939453,25.200000762939453,25.31999969482422,25.100000381469727,25.18000030517578,320350.0
2018-12-21,25.100000381469727,25.100000381469727,25.200000762939453,25.06800079345703,25.200000762939453,94500.0
2018-12-24,25.399999618530273,25.399999618530273,25.399999618530273,25.280000686645508,25.280000686645508,420950.0
2018-12-26,25.299999237060547,25.299999237060547,25.559999465942383,25.299999237060547,25.520000457763672,302050.0
2018-12-27,25.479999542236328,25.479999542236328,25.600000381469727,25.399999618530273,25.479999542236328,2615650.0
2018-12-28,25.579999923706055,25.579999923706055,25.600000381469727,25.520000457763672,25.559999465942383,129850.0
2018-12-31,25.639999389648438,25.639999389648438,25.639999389648438,25.559999465942383,25.600000381469727,57350.0
2019-01-02,25.65999984741211,25.65999984741211,25.733999252319336,25.559999465942383,25.65999984741211,253200.0
2019-01-03,25.8799991607666,25.8799991607666,25.899999618530273,25.739999771118164,25.760000228881836,789200.0
2019-01-04,25.68000030517578,25.68000030517578,25.70800018310547,25.520000457763672,25.65999984741211,174450.0
2019-01-07,25.780000686645508,25.780000686645508,25.860000610351562,25.719999313354492,25.860000610351562,95700.0
2019-01-08,25.700000762939453,25.700000762939453,25.719999313354492,25.600000381469727,25.600000381469727,174750.0
2019-01-09,25.860000610351562,25.860000610351562,25.860000610351562,25.68000030517578,25.68000030517578,2118350.0
2019-01-10,25.719999313354492,25.719999313354492,25.81999969482422,25.700000762939453,25.799999237060547,534550.0
2019-01-11,25.739999771118164,25.739999771118164,25.799999237060547,25.719999313354492,25.760000228881836,1541000.0
2019-01-14,25.81999969482422,25.81999969482422,25.84000015258789,25.777999877929688,25.84000015258789,418650.0
2019-01-15,25.739999771118164,25.739999771118164,25.86199951171875,25.719999313354492,25.860000610351562,770000.0
2019-01-16,25.84000015258789,25.84000015258789,25.8799991607666,25.780000686645508,25.81999969482422,156000.0
2019-01-17,25.799999237060547,25.799999237060547,25.84000015258789,25.760000228881836,25.799999237060547,375750.0
2019-01-18,25.579999923706055,25.579999923706055,25.68000030517578,25.579999923706055,25.639999389648438,659250.0
2019-01-22,25.65999984741211,25.65999984741211,25.700000762939453,25.559999465942383,25.6200008392334,885800.0
2019-01-23,25.6200008392334,25.6200008392334,25.694000244140625,25.559999465942383,25.579999923706055,234850.0
2019-01-24,25.600000381469727,25.600000381469727,25.6560001373291,25.559999465942383,25.600000381469727,302850.0
2019-01-25,25.979999542236328,25.979999542236328,25.979999542236328,25.799999237060547,25.81999969482422,455050.0
2019-01-28,26.059999465942383,26.059999465942383,26.059999465942383,25.940000534057617,25.959999084472656,346750.0
2019-01-29,26.200000762939453,26.200000762939453,26.219999313354492,26.118000030517578,26.15999984741211,577050.0
2019-01-30,26.34000015258789,26.34000015258789,26.440000534057617,26.15999984741211,26.18000030517578,94500.0
2019-01-31,26.3700008392334,26.3700008392334,26.479999542236328,26.350000381469727,26.479999542236328,171850.0
2019-02-01,26.31999969482422,26.31999969482422,26.440000534057617,26.299999237060547,26.3799991607666,1515150.0
2019-02-04,26.219999313354492,26.219999313354492,26.280000686645508,26.18000030517578,26.219999313354492,3437050.0
2019-02-05,26.260000228881836,26.260000228881836,26.299999237060547,26.239999771118164,26.299999237060547,1294950.0
2019-02-06,26.100000381469727,26.100000381469727,26.260000228881836,26.100000381469727,26.260000228881836,339200.0
2019-02-07,26.15999984741211,26.15999984741211,26.200000762939453,26.100000381469727,26.200000762939453,326000.0
2019-02-08,26.239999771118164,26.239999771118164,26.280000686645508,26.219999313354492,26.239999771118164,91650.0
2019-02-11,26.1200008392334,26.1200008392334,26.18000030517578,26.040000915527344,26.040000915527344,137750.0
2019-02-12,26.200000762939453,26.200000762939453,26.219999313354492,26.139999389648438,26.219999313354492,80050.0
2019-02-13,26.100000381469727,26.100000381469727,26.31999969482422,26.06999969482422,26.200000762939453,175850.0
2019-02-14,26.219999313354492,26.219999313354492,26.260000228881836,26.1200008392334,26.200000762939453,298100.0
2019-02-15,26.389999389648438,26.389999389648438,26.420000076293945,26.266000747680664,26.360000610351562,464650.0
2019-02-19,26.788000106811523,26.788000106811523,26.799999237060547,26.6299991607666,26.65999984741211,148600.0
2019-02-20,26.760000228881836,26.760000228881836,26.899999618530273,26.719999313354492,26.860000610351562,535600.0
2019-02-21,26.440000534057617,26.440000534057617,26.68000030517578,26.440000534057617,26.65999984741211,505900.0
2019-02-22,26.540000915527344,26.540000915527344,26.628000259399414,26.520000457763672,26.559999465942383,159350.0
2019-02-25,26.520000457763672,26.520000457763672,26.639999389648438,26.479999542236328,26.600000381469727,789100.0
2019-02-26,26.540000915527344,26.540000915527344,26.559999465942383,26.450000762939453,26.520000457763672,205000.0
2019-02-27,26.3799991607666,26.3799991607666,26.479999542236328,26.299999237060547,26.479999542236328,765950.0
2019-02-28,26.239999771118164,26.239999771118164,26.3799991607666,26.219999313354492,26.3799991607666,451350.0
2019-03-01,25.780000686645508,25.780000686645508,26.218000411987305,25.780000686645508,26.1200008392334,772800.0
2019-03-04,25.719999313354492,25.719999313354492,25.760000228881836,25.6200008392334,25.700000762939453,391100.0
2019-03-05,25.739999771118164,25.739999771118164,25.739999771118164,25.591999053955078,25.68000030517578,367900.0
2019-03-06,25.700000762939453,25.700000762939453,25.719999313354492,25.65999984741211,25.68000030517578,271250.0
2019-03-07,25.700000762939453,25.700000762939453,25.719999313354492,25.639999389648438,25.639999389648438,66900.0
2019-03-08,25.959999084472656,25.959999084472656,25.979999542236328,25.8799991607666,25.959999084472656,147950.0
2019-03-11,25.84000015258789,25.84000015258789,25.920000076293945,25.780000686645508,25.920000076293945,156800.0
2019-03-12,26.0,26.0,26.020000457763672,25.881999969482422,25.920000076293945,199350.0
2019-03-13,26.18000030517578,26.18000030517578,26.200000762939453,26.100000381469727,26.139999389648438,166400.0
2019-03-14,25.899999618530273,25.899999618530273,25.920000076293945,25.84000015258789,25.8799991607666,265350.0
2019-03-15,26.020000457763672,26.020000457763672,26.09000015258789,26.0,26.040000915527344,251100.0
2019-03-18,26.040000915527344,26.040000915527344,26.100000381469727,25.993999481201172,26.079999923706055,94800.0
2019-03-19,26.100000381469727,26.100000381469727,26.18000030517578,26.082000732421875,26.15999984741211,251100.0
2019-03-20,26.260000228881836,26.260000228881836,26.299999237060547,25.940000534057617,26.15999984741211,363500.0
2019-03-21,26.139999389648438,26.139999389648438,26.299999237060547,26.030000686645508,26.299999237060547,300400.0
2019-03-22,26.219999313354492,26.219999313354492,26.260000228881836,26.18000030517578,26.200000762939453,177000.0
2019-03-25,26.399999618530273,26.399999618530273,26.45400047302246,26.31999969482422,26.360000610351562,236200.0
2019-03-26,26.280000686645508,26.280000686645508,26.34000015258789,26.239999771118164,26.34000015258789,144050.0
2019-03-27,26.15999984741211,26.15999984741211,26.299999237060547,26.1200008392334,26.299999237060547,197750.0
2019-03-28,25.780000686645508,25.780000686645508,25.8799991607666,25.739999771118164,25.860000610351562,486400.0
2019-03-29,25.81999969482422,25.81999969482422,25.959999084472656,25.799999237060547,25.959999084472656,349500.0
2019-04-01,25.719999313354492,25.719999313354492,25.899999618530273,25.700000762939453,25.899999618530273,763300.0
2019-04-02,25.799999237060547,25.799999237060547,25.799999237060547,25.739999771118164,25.760000228881836,158150.0
2019-04-03,25.760000228881836,25.760000228881836,25.799999237060547,25.719999313354492,25.760000228881836,144300.0
2019-04-04,25.84000015258789,25.84000015258789,25.856000900268555,25.582000732421875,25.6200008392334,158100.0
2019-04-05,25.799999237060547,25.799999237060547,25.81999969482422,25.739999771118164,25.780000686645508,106400.0
2019-04-08,25.920000076293945,25.920000076293945,26.020000457763672,25.899999618530273,26.020000457763672,73200.0
2019-04-09,26.059999465942383,26.059999465942383,26.09000015258789,26.020000457763672,26.079999923706055,250150.0
2019-04-10,26.1200008392334,26.1200008392334,26.18000030517578,26.06999969482422,26.079999923706055,210700.0
2019-04-11,25.799999237060547,25.799999237060547,25.959999084472656,25.760000228881836,25.920000076293945,279000.0
2019-04-12,25.770000457763672,25.770000457763672,25.8700008392334,25.760000228881836,25.799999237060547,110150.0
2019-04-15,25.739999771118164,25.739999771118164,25.780000686645508,25.6200008392334,25.639999389648438,88700.0
2019-04-16,25.479999542236328,25.479999542236328,25.520000457763672,25.440000534057617,25.479999542236328,329150.0
2019-04-17,25.459999084472656,25.459999084472656,25.489999771118164,25.420000076293945,25.479999542236328,140900.0
2019-04-18,25.479999542236328,25.479999542236328,25.492000579833984,25.420000076293945,25.440000534057617,251500.0
2019-04-22,25.479999542236328,25.479999542236328,25.49799919128418,25.440000534057617,25.479999542236328,285300.0
2019-04-23,25.399999618530273,25.399999618530273,25.43400001525879,25.290000915527344,25.299999237060547,1265850.0
2019-04-24,25.479999542236328,25.479999542236328,25.534000396728516,25.393999099731445,25.399999618530273,392350.0
2019-04-25,25.5,25.5,25.615999221801758,25.483999252319336,25.540000915527344,264500.0
2019-04-26,25.65999984741211,25.65999984741211,25.739999771118164,25.639999389648438,25.639999389648438,88700.0
2019-04-29,25.579999923706055,25.579999923706055,25.579999923706055,25.520000457763672,25.579999923706055,135700.0
2019-04-30,25.639999389648438,25.639999389648438,25.65999984741211,25.579999923706055,25.579999923706055,188000.0
2019-05-01,25.479999542236328,25.479999542236328,25.700000762939453,25.420000076293945,25.6200008392334,492450.0
2019-05-02,25.3799991607666,25.3799991607666,25.399999618530273,25.299999237060547,25.31999969482422,610850.0
2019-05-03,25.540000915527344,25.540000915527344,25.6200008392334,25.5,25.520000457763672,1009300.0
2019-05-06,25.579999923706055,25.579999923706055,25.6200008392334,25.510000228881836,25.520000457763672,54500.0
2019-05-07,25.639999389648438,25.639999389648438,25.690000534057617,25.579999923706055,25.579999923706055,154400.0
2019-05-08,25.579999923706055,25.579999923706055,25.719999313354492,25.54400062561035,25.719999313354492,219100.0
2019-05-09,25.65999984741211,25.65999984741211,25.719999313354492,25.559999465942383,25.600000381469727,254050.0
2019-05-10,25.700000762939453,25.700000762939453,25.739999771118164,25.65999984741211,25.700000762939453,326300.0
2019-05-13,25.959999084472656,25.959999084472656,25.983999252319336,25.8799991607666,25.940000534057617,458800.0
2019-05-14,25.899999618530273,25.899999618530273,25.959999084472656,25.84000015258789,25.940000534057617,286800.0
2019-05-15,25.899999618530273,25.899999618530273,25.965999603271484,25.860000610351562,25.940000534057617,703000.0
2019-05-16,25.700000762939453,25.700000762939453,25.81999969482422,25.65999984741211,25.799999237060547,358500.0
2019-05-17,25.540000915527344,25.540000915527344,25.6200008392334,25.465999603271484,25.6200008392334,414750.0
2019-05-20,25.540000915527344,25.540000915527344,25.540000915527344,25.474000930786133,25.5,198550.0
2019-05-21,25.440000534057617,25.440000534057617,25.459999084472656,25.360000610351562,25.399999618530273,273600.0
2019-05-22,25.420000076293945,25.420000076293945,25.479999542236328,25.420000076293945,25.479999542236328,230250.0
2019-05-23,25.6200008392334,25.6200008392334,25.700000762939453,25.540000915527344,25.540000915527344,514100.0
2019-05-24,25.65999984741211,25.65999984741211,25.65999984741211,25.579999923706055,25.639999389648438,324900.0
2019-05-28,25.559999465942383,25.559999465942383,25.56999969482422,25.486000061035156,25.540000915527344,639000.0
2019-05-29,25.559999465942383,25.559999465942383,25.639999389648438,25.559999465942383,25.6200008392334,302150.0
2019-05-30,25.739999771118164,25.739999771118164,25.739999771118164,25.559999465942383,25.579999923706055,152400.0
2019-05-31,26.079999923706055,26.079999923706055,26.100000381469727,25.893999099731445,25.940000534057617,911900.0
2019-06-03,26.459999084472656,26.459999084472656,26.520000457763672,26.219999313354492,26.260000228881836,850800.0
2019-06-04,26.479999542236328,26.479999542236328,26.520000457763672,26.360000610351562,26.420000076293945,522350.0
2019-06-05,26.540000915527344,26.540000915527344,26.739999771118164,26.520000457763672,26.700000762939453,616600.0
2019-06-06,26.6200008392334,26.6200008392334,26.760000228881836,26.6200008392334,26.65999984741211,267750.0
2019-06-07,26.780000686645508,26.780000686645508,26.920000076293945,26.739999771118164,26.81999969482422,585400.0
2019-06-10,26.540000915527344,26.540000915527344,26.559999465942383,26.459999084472656,26.559999465942383,266650.0
2019-06-11,26.479999542236328,26.479999542236328,26.531999588012695,26.420000076293945,26.420000076293945,542300.0
2019-06-12,26.600000381469727,26.600000381469727,26.695999145507812,26.559999465942383,26.559999465942383,417700.0
2019-06-13,26.780000686645508,26.780000686645508,26.81999969482422,26.65999984741211,26.65999984741211,312400.0
2019-06-14,26.780000686645508,26.780000686645508,26.979999542236328,26.719999313354492,26.920000076293945,368150.0
2019-06-17,26.760000228881836,26.760000228881836,26.81999969482422,26.700000762939453,26.81999969482422,433800.0
2019-06-18,26.860000610351562,26.860000610351562,27.020000457763672,26.760000228881836,27.0,964250.0
2019-06-19,27.040000915527344,27.040000915527344,27.059999465942383,26.81999969482422,26.84000015258789,748000.0
2019-06-20,27.760000228881836,27.760000228881836,27.809999465942383,27.559999465942383,27.600000381469727,504750.0
2019-06-21,27.940000534057617,27.940000534057617,27.959999084472656,27.739999771118164,27.899999618530273,300200.0
2019-06-24,28.34000015258789,28.34000015258789,28.360000610351562,28.040000915527344,28.100000381469727,545800.0
2019-06-25,28.399999618530273,28.399999618530273,28.68000030517578,28.200000762939453,28.559999465942383,1008250.0
2019-06-26,28.139999389648438,28.139999389648438,28.256000518798828,28.040000915527344,28.139999389648438,732500.0
2019-06-27,28.1200008392334,28.1200008392334,28.125999450683594,28.0,28.020000457763672,371300.0
2019-06-28,28.18000030517578,28.18000030517578,28.215999603271484,28.079999923706055,28.15999984741211,295950.0
2019-07-01,27.6200008392334,27.6200008392334,27.860000610351562,27.6200008392334,27.81999969482422,791400.0
2019-07-02,28.239999771118164,28.239999771118164,28.260000228881836,27.760000228881836,27.799999237060547,937100.0
2019-07-03,28.299999237060547,28.299999237060547,28.374000549316406,28.200000762939453,28.280000686645508,261350.0
2019-07-05,27.979999542236328,27.979999542236328,28.0,27.700000762939453,27.81999969482422,368050.0
2019-07-08,27.799999237060547,27.799999237060547,27.989999771118164,27.799999237060547,27.979999542236328,274150.0
2019-07-09,27.889999389648438,27.889999389648438,27.95400047302246,27.760000228881836,27.799999237060547,291850.0
2019-07-10,28.299999237060547,28.299999237060547,28.31999969482422,28.040000915527344,28.139999389648438,926400.0
2019-07-11,28.079999923706055,28.079999923706055,28.280000686645508,28.030000686645508,28.239999771118164,693050.0
2019-07-12,28.239999771118164,28.239999771118164,28.299999237060547,28.059999465942383,28.1200008392334,424550.0
2019-07-15,28.239999771118164,28.239999771118164,28.25,28.100000381469727,28.200000762939453,326750.0
2019-07-16,28.040000915527344,28.040000915527344,28.219999313354492,27.979999542236328,28.200000762939453,331150.0
2019-07-17,28.469999313354492,28.469999313354492,28.479999542236328,28.139999389648438,28.15999984741211,691350.0
2019-07-18,28.860000610351562,28.860000610351562,28.917999267578125,28.290000915527344,28.34000015258789,1101950.0
2019-07-19,28.459999084472656,28.459999084472656,28.799999237060547,28.341999053955078,28.68000030517578,872100.0
2019-07-22,28.440000534057617,28.440000534057617,28.535999298095703,28.42799949645996,28.479999542236328,642600.0
2019-07-23,28.280000686645508,28.280000686645508,28.555999755859375,28.27199935913086,28.459999084472656,493650.0
2019-07-24,28.420000076293945,28.420000076293945,28.520000457763672,28.3700008392334,28.5,384150.0
2019-07-25,28.239999771118164,28.239999771118164,28.420000076293945,28.166000366210938,28.420000076293945,434700.0
2019-07-26,28.299999237060547,28.299999237060547,28.420000076293945,28.280000686645508,28.420000076293945,254250.0
2019-07-29,28.479999542236328,28.479999542236328,28.520000457763672,28.260000228881836,28.3799991607666,437750.0
2019-07-30,28.559999465942383,28.559999465942383,28.600000381469727,28.444000244140625,28.540000915527344,662850.0
2019-07-31,28.195999145507812,28.195999145507812,28.6200008392334,28.15999984741211,28.559999465942383,729500.0
2019-08-01,28.860000610351562,28.860000610351562,28.86400032043457,28.020000457763672,28.040000915527344,692150.0
2019-08-02,28.760000228881836,28.760000228881836,28.899999618530273,28.65999984741211,28.65999984741211,785250.0
2019-08-05,29.18000030517578,29.18000030517578,29.34000015258789,29.020000457763672,29.200000762939453,789650.0
2019-08-06,29.399999618530273,29.399999618530273,29.420000076293945,29.214000701904297,29.280000686645508,447800.0
2019-08-07,29.84000015258789,29.84000015258789,30.149999618530273,29.81999969482422,29.899999618530273,3964350.0
2019-08-08,30.0,30.0,30.1299991607666,29.780000686645508,29.81999969482422,645300.0
2019-08-09,29.899999618530273,29.899999618530273,30.040000915527344,29.84000015258789,29.920000076293945,401750.0
2019-08-12,30.15999984741211,30.15999984741211,30.329999923706055,29.979999542236328,29.979999542236328,619800.0
2019-08-13,30.0,30.0,30.34000015258789,29.540000915527344,30.299999237060547,1966550.0
2019-08-14,30.239999771118164,30.239999771118164,30.420000076293945,30.059999465942383,30.260000228881836,1280950.0
2019-08-15,30.399999618530273,30.399999618530273,30.479999542236328,30.194000244140625,30.280000686645508,788700.0
2019-08-16,30.219999313354492,30.219999313354492,30.290000915527344,30.020000457763672,30.219999313354492,502100.0
2019-08-19,29.860000610351562,29.860000610351562,30.020000457763672,29.81999969482422,29.920000076293945,484700.0
2019-08-20,30.100000381469727,30.100000381469727,30.110000610351562,29.979999542236328,30.020000457763672,529650.0
2019-08-21,30.0,30.0,30.09000015258789,29.959999084472656,29.979999542236328,288000.0
2019-08-22,29.920000076293945,29.920000076293945,30.020000457763672,29.88800048828125,29.920000076293945,351250.0
2019-08-23,30.520000457763672,30.520000457763672,30.540000915527344,29.979999542236328,30.040000915527344,665100.0
2019-08-26,30.5,30.5,30.700000762939453,30.468000411987305,30.579999923706055,463950.0
2019-08-27,30.780000686645508,30.780000686645508,30.84000015258789,30.540000915527344,30.559999465942383,618600.0
2019-08-28,30.719999313354492,30.719999313354492,30.84000015258789,30.61199951171875,30.780000686645508,499550.0
2019-08-29,30.520000457763672,30.520000457763672,30.799999237060547,30.34000015258789,30.799999237060547,787400.0
2019-08-30,30.399999618530273,30.399999618530273,30.579999923706055,30.299999237060547,30.459999084472656,715950.0
2019-09-03,30.860000610351562,30.860000610351562,30.93000030517578,30.639999389648438,30.700000762939453,850750.0
2019-09-04,31.020000457763672,31.020000457763672,31.079999923706055,30.799999237060547,30.799999237060547,958000.0
2019-09-05,30.31999969482422,30.31999969482422,30.700000762939453,30.059999465942383,30.700000762939453,1074500.0
2019-09-06,30.040000915527344,30.040000915527344,30.5,30.030000686645508,30.399999618530273,724100.0
2019-09-09,29.940000534057617,29.940000534057617,30.15999984741211,29.899999618530273,30.1200008392334,217150.0
2019-09-10,29.65999984741211,29.65999984741211,29.940000534057617,29.65999984741211,29.899999618530273,409500.0
2019-09-11,29.860000610351562,29.860000610351562,29.90999984741211,29.700000762939453,29.719999313354492,311100.0
2019-09-12,29.920000076293945,29.920000076293945,30.299999237060547,29.8799991607666,30.219999313354492,681450.0
2019-09-13,29.68000030517578,29.68000030517578,30.059999465942383,29.65999984741211,30.020000457763672,476850.0
2019-09-16,29.920000076293945,29.920000076293945,30.059999465942383,29.84000015258789,29.979999542236328,382350.0
2019-09-17,30.0,30.0,30.079999923706055,29.899999618530273,30.020000457763672,269050.0
2019-09-18,29.780000686645508,29.780000686645508,30.15999984741211,29.6200008392334,30.040000915527344,789200.0
2019-09-19,29.920000076293945,29.920000076293945,30.0,29.875999450683594,29.979999542236328,690400.0
2019-09-20,30.260000228881836,30.260000228881836,30.280000686645508,29.950000762939453,29.979999542236328,1298050.0
2019-09-23,30.420000076293945,30.420000076293945,30.459999084472656,30.280000686645508,30.31999969482422,445800.0
2019-09-24,30.600000381469727,30.600000381469727,30.649999618530273,30.260000228881836,30.31999969482422,812850.0
2019-09-25,30.040000915527344,30.040000915527344,30.540000915527344,29.959999084472656,30.5,510050.0
2019-09-26,30.040000915527344,30.040000915527344,30.18000030517578,29.979999542236328,30.1200008392334,703300.0
2019-09-27,29.8799991607666,29.8799991607666,29.989999771118164,29.68000030517578,29.719999313354492,728850.0
2019-09-30,29.399999618530273,29.399999618530273,29.68000030517578,29.229999542236328,29.600000381469727,1294400.0
2019-10-01,29.540000915527344,29.540000915527344,29.670000076293945,29.18000030517578,29.239999771118164,1295200.0
2019-10-02,29.899999618530273,29.899999618530273,30.040000915527344,29.75,29.81999969482422,845150.0
2019-10-03,30.040000915527344,30.040000915527344,30.31999969482422,29.920000076293945,29.920000076293945,700700.0
2019-10-04,30.040000915527344,30.040000915527344,30.1299991607666,29.899999618530273,29.959999084472656,638800.0
2019-10-07,29.799999237060547,29.799999237060547,30.020000457763672,29.700000762939453,29.899999618530273,461650.0
2019-10-08,30.040000915527344,30.040000915527344,30.1200008392334,29.899999618530273,30.059999465942383,763500.0
2019-10-09,30.079999923706055,30.079999923706055,30.18000030517578,30.0,30.1200008392334,400700.0
2019-10-10,29.81999969482422,29.81999969482422,29.979999542236328,29.770000457763672,29.979999542236328,480250.0
2019-10-11,29.639999389648438,29.639999389648438,29.739999771118164,29.420000076293945,29.639999389648438,906150.0
2019-10-14,29.780000686645508,29.780000686645508,29.81999969482422,29.719999313354492,29.760000228881836,274200.0
2019-10-15,29.540000915527344,29.540000915527344,29.700000762939453,29.479999542236328,29.700000762939453,353450.0
2019-10-16,29.739999771118164,29.739999771118164,29.757999420166016,29.579999923706055,29.68000030517578,445000.0
2019-10-17,29.760000228881836,29.760000228881836,29.8700008392334,29.739999771118164,29.760000228881836,602000.0
2019-10-18,29.760000228881836,29.760000228881836,29.79199981689453,29.719999313354492,29.760000228881836,360900.0
2019-10-21,29.600000381469727,29.600000381469727,29.81999969482422,29.559999465942383,29.799999237060547,350650.0
2019-10-22,29.700000762939453,29.700000762939453,29.714000701904297,29.59000015258789,29.68000030517578,353350.0
2019-10-23,29.780000686645508,29.780000686645508,29.84600067138672,29.760000228881836,29.780000686645508,518000.0
2019-10-24,29.959999084472656,29.959999084472656,30.020000457763672,29.854000091552734,29.860000610351562,473100.0
2019-10-25,30.020000457763672,30.020000457763672,30.239999771118164,29.950000762939453,30.239999771118164,387400.0
2019-10-28,29.799999237060547,29.799999237060547,29.920000076293945,29.72599983215332,29.920000076293945,364200.0
2019-10-29,29.700000762939453,29.700000762939453,29.760000228881836,29.600000381469727,29.65999984741211,378550.0
2019-10-30,29.860000610351562,29.860000610351562,29.874000549316406,29.559999465942383,29.760000228881836,1331900.0
2019-10-31,30.18000030517578,30.18000030517578,30.214000701904297,30.059999465942383,30.059999465942383,511700.0
2019-11-01,30.18000030517578,30.18000030517578,30.260000228881836,30.079999923706055,30.1200008392334,498750.0
2019-11-04,30.079999923706055,30.079999923706055,30.170000076293945,30.020000457763672,30.1200008392334,624650.0
2019-11-05,29.6200008392334,29.6200008392334,29.829999923706055,29.520000457763672,29.799999237060547,587900.0
2019-11-06,29.760000228881836,29.760000228881836,29.812000274658203,29.652000427246094,29.68000030517578,429800.0
2019-11-07,29.280000686645508,29.280000686645508,29.700000762939453,29.139999389648438,29.68000030517578,1036800.0
2019-11-08,29.100000381469727,29.100000381469727,29.299999237060547,29.100000381469727,29.18000030517578,829400.0
2019-11-11,29.020000457763672,29.020000457763672,29.18000030517578,28.908000946044922,29.139999389648438,438400.0
2019-11-12,29.100000381469727,29.100000381469727,29.149999618530273,28.860000610351562,29.040000915527344,289150.0
2019-11-13,29.219999313354492,29.219999313354492,29.270000457763672,29.139999389648438,29.200000762939453,497950.0
2019-11-14,29.34000015258789,29.34000015258789,29.420000076293945,29.219999313354492,29.31999969482422,387400.0
2019-11-15,29.280000686645508,29.280000686645508,29.31999969482422,29.219999313354492,29.219999313354492,185400.0
2019-11-18,29.3799991607666,29.3799991607666,29.40999984741211,29.288000106811523,29.34000015258789,372500.0
2019-11-19,29.360000610351562,29.360000610351562,29.440000534057617,29.260000228881836,29.260000228881836,615850.0
2019-11-20,29.399999618530273,29.399999618530273,29.440000534057617,29.239999771118164,29.34000015258789,803300.0
2019-11-21,29.239999771118164,29.239999771118164,29.34000015258789,29.18000030517578,29.31999969482422,390700.0
2019-11-22,29.18000030517578,29.18000030517578,29.31999969482422,29.15999984741211,29.31999969482422,536550.0
2019-11-25,29.020000457763672,29.020000457763672,29.134000778198242,29.0,29.079999923706055,254100.0
2019-11-26,29.18000030517578,29.18000030517578,29.18000030517578,28.940000534057617,29.031999588012695,472750.0
2019-11-27,29.020000457763672,29.020000457763672,29.059999465942383,28.979999542236328,29.040000915527344,237100.0
2019-11-29,29.219999313354492,29.219999313354492,29.260000228881836,29.030000686645508,29.040000915527344,240550.0
2019-12-02,29.200000762939453,29.200000762939453,29.229999542236328,29.100000381469727,29.100000381469727,781900.0
2019-12-03,29.479999542236328,29.479999542236328,29.559999465942383,29.43199920654297,29.440000534057617,586900.0
2019-12-04,29.420000076293945,29.420000076293945,29.479999542236328,29.360000610351562,29.479999542236328,864450.0
2019-12-05,29.459999084472656,29.459999084472656,29.540000915527344,29.3799991607666,29.3799991607666,783200.0
2019-12-06,29.139999389648438,29.139999389648438,29.200000762939453,29.100000381469727,29.18000030517578,592200.0
2019-12-09,29.139999389648438,29.139999389648438,29.200000762939453,29.100000381469727,29.200000762939453,278000.0
2019-12-10,29.219999313354492,29.219999313354492,29.290000915527344,29.17799949645996,29.290000915527344,2818150.0
2019-12-11,29.440000534057617,29.440000534057617,29.5,29.260000228881836,29.280000686645508,207450.0
2019-12-12,29.31999969482422,29.31999969482422,29.6200008392334,29.219999313354492,29.6200008392334,1050100.0
2019-12-13,29.459999084472656,29.459999084472656,29.479999542236328,29.239999771118164,29.360000610351562,276300.0
2019-12-16,29.440000534057617,29.440000534057617,29.520000457763672,29.399999618530273,29.5,187150.0
2019-12-17,29.440000534057617,29.440000534057617,29.479999542236328,29.420000076293945,29.459999084472656,209400.0
2019-12-18,29.420000076293945,29.420000076293945,29.489999771118164,29.399999618530273,29.420000076293945,223550.0
2019-12-19,29.510000228881836,29.510000228881836,29.549999237060547,29.420000076293945,29.459999084472656,243400.0
2019-12-20,29.479999542236328,29.479999542236328,29.540000915527344,29.440000534057617,29.540000915527344,179050.0
2019-12-23,29.6200008392334,29.6200008392334,29.649999618530273,29.559999465942383,29.559999465942383,132750.0
2019-12-24,29.920000076293945,29.920000076293945,29.93199920654297,29.760000228881836,29.760000228881836,242150.0
2019-12-26,30.15999984741211,30.15999984741211,30.18000030517578,30.06399917602539,30.100000381469727,357400.0
2019-12-27,30.139999389648438,30.139999389648438,30.233999252319336,30.1200008392334,30.139999389648438,131100.0
2019-12-30,30.239999771118164,30.239999771118164,30.25,30.191999435424805,30.219999313354492,229600.0
2019-12-31,30.280000686645508,30.280000686645508,30.420000076293945,30.25,30.34000015258789,689950.0
2020-01-02,30.5,30.5,30.540000915527344,30.3799991607666,30.479999542236328,1499350.0
2020-01-03,30.899999618530273,30.899999618530273,30.979999542236328,30.799999237060547,30.8799991607666,812550.0
2020-01-06,31.239999771118164,31.239999771118164,31.459999084472656,31.139999389648438,31.420000076293945,832300.0
2020-01-07,31.360000610351562,31.360000610351562,31.3799991607666,31.239999771118164,31.280000686645508,319600.0
2020-01-08,31.1200008392334,31.1200008392334,31.47800064086914,30.969999313354492,31.459999084472656,1608850.0
2020-01-09,30.920000076293945,30.920000076293945,31.01799964904785,30.81999969482422,30.959999084472656,765850.0
2020-01-10,31.139999389648438,31.139999389648438,31.139999389648438,30.97800064086914,31.0,463000.0
2020-01-13,30.899999618530273,30.899999618530273,31.020000457763672,30.8799991607666,31.020000457763672,594500.0
2020-01-14,30.860000610351562,30.860000610351562,30.889999389648438,30.739999771118164,30.81999969482422,454000.0
2020-01-15,31.040000915527344,31.040000915527344,31.079999923706055,30.8799991607666,30.959999084472656,351650.0
2020-01-16,31.0,31.0,31.038000106811523,30.8799991607666,30.979999542236328,380150.0
2020-01-17,31.040000915527344,31.040000915527344,31.139999389648438,31.00200080871582,31.040000915527344,335050.0
2020-01-21,31.100000381469727,31.100000381469727,31.100000381469727,30.851999282836914,30.899999618530273,392750.0
2020-01-22,31.079999923706055,31.079999923706055,31.100000381469727,31.016000747680664,31.079999923706055,395700.0
2020-01-23,31.18000030517578,31.18000030517578,31.280000686645508,31.06999969482422,31.079999923706055,2587800.0
2020-01-24,31.34000015258789,31.34000015258789,31.420000076293945,31.1200008392334,31.1200008392334,572700.0
2020-01-27,31.559999465942383,31.559999465942383,31.639999389648438,31.450000762939453,31.6200008392334,544150.0
2020-01-28,31.280000686645508,31.280000686645508,31.469999313354492,31.260000228881836,31.420000076293945,530650.0
2020-01-29,31.440000534057617,31.440000534057617,31.479999542236328,31.260000228881836,31.299999237060547,711950.0
2020-01-30,31.459999084472656,31.459999084472656,31.624000549316406,31.360000610351562,31.5,1697200.0
2020-01-31,31.65999984741211,31.65999984741211,31.709999084472656,31.538000106811523,31.540000915527344,1120550.0
2020-02-03,31.440000534057617,31.440000534057617,31.510000228881836,31.299999237060547,31.5,1554700.0
2020-02-04,31.0,31.0,31.15399932861328,30.899999618530273,31.139999389648438,895800.0
2020-02-05,31.040000915527344,31.040000915527344,31.110000610351562,30.959999084472656,31.0,707350.0
2020-02-06,31.219999313354492,31.219999313354492,31.260000228881836,31.149999618530273,31.200000762939453,423150.0
2020-02-07,31.31999969482422,31.31999969482422,31.389999389648438,31.219999313354492,31.31999969482422,499150.0
2020-02-10,31.399999618530273,31.399999618530273,31.459999084472656,31.34000015258789,31.420000076293945,338100.0
2020-02-11,31.280000686645508,31.280000686645508,31.3799991607666,31.15999984741211,31.3799991607666,422750.0
2020-02-12,31.239999771118164,31.239999771118164,31.31999969482422,31.18400001525879,31.239999771118164,254300.0
2020-02-13,31.420000076293945,31.420000076293945,31.479999542236328,31.360000610351562,31.420000076293945,561500.0
2020-02-14,31.579999923706055,31.579999923706055,31.600000381469727,31.5,31.520000457763672,221150.0
2020-02-18,31.979999542236328,31.979999542236328,32.00600051879883,31.68000030517578,31.760000228881836,414250.0
2020-02-19,32.15999984741211,32.15999984741211,32.18000030517578,31.959999084472656,32.0,389050.0
2020-02-20,32.279998779296875,32.279998779296875,32.380001068115234,32.20000076293945,32.220001220703125,465150.0
2020-02-21,32.79999923706055,32.79999923706055,32.89799880981445,32.678001403808594,32.720001220703125,1105750.0
2020-02-24,33.099998474121094,33.099998474121094,33.599998474121094,32.91999816894531,33.560001373291016,2224750.0
2020-02-25,32.52000045776367,32.52000045776367,33.06999969482422,32.41999816894531,32.880001068115234,2726550.0
2020-02-26,32.65999984741211,32.65999984741211,32.900001525878906,32.41999816894531,32.619998931884766,2182600.0
2020-02-27,32.63999938964844,32.63999938964844,33.119998931884766,32.619998931884766,32.97999954223633,2067800.0
2020-02-28,31.479999542236328,31.479999542236328,32.380001068115234,31.16200065612793,32.36000061035156,4268600.0
2020-03-02,31.6200008392334,31.6200008392334,31.940000534057617,31.600000381469727,31.780000686645508,1768600.0
2020-03-03,32.619998931884766,32.619998931884766,32.880001068115234,31.95400047302246,31.979999542236328,2671650.0
2020-03-04,32.65999984741211,32.65999984741211,32.810001373291016,32.58000183105469,32.720001220703125,1309500.0
2020-03-05,33.36000061035156,33.36000061035156,33.400001525878906,33.0099983215332,33.08000183105469,1132700.0
2020-03-06,33.380001068115234,33.380001068115234,33.7400016784668,32.7599983215332,33.560001373291016,2408550.0
2020-03-09,33.47999954223633,33.47999954223633,33.720001220703125,33.13999938964844,33.619998931884766,1464100.0
2020-03-10,32.7599983215332,32.7599983215332,33.13999938964844,32.7599983215332,33.119998931884766,1750050.0
2020-03-11,32.63999938964844,32.63999938964844,33.15999984741211,32.560001373291016,33.13999938964844,1108150.0
2020-03-12,31.31999969482422,31.31999969482422,32.099998474121094,31.139999389648438,32.099998474121094,2616900.0
2020-03-13,30.3799991607666,30.3799991607666,31.700000762939453,30.020000457763672,31.65999984741211,3114500.0
2020-03-16,30.079999923706055,30.079999923706055,30.288000106811523,28.760000228881836,29.18000030517578,1712050.0
2020-03-17,30.479999542236328,30.479999542236328,30.979999542236328,29.68000030517578,29.700000762939453,1525600.0
2020-03-18,29.81999969482422,29.81999969482422,30.280000686645508,29.399999618530273,30.020000457763672,3820200.0
2020-03-19,29.280000686645508,29.280000686645508,29.780000686645508,29.239999771118164,29.459999084472656,2048050.0
2020-03-20,29.719999313354492,29.719999313354492,29.90999984741211,29.5,29.81999969482422,1340800.0
2020-03-23,31.0,31.0,31.139999389648438,30.15999984741211,30.219999313354492,1868200.0
2020-03-24,32.5,32.5,32.7400016784668,32.040000915527344,32.7400016784668,1069650.0
2020-03-25,32.099998474121094,32.099998474121094,32.34000015258789,32.02000045776367,32.2400016784668,1004300.0
2020-03-26,32.560001373291016,32.560001373291016,32.779998779296875,32.257999420166016,32.65999984741211,776700.0
2020-03-27,32.34000015258789,32.34000015258789,32.540000915527344,32.2400016784668,32.41999816894531,1584650.0
2020-03-30,32.380001068115234,32.380001068115234,32.439998626708984,32.13999938964844,32.34000015258789,531950.0
2020-03-31,31.440000534057617,31.440000534057617,32.172000885009766,31.420000076293945,32.08000183105469,8585650.0
2020-04-01,31.68000030517578,31.68000030517578,31.799999237060547,31.308000564575195,31.459999084472656,841450.0
2020-04-02,32.220001220703125,32.220001220703125,32.31999969482422,31.920000076293945,31.979999542236328,1014500.0
2020-04-03,32.41999816894531,32.41999816894531,32.439998626708984,32.13999938964844,32.2599983215332,3143550.0
2020-04-06,33.220001220703125,33.220001220703125,33.29999923706055,32.619998931884766,32.65999984741211,641150.0
2020-04-07,33.13999938964844,33.13999938964844,33.15999984741211,32.7400016784668,32.91999816894531,5290650.0
2020-04-08,32.81999969482422,32.81999969482422,33.040000915527344,32.779998779296875,32.959999084472656,540750.0
2020-04-09,33.58000183105469,33.58000183105469,33.720001220703125,33.31999969482422,33.439998626708984,645550.0
2020-04-13,34.279998779296875,34.279998779296875,34.380001068115234,33.63999938964844,33.70000076293945,938400.0
2020-04-14,34.47999954223633,34.47999954223633,34.86000061035156,34.31999969482422,34.5,1144450.0
2020-04-15,34.41999816894531,34.41999816894531,34.45000076293945,34.0880012512207,34.29999923706055,607200.0
2020-04-16,34.29999923706055,34.29999923706055,34.58599853515625,34.060001373291016,34.31999969482422,1065350.0
2020-04-17,33.58000183105469,33.58000183105469,33.91999816894531,33.52000045776367,33.880001068115234,759600.0
2020-04-20,33.84000015258789,33.84000015258789,33.959999084472656,33.540000915527344,33.65999984741211,512350.0
2020-04-21,33.619998931884766,33.619998931884766,33.7400016784668,33.279998779296875,33.36000061035156,705800.0
2020-04-22,34.2400016784668,34.2400016784668,34.29999923706055,34.0,34.040000915527344,1122150.0
2020-04-23,34.540000915527344,34.540000915527344,34.66999816894531,34.31999969482422,34.439998626708984,884650.0
2020-04-24,34.5,34.5,34.619998931884766,34.11000061035156,34.599998474121094,504800.0
2020-04-27,34.29999923706055,34.29999923706055,34.31999969482422,34.029998779296875,34.31999969482422,325850.0
2020-04-28,34.099998474121094,34.099998474121094,34.13999938964844,33.7400016784668,34.13999938964844,734600.0
2020-04-29,34.2400016784668,34.2400016784668,34.279998779296875,33.86000061035156,33.959999084472656,1147100.0
2020-04-30,33.68000030517578,33.68000030517578,34.060001373291016,33.52000045776367,33.939998626708984,2960900.0
2020-05-01,33.91999816894531,33.91999816894531,34.02000045776367,33.439998626708984,33.439998626708984,548050.0
2020-05-04,33.97999954223633,33.97999954223633,34.119998931884766,33.895999908447266,34.0,786500.0
2020-05-05,34.13999938964844,34.13999938964844,34.150001525878906,33.790000915527344,33.959999084472656,700100.0
2020-05-06,33.720001220703125,33.720001220703125,33.86000061035156,33.540000915527344,33.70000076293945,771700.0
2020-05-07,34.220001220703125,34.220001220703125,34.34000015258789,33.790000915527344,33.84000015258789,2303600.0
2020-05-08,34.040000915527344,34.040000915527344,34.31999969482422,33.939998626708984,34.15999984741211,633700.0
2020-05-11,33.84000015258789,33.84000015258789,34.06999969482422,33.720001220703125,34.0,1199600.0
2020-05-12,33.939998626708984,33.939998626708984,34.119998931884766,33.83000183105469,34.0,10233250.0
2020-05-13,34.2400016784668,34.2400016784668,34.2599983215332,34.02000045776367,34.099998474121094,627300.0
2020-05-14,34.560001373291016,34.560001373291016,34.630001068115234,34.2400016784668,34.2599983215332,776300.0
2020-05-15,34.79999923706055,34.79999923706055,34.91999816894531,34.59000015258789,34.7599983215332,688350.0
2020-05-18,34.540000915527344,34.540000915527344,34.900001525878906,34.439998626708984,34.84000015258789,962000.0
2020-05-19,34.81999969482422,34.81999969482422,34.86000061035156,34.56800079345703,34.70000076293945,1542000.0
2020-05-20,34.900001525878906,34.900001525878906,34.97999954223633,34.7599983215332,34.880001068115234,1634450.0
2020-05-21,34.41999816894531,34.41999816894531,34.68000030517578,34.2400016784668,34.68000030517578,1597250.0
2020-05-22,34.619998931884766,34.619998931884766,34.65999984741211,34.5,34.540000915527344,2681500.0
2020-05-26,34.13999938964844,34.13999938964844,34.459999084472656,34.060001373291016,34.459999084472656,1148100.0
2020-05-27,34.15999984741211,34.15999984741211,34.20000076293945,33.763999938964844,33.79999923706055,886950.0
2020-05-28,34.29999923706055,34.29999923706055,34.439998626708984,34.119998931884766,34.36000061035156,1100800.0
2020-05-29,34.540000915527344,34.540000915527344,34.65999984741211,34.41999816894531,34.5,1268950.0
2020-06-01,34.68000030517578,34.68000030517578,34.72999954223633,34.439998626708984,34.540000915527344,868950.0
2020-06-02,34.47999954223633,34.47999954223633,34.779998779296875,34.31999969482422,34.7599983215332,841350.0
2020-06-03,33.86000061035156,33.86000061035156,34.13999938964844,33.68000030517578,34.02000045776367,1853100.0
2020-06-04,34.220001220703125,34.220001220703125,34.31999969482422,33.90599822998047,34.18000030517578,503100.0
2020-06-05,33.5,33.5,33.65999984741211,33.29999923706055,33.619998931884766,949650.0
2020-06-08,33.84000015258789,33.84000015258789,33.900001525878906,33.61199951171875,33.70000076293945,1229850.0
2020-06-09,34.18000030517578,34.18000030517578,34.31999969482422,34.119998931884766,34.13999938964844,2609650.0
2020-06-10,34.68000030517578,34.68000030517578,34.70000076293945,34.060001373291016,34.380001068115234,702200.0
2020-06-11,34.459999084472656,34.459999084472656,34.79999923706055,34.36000061035156,34.63999938964844,1163950.0
2020-06-12,34.52000045776367,34.52000045776367,34.77000045776367,34.47999954223633,34.65999984741211,928500.0
2020-06-15,34.400001525878906,34.400001525878906,34.52000045776367,33.959999084472656,34.52000045776367,462950.0
2020-06-16,34.400001525878906,34.400001525878906,34.5,34.2400016784668,34.31999969482422,834850.0
2020-06-17,34.47999954223633,34.47999954223633,34.5,34.29999923706055,34.380001068115234,1468400.0
2020-06-18,34.400001525878906,34.400001525878906,34.41999816894531,34.220001220703125,34.41999816894531,251500.0
2020-06-19,34.779998779296875,34.779998779296875,34.790000915527344,34.52000045776367,34.52000045776367,1373200.0
2020-06-22,35.02000045776367,35.02000045776367,35.13999938964844,34.880001068115234,35.0,701600.0
2020-06-23,35.279998779296875,35.279998779296875,35.29999923706055,35.099998474121094,35.15999984741211,978850.0
2020-06-24,35.220001220703125,35.220001220703125,35.400001525878906,35.08000183105469,35.20000076293945,1593400.0
2020-06-25,35.18000030517578,35.18000030517578,35.20000076293945,35.040000915527344,35.20000076293945,1432350.0
2020-06-26,35.29999923706055,35.29999923706055,35.34000015258789,34.84000015258789,34.959999084472656,1598550.0
2020-06-29,35.31999969482422,35.31999969482422,35.36000061035156,35.2400016784668,35.34000015258789,864900.0
2020-06-30,35.52000045776367,35.52000045776367,35.599998474121094,35.2400016784668,35.279998779296875,1866050.0
2020-07-01,35.34000015258789,35.34000015258789,35.439998626708984,35.071998596191406,35.439998626708984,1529600.0
2020-07-02,35.41999816894531,35.41999816894531,35.47999954223633,35.20000076293945,35.2599983215332,851000.0
2020-07-06,35.599998474121094,35.599998474121094,35.63999938964844,35.459999084472656,35.599998474121094,553050.0
2020-07-07,35.84000015258789,35.84000015258789,35.84000015258789,35.5,35.52000045776367,823850.0
2020-07-08,36.099998474121094,36.099998474121094,36.2400016784668,36.02000045776367,36.13999938964844,1033450.0
2020-07-09,35.97999954223633,35.97999954223633,36.20000076293945,35.79999923706055,36.18000030517578,954250.0
2020-07-10,35.900001525878906,35.900001525878906,36.08000183105469,35.75600051879883,36.060001373291016,712000.0
2020-07-13,35.900001525878906,35.900001525878906,36.150001525878906,35.900001525878906,36.13999938964844,903800.0
2020-07-14,36.099998474121094,36.099998474121094,36.099998474121094,35.79999923706055,35.84000015258789,493000.0
2020-07-15,36.119998931884766,36.119998931884766,36.13999938964844,35.92599868774414,35.97999954223633,510750.0
2020-07-16,35.79999923706055,35.79999923706055,36.060001373291016,35.779998779296875,36.02000045776367,1208200.0
2020-07-17,36.08000183105469,36.08000183105469,36.119998931884766,35.97999954223633,36.060001373291016,565400.0
2020-07-20,36.279998779296875,36.279998779296875,36.279998779296875,36.119998931884766,36.220001220703125,856000.0
2020-07-21,36.70000076293945,36.70000076293945,36.7400016784668,36.54999923706055,36.599998474121094,2796050.0
2020-07-22,37.279998779296875,37.279998779296875,37.279998779296875,36.86000061035156,36.939998626708984,1005550.0
2020-07-23,37.58000183105469,37.58000183105469,37.84000015258789,37.2599983215332,37.380001068115234,1204850.0
2020-07-24,37.959999084472656,37.959999084472656,38.0,37.81999969482422,38.0,2282450.0
2020-07-27,38.65999984741211,38.65999984741211,38.779998779296875,38.52000045776367,38.58000183105469,1997050.0
2020-07-28,39.0,39.0,39.08000183105469,38.47999954223633,38.619998931884766,1279050.0
2020-07-29,39.29999923706055,39.29999923706055,39.47999954223633,38.68199920654297,39.060001373291016,1531100.0
2020-07-30,38.959999084472656,38.959999084472656,39.119998931884766,38.630001068115234,38.900001525878906,969500.0
2020-07-31,39.380001068115234,39.380001068115234,39.400001525878906,39.060001373291016,39.15999984741211,2631600.0
2020-08-03,39.400001525878906,39.400001525878906,39.41999816894531,39.066001892089844,39.2599983215332,1828900.0
2020-08-04,40.220001220703125,40.220001220703125,40.220001220703125,39.29999923706055,39.380001068115234,1252400.0
2020-08-05,40.619998931884766,40.619998931884766,40.95399856567383,40.41999816894531,40.65999984741211,2582300.0
2020-08-06,41.13999938964844,41.13999938964844,41.257999420166016,40.849998474121094,41.099998474121094,1915200.0
2020-08-07,40.459999084472656,40.459999084472656,40.93000030517578,40.16999816894531,40.880001068115234,2246900.0
2020-08-10,40.34000015258789,40.34000015258789,40.86000061035156,40.2400016784668,40.58000183105469,1435350.0
2020-08-11,38.20000076293945,38.20000076293945,39.02000045776367,38.08000183105469,38.939998626708984,4005350.0
2020-08-12,38.040000915527344,38.040000915527344,38.84000015258789,38.0,38.7599983215332,1952700.0
2020-08-13,38.91999816894531,38.91999816894531,39.18000030517578,38.47999954223633,38.540000915527344,1332750.0
2020-08-14,38.7400016784668,38.7400016784668,38.970001220703125,38.5,38.91999816894531,678850.0
2020-08-17,39.560001373291016,39.560001373291016,39.6619987487793,39.17599868774414,39.20000076293945,945600.0
2020-08-18,39.939998626708984,39.939998626708984,40.172000885009766,39.380001068115234,40.13999938964844,1033500.0
2020-08-19,38.68000030517578,38.68000030517578,39.7599983215332,38.540000915527344,39.7400016784668,1635600.0
2020-08-20,38.91999816894531,38.91999816894531,38.959999084472656,38.380001068115234,38.459999084472656,1028650.0
2020-08-21,38.619998931884766,38.619998931884766,38.779998779296875,38.29999923706055,38.619998931884766,1108350.0
2020-08-24,38.380001068115234,38.380001068115234,38.79999923706055,38.31999969482422,38.779998779296875,702350.0
2020-08-25,38.41999816894531,38.41999816894531,38.439998626708984,38.13999938964844,38.380001068115234,1634350.0
2020-08-26,38.91999816894531,38.91999816894531,38.939998626708984,38.220001220703125,38.220001220703125,1054600.0
2020-08-27,38.439998626708984,38.439998626708984,39.279998779296875,38.060001373291016,39.2599983215332,1941250.0
2020-08-28,39.119998931884766,39.119998931884766,39.31999969482422,38.9119987487793,39.040000915527344,1178850.0
2020-08-31,39.220001220703125,39.220001220703125,39.34000015258789,39.099998474121094,39.220001220703125,917250.0
2020-09-01,39.2599983215332,39.2599983215332,39.68000030517578,39.119998931884766,39.68000030517578,1014300.0
2020-09-02,38.720001220703125,38.720001220703125,39.0,38.518001556396484,39.0,1159450.0
2020-09-03,38.459999084472656,38.459999084472656,38.77000045776367,38.29600143432617,38.68000030517578,1466850.0
2020-09-04,38.560001373291016,38.560001373291016,38.630001068115234,38.20000076293945,38.400001525878906,1392100.0
2020-09-08,38.47999954223633,38.47999954223633,38.65999984741211,37.97999954223633,38.099998474121094,779600.0
2020-09-09,38.81999969482422,38.81999969482422,38.880001068115234,38.65999984741211,38.720001220703125,877300.0
2020-09-10,38.70000076293945,38.70000076293945,39.18000030517578,38.68000030517578,39.099998474121094,920050.0
2020-09-11,38.68000030517578,38.68000030517578,38.939998626708984,38.619998931884766,38.84000015258789,567100.0
2020-09-14,39.0,39.0,39.099998474121094,38.90399932861328,38.959999084472656,975500.0
2020-09-15,38.900001525878906,38.900001525878906,39.18000030517578,38.801998138427734,39.119998931884766,844650.0
2020-09-16,39.02000045776367,39.02000045776367,39.2599983215332,38.900001525878906,39.2400016784668,982900.0
2020-09-17,38.79999923706055,38.79999923706055,38.83399963378906,38.52000045776367,38.599998474121094,779950.0
2020-09-18,38.84000015258789,38.84000015258789,39.04999923706055,38.75,38.81999969482422,915350.0
2020-09-21,38.099998474121094,38.099998474121094,38.25,37.5,38.15999984741211,2280900.0
2020-09-22,37.900001525878906,37.900001525878906,38.189998626708984,37.790000915527344,38.13999938964844,1249650.0
2020-09-23,37.08000183105469,37.08000183105469,37.619998931884766,36.939998626708984,37.560001373291016,2612450.0
2020-09-24,37.2400016784668,37.2400016784668,37.38800048828125,36.86600112915039,37.0,2531400.0
2020-09-25,37.119998931884766,37.119998931884766,37.198001861572266,36.900001525878906,37.02000045776367,1306550.0
2020-09-28,37.5,37.5,37.52000045776367,37.15599822998047,37.31999969482422,697750.0
2020-09-29,37.81999969482422,37.81999969482422,37.83399963378906,37.560001373291016,37.619998931884766,995000.0
2020-09-30,37.599998474121094,37.599998474121094,37.900001525878906,37.5,37.720001220703125,842200.0
2020-10-01,37.939998626708984,37.939998626708984,38.08000183105469,37.779998779296875,37.91999816894531,1782700.0
2020-10-02,37.880001068115234,37.880001068115234,38.040000915527344,37.79999923706055,37.939998626708984,2213750.0
2020-10-05,38.08000183105469,38.08000183105469,38.220001220703125,37.97999954223633,37.97999954223633,744450.0
2020-10-06,37.619998931884766,37.619998931884766,38.279998779296875,37.58000183105469,38.2400016784668,1121150.0
2020-10-07,37.599998474121094,37.599998474121094,37.63999938964844,37.439998626708984,37.58000183105469,576300.0
2020-10-08,37.7400016784668,37.7400016784668,37.869998931884766,37.5,37.779998779296875,1004100.0
2020-10-09,38.41999816894531,38.41999816894531,38.439998626708984,38.189998626708984,38.220001220703125,953850.0
2020-10-12,38.31999969482422,38.31999969482422,38.37799835205078,38.2400016784668,38.31999969482422,626700.0
2020-10-13,37.720001220703125,37.720001220703125,37.900001525878906,37.58000183105469,37.900001525878906,2053950.0
2020-10-14,37.79999923706055,37.79999923706055,38.11199951171875,37.79999923706055,37.97999954223633,2514800.0
2020-10-15,37.97999954223633,37.97999954223633,38.02000045776367,37.68000030517578,37.720001220703125,1225400.0
2020-10-16,37.86000061035156,37.86000061035156,38.04999923706055,37.79999923706055,38.02000045776367,509250.0
2020-10-19,37.84000015258789,37.84000015258789,38.08000183105469,37.84000015258789,38.060001373291016,525700.0
2020-10-20,38.040000915527344,38.040000915527344,38.119998931884766,37.79999923706055,37.900001525878906,1031650.0
2020-10-21,38.34000015258789,38.34000015258789,38.47999954223633,38.25600051879883,38.31999969482422,647250.0
2020-10-22,37.959999084472656,37.959999084472656,37.97999954223633,37.720001220703125,37.959999084472656,773050.0
2020-10-23,37.91999816894531,37.91999816894531,38.029998779296875,37.720001220703125,38.02000045776367,488150.0
2020-10-26,37.900001525878906,37.900001525878906,38.013999938964844,37.827999114990234,37.939998626708984,443700.0
2020-10-27,38.02000045776367,38.02000045776367,38.08000183105469,37.88999938964844,37.939998626708984,813700.0
2020-10-28,37.380001068115234,37.380001068115234,37.529998779296875,37.2400016784668,37.459999084472656,1652700.0
2020-10-29,37.2400016784668,37.2400016784668,37.380001068115234,37.10200119018555,37.15999984741211,754000.0
2020-10-30,37.41999816894531,37.41999816894531,37.63399887084961,37.34600067138672,37.58000183105469,733100.0
2020-11-02,37.7599983215332,37.7599983215332,37.7599983215332,37.599998474121094,37.65999984741211,952100.0
2020-11-03,37.97999954223633,37.97999954223633,38.060001373291016,37.84000015258789,37.970001220703125,759200.0
2020-11-04,37.959999084472656,37.959999084472656,38.03200149536133,37.70000076293945,38.0,1220050.0
2020-11-05,38.84000015258789,38.84000015258789,38.900001525878906,38.400001525878906,38.400001525878906,1045250.0
2020-11-06,38.900001525878906,38.900001525878906,38.959999084472656,38.65999984741211,38.91999816894531,678500.0
2020-11-09,37.18000030517578,37.18000030517578,37.45000076293945,36.86000061035156,37.439998626708984,3232250.0
2020-11-10,37.29999923706055,37.29999923706055,37.540000915527344,37.290000915527344,37.52000045776367,837400.0
2020-11-11,37.13999938964844,37.13999938964844,37.20000076293945,37.02799987792969,37.08000183105469,3026850.0
2020-11-12,37.36000061035156,37.36000061035156,37.518001556396484,37.31999969482422,37.36000061035156,1413800.0
2020-11-13,37.58000183105469,37.58000183105469,37.7400016784668,37.529998779296875,37.70000076293945,1085350.0
2020-11-16,37.599998474121094,37.599998474121094,37.7599983215332,37.540000915527344,37.599998474121094,1028500.0
2020-11-17,37.47999954223633,37.47999954223633,37.65999984741211,37.380001068115234,37.619998931884766,577850.0
2020-11-18,37.2599983215332,37.2599983215332,37.52399826049805,37.220001220703125,37.400001525878906,1346900.0
2020-11-19,37.20000076293945,37.20000076293945,37.20000076293945,36.959999084472656,37.0,624050.0
2020-11-20,37.31999969482422,37.31999969482422,37.439998626708984,37.2760009765625,37.380001068115234,654250.0
2020-11-23,36.560001373291016,36.560001373291016,37.20000076293945,36.46200180053711,37.15999984741211,1486300.0
2020-11-24,36.0,36.0,36.02000045776367,35.84000015258789,35.939998626708984,2411600.0
2020-11-25,35.97999954223633,35.97999954223633,36.189998626708984,35.91999816894531,36.060001373291016,2996600.0
2020-11-27,35.619998931884766,35.619998931884766,35.619998931884766,35.400001525878906,35.43000030517578,2249250.0
2020-11-30,35.400001525878906,35.400001525878906,35.540000915527344,35.2400016784668,35.36000061035156,2258950.0
2020-12-01,36.13999938964844,36.13999938964844,36.18000030517578,35.939998626708984,36.040000915527344,2111300.0
2020-12-02,36.41999816894531,36.41999816894531,36.459999084472656,36.119998931884766,36.20000076293945,1577250.0
2020-12-03,36.65999984741211,36.65999984741211,36.68000030517578,36.31999969482422,36.63999938964844,1171300.0
2020-12-04,36.58000183105469,36.58000183105469,36.78200149536133,36.41999816894531,36.68000030517578,1220900.0
2020-12-07,37.13999938964844,37.13999938964844,37.20000076293945,36.63999938964844,36.63999938964844,9467150.0
2020-12-08,37.2599983215332,37.2599983215332,37.34000015258789,37.08000183105469,37.279998779296875,697550.0
2020-12-09,36.619998931884766,36.619998931884766,36.95000076293945,36.36000061035156,36.939998626708984,1393400.0
2020-12-10,36.58000183105469,36.58000183105469,36.849998474121094,36.44200134277344,36.70000076293945,1371100.0
2020-12-11,36.63999938964844,36.63999938964844,36.79199981689453,36.540000915527344,36.58000183105469,7507200.0
2020-12-14,36.41999816894531,36.41999816894531,36.619998931884766,36.29600143432617,36.5,731350.0
2020-12-15,36.939998626708984,36.939998626708984,36.939998626708984,36.7400016784668,36.81999969482422,892500.0
2020-12-16,37.119998931884766,37.119998931884766,37.150001525878906,36.7400016784668,36.959999084472656,988750.0
2020-12-17,37.540000915527344,37.540000915527344,37.7599983215332,37.47999954223633,37.599998474121094,769200.0
2020-12-18,37.47999954223633,37.47999954223633,37.560001373291016,37.391998291015625,37.52000045776367,1066150.0
2020-12-21,37.36000061035156,37.36000061035156,37.560001373291016,37.310001373291016,37.439998626708984,1094450.0
2020-12-22,37.08000183105469,37.08000183105469,37.43000030517578,37.0099983215332,37.400001525878906,560200.0
2020-12-23,37.29999923706055,37.29999923706055,37.400001525878906,37.16999816894531,37.18000030517578,2401150.0
2020-12-24,37.459999084472656,37.459999084472656,37.459999084472656,37.2400016784668,37.2400016784668,969200.0
2020-12-28,37.29999923706055,37.29999923706055,37.77000045776367,37.279998779296875,37.65999984741211,902600.0
2020-12-29,37.439998626708984,37.439998626708984,37.560001373291016,37.279998779296875,37.439998626708984,941550.0
2020-12-30,37.720001220703125,37.720001220703125,37.720001220703125,37.459999084472656,37.459999084472656,1664400.0
2020-12-31,37.880001068115234,37.880001068115234,37.880001068115234,37.650001525878906,37.79999923706055,726400.0
2021-01-04,38.720001220703125,38.720001220703125,38.72999954223633,38.43000030517578,38.63999938964844,1656300.0
2021-01-05,38.81999969482422,38.81999969482422,38.900001525878906,38.619998931884766,38.81999969482422,1344300.0
2021-01-06,38.220001220703125,38.220001220703125,38.560001373291016,37.86000061035156,38.540000915527344,2598100.0
2021-01-07,38.119998931884766,38.119998931884766,38.20000076293945,37.97999954223633,38.15999984741211,1175400.0
2021-01-08,36.79999923706055,36.79999923706055,37.58000183105469,36.41999816894531,37.540000915527344,2301750.0
2021-01-11,36.7599983215332,36.7599983215332,36.880001068115234,36.52000045776367,36.560001373291016,1359750.0
2021-01-12,36.97999954223633,36.97999954223633,37.0,36.599998474121094,36.7599983215332,1669650.0
2021-01-13,36.81999969482422,36.81999969482422,37.040000915527344,36.75199890136719,36.900001525878906,912650.0
2021-01-14,36.79999923706055,36.79999923706055,36.97999954223633,36.65999984741211,36.81999969482422,1216150.0
2021-01-15,36.34000015258789,36.34000015258789,36.75,36.29999923706055,36.70000076293945,1197050.0
2021-01-19,36.63999938964844,36.63999938964844,36.70000076293945,36.5,36.70000076293945,1248000.0
2021-01-20,37.2400016784668,37.2400016784668,37.2599983215332,36.90999984741211,37.02000045776367,1173350.0
2021-01-21,37.2400016784668,37.2400016784668,37.27000045776367,37.060001373291016,37.20000076293945,818000.0
2021-01-22,36.91999816894531,36.91999816894531,37.0099983215332,36.599998474121094,36.720001220703125,904300.0
2021-01-25,36.959999084472656,36.959999084472656,37.15999984741211,36.779998779296875,37.13999938964844,1046950.0
2021-01-26,36.880001068115234,36.880001068115234,37.0,36.81999969482422,36.959999084472656,676150.0
2021-01-27,36.65999984741211,36.65999984741211,36.86000061035156,36.459999084472656,36.720001220703125,1211250.0
2021-01-28,36.68000030517578,36.68000030517578,37.099998474121094,36.529998779296875,37.02000045776367,1588600.0
2021-01-29,36.68000030517578,36.68000030517578,37.198001861572266,36.68000030517578,37.13999938964844,1113000.0
2021-02-01,37.02000045776367,37.02000045776367,37.20000076293945,36.97600173950195,37.18000030517578,1651350.0
2021-02-02,36.560001373291016,36.560001373291016,36.63999938964844,36.43000030517578,36.63999938964844,1403150.0
2021-02-03,36.5,36.5,36.650001525878906,36.41999816894531,36.599998474121094,852750.0
2021-02-04,35.720001220703125,35.720001220703125,35.7599983215332,35.540000915527344,35.7400016784668,1340950.0
2021-02-05,36.040000915527344,36.040000915527344,36.13999938964844,35.81999969482422,35.86000061035156,1111050.0
2021-02-08,36.439998626708984,36.439998626708984,36.61000061035156,36.422000885009766,36.540000915527344,733550.0
2021-02-09,36.540000915527344,36.540000915527344,36.7400016784668,36.47999954223633,36.65999984741211,1306950.0
2021-02-10,36.68000030517578,36.68000030517578,36.779998779296875,36.52000045776367,36.779998779296875,1351150.0
2021-02-11,36.36000061035156,36.36000061035156,36.71799850463867,36.2599983215332,36.70000076293945,1062250.0
2021-02-12,36.2599983215332,36.2599983215332,36.439998626708984,36.08000183105469,36.18000030517578,883800.0
2021-02-16,35.720001220703125,35.720001220703125,36.119998931884766,35.619998931884766,35.720001220703125,1778600.0
2021-02-17,35.34000015258789,35.34000015258789,35.52000045776367,35.220001220703125,35.459999084472656,1362000.0
2021-02-18,35.34000015258789,35.34000015258789,35.52399826049805,35.20000076293945,35.459999084472656,1050300.0
2021-02-19,35.47999954223633,35.47999954223633,35.65999984741211,35.380001068115234,35.41999816894531,933200.0
2021-02-22,36.0,36.0,36.08000183105469,35.7400016784668,35.779998779296875,877200.0
2021-02-23,35.939998626708984,35.939998626708984,36.040000915527344,35.779998779296875,35.97999954223633,825350.0
2021-02-24,35.900001525878906,35.900001525878906,35.91999816894531,35.5,35.619998931884766,822300.0
2021-02-25,35.2400016784668,35.2400016784668,35.599998474121094,35.13999938964844,35.459999084472656,3127550.0
2021-02-26,34.380001068115234,34.380001068115234,35.060001373291016,34.18000030517578,35.060001373291016,3507150.0
2021-03-01,34.31999969482422,34.31999969482422,34.689998626708984,34.22999954223633,34.63999938964844,1637350.0
2021-03-02,34.5,34.5,34.599998474121094,34.2400016784668,34.380001068115234,1188000.0
2021-03-03,34.13999938964844,34.13999938964844,34.34000015258789,33.880001068115234,34.13999938964844,1650750.0
2021-03-04,33.79999923706055,33.79999923706055,34.279998779296875,33.63999938964844,34.099998474121094,1521150.0
2021-03-05,33.779998779296875,33.779998779296875,33.939998626708984,33.68000030517578,33.91999816894531,5238900.0
2021-03-08,33.459999084472656,33.459999084472656,33.720001220703125,33.36000061035156,33.70000076293945,1422500.0
2021-03-09,34.15999984741211,34.15999984741211,34.2400016784668,34.08000183105469,34.13999938964844,1286450.0
2021-03-10,34.36000061035156,34.36000061035156,34.36000061035156,34.119998931884766,34.20000076293945,935550.0
2021-03-11,34.31999969482422,34.31999969482422,34.400001525878906,34.220001220703125,34.29999923706055,1402950.0
2021-03-12,34.31999969482422,34.31999969482422,34.34000015258789,33.84400177001953,33.900001525878906,2471650.0
2021-03-15,34.459999084472656,34.459999084472656,34.52000045776367,34.29999923706055,34.47999954223633,1369700.0
2021-03-16,34.47999954223633,34.47999954223633,34.65999984741211,34.375999450683594,34.5,1809700.0
2021-03-17,34.7400016784668,34.7400016784668,34.86000061035156,34.29999923706055,34.47999954223633,1801400.0
2021-03-18,34.540000915527344,34.540000915527344,34.58000183105469,34.220001220703125,34.2400016784668,811250.0
2021-03-19,34.70000076293945,34.70000076293945,34.720001220703125,34.5,34.540000915527344,698300.0
2021-03-22,34.63999938964844,34.63999938964844,34.65999984741211,34.45000076293945,34.47999954223633,625600.0
2021-03-23,34.400001525878906,34.400001525878906,34.52000045776367,34.31999969482422,34.52000045776367,709550.0
2021-03-24,34.5,34.5,34.5880012512207,34.400001525878906,34.439998626708984,695050.0
2021-03-25,34.380001068115234,34.380001068115234,34.7400016784668,34.279998779296875,34.619998931884766,819500.0
2021-03-26,34.47999954223633,34.47999954223633,34.560001373291016,34.34000015258789,34.36000061035156,493350.0
2021-03-29,34.060001373291016,34.060001373291016,34.29999923706055,33.959999084472656,34.29999923706055,597900.0
2021-03-30,33.47999954223633,33.47999954223633,33.599998474121094,33.459999084472656,33.560001373291016,877300.0
2021-03-31,34.0,34.0,34.119998931884766,33.59199905395508,33.599998474121094,1402500.0
2021-04-01,34.41999816894531,34.41999816894531,34.439998626708984,34.2599983215332,34.34000015258789,892500.0
2021-04-05,34.400001525878906,34.400001525878906,34.5,34.279998779296875,34.31999969482422,2384350.0
2021-04-06,34.68000030517578,34.68000030517578,34.7400016784668,34.58000183105469,34.58000183105469,1579750.0
2021-04-07,34.58000183105469,34.58000183105469,34.68000030517578,34.52000045776367,34.599998474121094,733600.0
2021-04-08,34.959999084472656,34.959999084472656,35.0,34.880001068115234,34.880001068115234,834450.0
2021-04-09,34.70000076293945,34.70000076293945,34.7599983215332,34.52000045776367,34.599998474121094,851700.0
2021-04-12,34.47999954223633,34.47999954223633,34.59000015258789,34.369998931884766,34.58000183105469,1094350.0
2021-04-13,34.70000076293945,34.70000076293945,34.79999923706055,34.63800048828125,34.65999984741211,1110700.0
2021-04-14,34.58000183105469,34.58000183105469,34.63800048828125,34.47999954223633,34.599998474121094,802700.0
2021-04-15,35.119998931884766,35.119998931884766,35.220001220703125,34.84000015258789,34.86000061035156,1696650.0
2021-04-16,35.31999969482422,35.31999969482422,35.439998626708984,35.2599983215332,35.31999969482422,546900.0
2021-04-19,35.220001220703125,35.220001220703125,35.349998474121094,35.20399856567383,35.2599983215332,829550.0
2021-04-20,35.380001068115234,35.380001068115234,35.439998626708984,35.20000076293945,35.20000076293945,1517000.0
2021-04-21,35.720001220703125,35.720001220703125,35.779998779296875,35.5099983215332,35.52000045776367,1100150.0
2021-04-22,35.5,35.5,35.59000015258789,35.37799835205078,35.52000045776367,497050.0
2021-04-23,35.36000061035156,35.36000061035156,35.59000015258789,35.2239990234375,35.58000183105469,586750.0
2021-04-26,35.459999084472656,35.459999084472656,35.459999084472656,35.279998779296875,35.41999816894531,417850.0
2021-04-27,35.36000061035156,35.36000061035156,35.51599884033203,35.32400131225586,35.47999954223633,424700.0
2021-04-28,35.439998626708984,35.439998626708984,35.47999954223633,35.15999984741211,35.220001220703125,549500.0
2021-04-29,35.31999969482422,35.31999969482422,35.31999969482422,34.939998626708984,35.20000076293945,1682000.0
2021-04-30,35.20000076293945,35.20000076293945,35.2599983215332,35.099998474121094,35.2599983215332,842650.0
2021-05-03,35.63999938964844,35.63999938964844,35.779998779296875,35.56399917602539,35.619998931884766,674450.0
2021-05-04,35.400001525878906,35.400001525878906,35.79999923706055,35.2400016784668,35.63999938964844,1555750.0
2021-05-05,35.52000045776367,35.52000045776367,35.540000915527344,35.400001525878906,35.41999816894531,866000.0
2021-05-06,36.119998931884766,36.119998931884766,36.18000030517578,35.68000030517578,35.70000076293945,1926300.0
2021-05-07,36.439998626708984,36.439998626708984,36.65999984741211,36.34000015258789,36.459999084472656,2131200.0
2021-05-10,36.560001373291016,36.560001373291016,36.720001220703125,36.5,36.720001220703125,1374800.0
2021-05-11,36.58000183105469,36.58000183105469,36.58000183105469,36.18000030517578,36.2599983215332,899000.0
2021-05-12,36.20000076293945,36.20000076293945,36.5099983215332,36.20000076293945,36.439998626708984,2165500.0
2021-05-13,36.380001068115234,36.380001068115234,36.400001525878906,36.16999816894531,36.20000076293945,634550.0
2021-05-14,36.70000076293945,36.70000076293945,36.70000076293945,36.50400161743164,36.58000183105469,685150.0
2021-05-17,37.13999938964844,37.13999938964844,37.18000030517578,36.81999969482422,36.84000015258789,1658500.0
2021-05-18,37.18000030517578,37.18000030517578,37.2400016784668,37.08000183105469,37.20000076293945,907050.0
2021-05-19,37.220001220703125,37.220001220703125,37.599998474121094,37.04999923706055,37.220001220703125,2107400.0
2021-05-20,37.400001525878906,37.400001525878906,37.47999954223633,37.220001220703125,37.2599983215332,1348300.0
2021-05-21,37.41999816894531,37.41999816894531,37.58000183105469,37.220001220703125,37.5,642450.0
2021-05-24,37.459999084472656,37.459999084472656,37.52000045776367,37.369998931884766,37.439998626708984,599100.0
2021-05-25,37.81999969482422,37.81999969482422,37.81999969482422,37.40399932861328,37.439998626708984,875750.0
2021-05-26,37.7599983215332,37.7599983215332,37.95600128173828,37.62200164794922,37.91999816894531,1119550.0
2021-05-27,37.7400016784668,37.7400016784668,37.79999923706055,37.58000183105469,37.720001220703125,1865600.0
2021-05-28,37.86000061035156,37.86000061035156,37.90999984741211,37.65999984741211,37.720001220703125,853500.0
2021-06-01,37.81999969482422,37.81999969482422,38.0,37.650001525878906,37.97999954223633,993300.0
2021-06-02,37.97999954223633,37.97999954223633,38.0,37.82400131225586,37.880001068115234,700600.0
2021-06-03,37.220001220703125,37.220001220703125,37.380001068115234,37.119998931884766,37.380001068115234,960800.0
2021-06-04,37.63999938964844,37.63999938964844,37.720001220703125,37.52000045776367,37.52000045776367,674950.0
2021-06-07,37.779998779296875,37.779998779296875,37.79999923706055,37.540000915527344,37.599998474121094,1017700.0
2021-06-08,37.65999984741211,37.65999984741211,37.72999954223633,37.47999954223633,37.63999938964844,561950.0
2021-06-09,37.599998474121094,37.599998474121094,37.779998779296875,37.58000183105469,37.68000030517578,1702350.0
2021-06-10,37.779998779296875,37.779998779296875,37.779998779296875,37.5,37.540000915527344,1835400.0
2021-06-11,37.34000015258789,37.34000015258789,37.52000045776367,37.29999923706055,37.47999954223633,912050.0
2021-06-14,37.13999938964844,37.13999938964844,37.20000076293945,36.7599983215332,36.779998779296875,1048800.0
2021-06-15,37.0,37.0,37.16999816894531,36.84000015258789,37.15999984741211,1934500.0
2021-06-16,36.380001068115234,36.380001068115234,37.060001373291016,36.349998474121094,36.97999954223633,1442450.0
2021-06-17,35.2599983215332,35.2599983215332,35.60200119018555,35.17599868774414,35.5,1746050.0
2021-06-18,35.060001373291016,35.060001373291016,35.41999816894531,35.060001373291016,35.29999923706055,1071450.0
2021-06-21,35.47999954223633,35.47999954223633,35.540000915527344,35.279998779296875,35.380001068115234,1099800.0
2021-06-22,35.34000015258789,35.34000015258789,35.47999954223633,35.279998779296875,35.36000061035156,922100.0
2021-06-23,35.31999969482422,35.31999969482422,35.720001220703125,35.279998779296875,35.5,1310800.0
2021-06-24,35.279998779296875,35.279998779296875,35.540000915527344,35.279998779296875,35.52000045776367,1327650.0
2021-06-25,35.380001068115234,35.380001068115234,35.599998474121094,35.34000015258789,35.599998474121094,661650.0
2021-06-28,35.380001068115234,35.380001068115234,35.470001220703125,35.36000061035156,35.439998626708984,714500.0
2021-06-29,35.060001373291016,35.060001373291016,35.13800048828125,34.86000061035156,34.939998626708984,1421150.0
2021-06-30,35.220001220703125,35.220001220703125,35.29999923706055,34.91999816894531,34.97999954223633,2024050.0
2021-07-01,35.31999969482422,35.31999969482422,35.459999084472656,35.18000030517578,35.439998626708984,1392200.0
2021-07-02,35.560001373291016,35.560001373291016,35.65999984741211,35.380001068115234,35.599998474121094,1450500.0
2021-07-06,35.7599983215332,35.7599983215332,36.060001373291016,35.619998931884766,35.97999954223633,990950.0
2021-07-07,35.880001068115234,35.880001068115234,35.97999954223633,35.7599983215332,35.86000061035156,943050.0
2021-07-08,35.86000061035156,35.86000061035156,36.119998931884766,35.70000076293945,36.119998931884766,1552850.0
2021-07-09,35.97999954223633,35.97999954223633,36.05799865722656,35.86000061035156,35.900001525878906,572200.0
2021-07-12,35.91999816894531,35.91999816894531,35.959999084472656,35.63999938964844,35.880001068115234,716600.0
2021-07-13,35.97999954223633,35.97999954223633,36.11000061035156,35.90399932861328,36.040000915527344,1916350.0
2021-07-14,36.34000015258789,36.34000015258789,36.349998474121094,36.20000076293945,36.34000015258789,765050.0
2021-07-15,36.380001068115234,36.380001068115234,36.40999984741211,36.20000076293945,36.34000015258789,1061200.0
2021-07-16,36.02000045776367,36.02000045776367,36.32400131225586,36.0,36.279998779296875,672500.0
2021-07-19,36.040000915527344,36.040000915527344,36.119998931884766,35.900001525878906,36.040000915527344,1051350.0
2021-07-20,36.02000045776367,36.02000045776367,36.29999923706055,35.900001525878906,36.2599983215332,844700.0
2021-07-21,35.880001068115234,35.880001068115234,35.93000030517578,35.7400016784668,35.79999923706055,727050.0
2021-07-22,35.959999084472656,35.959999084472656,35.959999084472656,35.72999954223633,35.79999923706055,426050.0
2021-07-23,35.81999969482422,35.81999969482422,35.900001525878906,35.709999084472656,35.81999969482422,461250.0
2021-07-26,35.7400016784668,35.7400016784668,35.89400100708008,35.720001220703125,35.84000015258789,501200.0
2021-07-27,35.79999923706055,35.79999923706055,35.900001525878906,35.70000076293945,35.880001068115234,908850.0
2021-07-28,35.97999954223633,35.97999954223633,36.0,35.68000030517578,35.779998779296875,839400.0
2021-07-29,36.400001525878906,36.400001525878906,36.459999084472656,36.279998779296875,36.29999923706055,834250.0
2021-07-30,36.08000183105469,36.08000183105469,36.34000015258789,36.0,36.279998779296875,755200.0
2021-08-02,36.08000183105469,36.08000183105469,36.20000076293945,35.959999084472656,36.0,674400.0
2021-08-03,36.02000045776367,36.02000045776367,36.09000015258789,35.97999954223633,36.040000915527344,631950.0
2021-08-04,36.060001373291016,36.060001373291016,36.439998626708984,35.939998626708984,36.400001525878906,846250.0
2021-08-05,35.880001068115234,35.880001068115234,36.02000045776367,35.7599983215332,36.02000045776367,623850.0
2021-08-06,35.02000045776367,35.02000045776367,35.268001556396484,34.97999954223633,35.2599983215332,991000.0
2021-08-09,34.400001525878906,34.400001525878906,34.720001220703125,34.290000915527344,34.65999984741211,1182950.0
2021-08-10,34.400001525878906,34.400001525878906,34.459999084472656,34.15999984741211,34.31999969482422,731650.0
2021-08-11,34.86000061035156,34.86000061035156,34.900001525878906,34.59000015258789,34.70000076293945,637350.0
2021-08-12,34.900001525878906,34.900001525878906,34.900001525878906,34.63999938964844,34.79999923706055,1206900.0
2021-08-13,35.36000061035156,35.36000061035156,35.400001525878906,35.060001373291016,35.099998474121094,676300.0
2021-08-16,35.540000915527344,35.540000915527344,35.59400177001953,35.41999816894531,35.459999084472656,655350.0
2021-08-17,35.5,35.5,35.65999984741211,35.41999816894531,35.560001373291016,1279100.0
2021-08-18,35.52000045776367,35.52000045776367,35.599998474121094,35.36000061035156,35.540000915527344,774200.0
2021-08-19,35.439998626708984,35.439998626708984,35.58000183105469,35.31999969482422,35.58000183105469,644350.0
2021-08-20,35.459999084472656,35.459999084472656,35.534000396728516,35.380001068115234,35.47999954223633,422550.0
2021-08-23,35.880001068115234,35.880001068115234,35.91999816894531,35.720001220703125,35.880001068115234,895950.0
2021-08-24,35.84000015258789,35.84000015258789,35.99399948120117,35.84000015258789,35.939998626708984,972350.0
2021-08-25,35.599998474121094,35.599998474121094,35.70000076293945,35.459999084472656,35.70000076293945,2387000.0
2021-08-26,35.63999938964844,35.63999938964844,35.7599983215332,35.47999954223633,35.58000183105469,1035850.0
2021-08-27,36.15999984741211,36.15999984741211,36.18000030517578,35.47999954223633,35.63999938964844,1157700.0
2021-08-30,36.02000045776367,36.02000045776367,36.11600112915039,35.959999084472656,36.08000183105469,408750.0
2021-08-31,36.119998931884766,36.119998931884766,36.13199996948242,35.880001068115234,35.97999954223633,1277700.0
2021-09-01,36.08000183105469,36.08000183105469,36.150001525878906,35.97999954223633,36.13999938964844,1097750.0
2021-09-02,36.0,36.0,36.08000183105469,35.900001525878906,36.060001373291016,1832050.0
2021-09-03,36.380001068115234,36.380001068115234,36.47999954223633,36.18000030517578,36.2599983215332,1514700.0
2021-09-07,35.68000030517578,35.68000030517578,36.099998474121094,35.65999984741211,36.060001373291016,1853650.0
2021-09-08,35.560001373291016,35.560001373291016,35.7400016784668,35.45000076293945,35.7400016784668,1035700.0
2021-09-09,35.70000076293945,35.70000076293945,35.779998779296875,35.47999954223633,35.779998779296875,1233650.0
2021-09-10,35.540000915527344,35.540000915527344,35.7400016784668,35.540000915527344,35.70000076293945,527950.0
2021-09-13,35.68000030517578,35.68000030517578,35.7599983215332,35.599998474121094,35.619998931884766,1316950.0
2021-09-14,35.880001068115234,35.880001068115234,35.9640007019043,35.619998931884766,35.779998779296875,3298550.0
2021-09-15,35.65999984741211,35.65999984741211,35.790000915527344,35.61000061035156,35.7599983215332,1212850.0
2021-09-16,34.880001068115234,34.880001068115234,34.959999084472656,34.720001220703125,34.959999084472656,1175850.0
2021-09-17,34.84000015258789,34.84000015258789,34.939998626708984,34.75,34.86000061035156,856450.0
2021-09-20,35.08000183105469,35.08000183105469,35.13999938964844,34.880001068115234,34.939998626708984,621550.0
2021-09-21,35.29999923706055,35.29999923706055,35.43199920654297,35.18000030517578,35.2599983215332,2332500.0
2021-09-22,35.15999984741211,35.15999984741211,35.53799819946289,35.099998474121094,35.279998779296875,1505900.0
2021-09-23,34.7599983215332,34.7599983215332,34.900001525878906,34.720001220703125,34.900001525878906,1338500.0
2021-09-24,34.720001220703125,34.720001220703125,34.87799835205078,34.61000061035156,34.68000030517578,565400.0
2021-09-27,34.81999969482422,34.81999969482422,34.939998626708984,34.77000045776367,34.84000015258789,1468050.0
2021-09-28,34.459999084472656,34.459999084472656,34.619998931884766,34.38999938964844,34.619998931884766,1609700.0
2021-09-29,34.31999969482422,34.31999969482422,34.599998474121094,34.2400016784668,34.52000045776367,943250.0
2021-09-30,34.91999816894531,34.91999816894531,35.06999969482422,34.52000045776367,34.599998474121094,1443150.0
2021-10-01,34.97999954223633,34.97999954223633,35.08000183105469,34.86000061035156,34.939998626708984,1584550.0
2021-10-04,35.18000030517578,35.18000030517578,35.20000076293945,34.7599983215332,34.81999969482422,2328100.0
2021-10-05,35.0,35.0,35.055999755859375,34.779998779296875,34.880001068115234,1097850.0
2021-10-06,35.060001373291016,35.060001373291016,35.09600067138672,34.900001525878906,34.900001525878906,1120900.0
2021-10-07,34.91999816894531,34.91999816894531,35.04999923706055,34.86000061035156,34.900001525878906,638800.0
2021-10-08,34.939998626708984,34.939998626708984,35.380001068115234,34.9119987487793,35.380001068115234,1116450.0
2021-10-11,34.86000061035156,34.86000061035156,34.99599838256836,34.86000061035156,34.900001525878906,484550.0
2021-10-12,35.02000045776367,35.02000045776367,35.18000030517578,34.939998626708984,35.02000045776367,1443500.0
2021-10-13,35.619998931884766,35.619998931884766,35.70000076293945,35.13999938964844,35.15999984741211,1710400.0
2021-10-14,35.7400016784668,35.7400016784668,35.779998779296875,35.65999984741211,35.779998779296875,685750.0
2021-10-15,35.13999938964844,35.13999938964844,35.310001373291016,35.099998474121094,35.18000030517578,4274000.0
2021-10-18,35.060001373291016,35.060001373291016,35.209999084472656,35.040000915527344,35.20000076293945,3367800.0
2021-10-19,35.20000076293945,35.20000076293945,35.40599822998047,35.130001068115234,35.400001525878906,946600.0
2021-10-20,35.5,35.5,35.540000915527344,35.290000915527344,35.36000061035156,943500.0
2021-10-21,35.47999954223633,35.47999954223633,35.5,35.36000061035156,35.459999084472656,898750.0
2021-10-22,35.68000030517578,35.68000030517578,36.05799865722656,35.45000076293945,35.880001068115234,1186650.0
2021-10-25,35.91999816894531,35.91999816894531,35.97999954223633,35.84000015258789,35.880001068115234,1113800.0
2021-10-26,35.65999984741211,35.65999984741211,35.720001220703125,35.43199920654297,35.720001220703125,1928400.0
2021-10-27,35.7599983215332,35.7599983215332,35.779998779296875,35.5,35.68000030517578,883600.0
2021-10-28,35.7599983215332,35.7599983215332,35.97999954223633,35.630001068115234,35.939998626708984,1777500.0
2021-10-29,35.459999084472656,35.459999084472656,35.459999084472656,35.220001220703125,35.380001068115234,968000.0
2021-11-01,35.63999938964844,35.63999938964844,35.70000076293945,35.5,35.599998474121094,914500.0
2021-11-02,35.540000915527344,35.540000915527344,35.645999908447266,35.5,35.619998931884766,712000.0
2021-11-03,35.2400016784668,35.2400016784668,35.290000915527344,34.959999084472656,35.18000030517578,1454000.0
2021-11-04,35.63999938964844,35.63999938964844,35.7599983215332,35.599998474121094,35.63999938964844,722050.0
2021-11-05,36.13999938964844,36.13999938964844,36.13999938964844,35.70000076293945,35.84000015258789,1075100.0
2021-11-08,36.2599983215332,36.2599983215332,36.29999923706055,36.18000030517578,36.2599983215332,922550.0
2021-11-09,36.439998626708984,36.439998626708984,36.439998626708984,36.189998626708984,36.29999923706055,811750.0
2021-11-10,36.84000015258789,36.84000015258789,37.13999938964844,36.619998931884766,36.91999816894531,1694550.0
2021-11-11,37.040000915527344,37.040000915527344,37.06800079345703,36.959999084472656,37.02000045776367,710950.0
2021-11-12,37.099998474121094,37.099998474121094,37.150001525878906,36.88999938964844,36.91999816894531,1071700.0
2021-11-15,37.060001373291016,37.060001373291016,37.13399887084961,36.939998626708984,37.040000915527344,1119400.0
2021-11-16,36.79999923706055,36.79999923706055,37.099998474121094,36.77000045776367,37.02000045776367,899000.0
2021-11-17,37.099998474121094,37.099998474121094,37.13999938964844,37.0,37.060001373291016,1408000.0
2021-11-18,37.0,37.0,37.08000183105469,36.90999984741211,37.02000045776367,990900.0
2021-11-19,36.7400016784668,36.7400016784668,37.029998779296875,36.63999938964844,36.959999084472656,1742800.0
2021-11-22,35.900001525878906,35.900001525878906,36.2400016784668,35.82400131225586,36.13999938964844,1427300.0
2021-11-23,35.599998474121094,35.599998474121094,35.650001525878906,35.41999816894531,35.58000183105469,1077300.0
2021-11-24,35.560001373291016,35.560001373291016,35.619998931884766,35.380001068115234,35.439998626708984,948900.0
2021-11-26,35.5,35.5,35.880001068115234,35.38999938964844,35.880001068115234,1536250.0
2021-11-29,35.459999084472656,35.459999084472656,35.58000183105469,35.400001525878906,35.5,1556650.0
2021-11-30,35.220001220703125,35.220001220703125,35.939998626708984,35.18000030517578,35.70000076293945,2099650.0
2021-12-01,35.36000061035156,35.36000061035156,35.619998931884766,35.31999969482422,35.5,1262000.0
2021-12-02,35.13999938964844,35.13999938964844,35.310001373291016,35.02000045776367,35.29999923706055,1507700.0
2021-12-03,35.459999084472656,35.459999084472656,35.5,35.119998931884766,35.20000076293945,1848300.0
2021-12-06,35.380001068115234,35.380001068115234,35.47999954223633,35.29999923706055,35.34000015258789,1333250.0
2021-12-07,35.5,35.5,35.540000915527344,35.349998474121094,35.380001068115234,875700.0
2021-12-08,35.5,35.5,35.52000045776367,35.380001068115234,35.439998626708984,747450.0
2021-12-09,35.29999923706055,35.29999923706055,35.439998626708984,35.2599983215332,35.439998626708984,1711250.0
2021-12-10,35.41999816894531,35.41999816894531,35.52000045776367,35.36000061035156,35.47999954223633,1767000.0
2021-12-13,35.540000915527344,35.540000915527344,35.58000183105469,35.459999084472656,35.52000045776367,1310700.0
2021-12-14,35.20000076293945,35.20000076293945,35.34000015258789,35.13999938964844,35.18000030517578,1219950.0
2021-12-15,35.36000061035156,35.36000061035156,35.400001525878906,34.86000061035156,35.18000030517578,2886700.0
2021-12-16,35.7599983215332,35.7599983215332,35.779998779296875,35.52000045776367,35.52000045776367,2093900.0
2021-12-17,35.70000076293945,35.70000076293945,35.97200012207031,35.70000076293945,35.900001525878906,1614900.0
2021-12-20,35.560001373291016,35.560001373291016,35.7400016784668,35.540000915527344,35.720001220703125,1406000.0
2021-12-21,35.540000915527344,35.540000915527344,35.70000076293945,35.47999954223633,35.70000076293945,1358700.0
2021-12-22,35.900001525878906,35.900001525878906,35.900001525878906,35.560001373291016,35.68000030517578,1147450.0
2021-12-23,35.959999084472656,35.959999084472656,36.0,35.7599983215332,35.91999816894531,1537400.0
2021-12-27,36.02000045776367,36.02000045776367,36.04199981689453,35.900001525878906,35.939998626708984,1685050.0
2021-12-28,35.900001525878906,35.900001525878906,36.099998474121094,35.880001068115234,36.0,1287700.0
2021-12-29,35.880001068115234,35.880001068115234,35.900001525878906,35.58000183105469,35.619998931884766,1431550.0
2021-12-30,36.119998931884766,36.119998931884766,36.119998931884766,35.81999969482422,35.81999969482422,1424000.0
2021-12-31,36.36000061035156,36.36000061035156,36.380001068115234,36.18000030517578,36.279998779296875,1349450.0
2022-01-03,35.79999923706055,35.79999923706055,35.959999084472656,35.7400016784668,35.91999816894531,1481300.0
2022-01-04,36.08000183105469,36.08000183105469,36.11000061035156,35.90800094604492,35.959999084472656,1372000.0
2022-01-05,35.959999084472656,35.959999084472656,36.36000061035156,35.939998626708984,36.31999969482422,2095000.0
2022-01-06,35.540000915527344,35.540000915527344,35.68000030517578,35.5,35.58000183105469,1592950.0
2022-01-07,35.68000030517578,35.68000030517578,35.75,35.50400161743164,35.63999938964844,1947750.0
2022-01-10,35.79999923706055,35.79999923706055,35.810001373291016,35.599998474121094,35.599998474121094,1247350.0
2022-01-11,36.2400016784668,36.2400016784668,36.2400016784668,35.84000015258789,35.86000061035156,2594000.0
2022-01-12,36.31999969482422,36.31999969482422,36.34000015258789,36.18000030517578,36.20000076293945,1395800.0
2022-01-13,36.220001220703125,36.220001220703125,36.220001220703125,36.02000045776367,36.20000076293945,1850400.0
2022-01-14,36.119998931884766,36.119998931884766,36.2859992980957,36.060001373291016,36.220001220703125,1265550.0
2022-01-18,36.060001373291016,36.060001373291016,36.18000030517578,35.97999954223633,36.08000183105469,1171850.0
2022-01-19,36.63999938964844,36.63999938964844,36.63999938964844,36.220001220703125,36.2400016784668,2025900.0
2022-01-20,36.52000045776367,36.52000045776367,36.72999954223633,36.52000045776367,36.68000030517578,1043400.0
2022-01-21,36.41999816894531,36.41999816894531,36.619998931884766,36.34000015258789,36.619998931884766,1396800.0
2022-01-24,36.58000183105469,36.58000183105469,36.630001068115234,36.36000061035156,36.560001373291016,1649250.0
2022-01-25,36.7400016784668,36.7400016784668,36.84000015258789,36.555999755859375,36.599998474121094,2176750.0
2022-01-26,36.13999938964844,36.13999938964844,36.540000915527344,36.06999969482422,36.47999954223633,2774400.0
2022-01-27,35.68000030517578,35.68000030517578,35.97999954223633,35.60599899291992,35.7599983215332,1780300.0
2022-01-28,35.560001373291016,35.560001373291016,35.619998931884766,35.40999984741211,35.459999084472656,1637200.0
2022-01-31,35.7599983215332,35.7599983215332,35.779998779296875,35.650001525878906,35.720001220703125,3110700.0
2022-02-01,35.779998779296875,35.779998779296875,35.91999816894531,35.7400016784668,35.86000061035156,2368650.0
2022-02-02,35.939998626708984,35.939998626708984,35.9900016784668,35.78799819946289,35.84000015258789,1496750.0
2022-02-03,35.880001068115234,35.880001068115234,35.922000885009766,35.54999923706055,35.84000015258789,2525050.0
2022-02-04,35.939998626708984,35.939998626708984,35.959999084472656,35.7400016784668,35.7599983215332,1864900.0
2022-02-07,36.220001220703125,36.220001220703125,36.2400016784668,36.007999420166016,36.08000183105469,2553250.0
2022-02-08,36.29999923706055,36.29999923706055,36.34000015258789,36.16999816894531,36.220001220703125,2457700.0
2022-02-09,36.439998626708984,36.439998626708984,36.47999954223633,36.290000915527344,36.34000015258789,1263200.0
2022-02-10,36.31999969482422,36.31999969482422,36.599998474121094,36.290000915527344,36.29999923706055,3675750.0
2022-02-11,37.0,37.0,37.0620002746582,36.31999969482422,36.31999969482422,4661000.0
2022-02-14,37.18000030517578,37.18000030517578,37.2400016784668,36.959999084472656,37.0,4249250.0
2022-02-15,36.84000015258789,36.84000015258789,36.88999938964844,36.69599914550781,36.81999969482422,3789500.0
2022-02-16,37.220001220703125,37.220001220703125,37.220001220703125,36.91999816894531,36.91999816894531,2694350.0
2022-02-17,37.720001220703125,37.720001220703125,37.779998779296875,37.540000915527344,37.599998474121094,3110800.0
2022-02-18,37.68000030517578,37.68000030517578,37.720001220703125,37.560001373291016,37.68000030517578,2381850.0
2022-02-22,37.7599983215332,37.7599983215332,37.900001525878906,37.63999938964844,37.79999923706055,6508050.0
2022-02-23,37.95000076293945,37.95000076293945,37.96699905395508,37.75,37.76499938964844,5096500.0
2022-02-24,37.720001220703125,37.720001220703125,38.869998931884766,37.31999969482422,38.86000061035156,11592900.0
2022-02-25,37.56999969482422,37.56999969482422,37.619998931884766,37.41999816894531,37.560001373291016,4714400.0
2022-02-28,37.959999084472656,37.959999084472656,38.097999572753906,37.56999969482422,38.06999969482422,9627300.0
2022-03-01,38.66999816894531,38.66999816894531,38.68000030517578,38.11000061035156,38.119998931884766,10725300.0
2022-03-02,38.25,38.25,38.459999084472656,38.04999923706055,38.349998474121094,11964200.0
2022-03-03,38.47999954223633,38.47999954223633,38.58000183105469,38.209999084472656,38.310001373291016,14090500.0
2022-03-04,39.099998474121094,39.099998474121094,39.150001525878906,38.61000061035156,38.77000045776367,9366500.0
2022-03-07,39.68000030517578,39.68000030517578,39.724998474121094,39.202999114990234,39.25,6971100.0
2022-03-08,40.77000045776367,40.77000045776367,41.13999938964844,40.06999969482422,40.08000183105469,6535900.0
2022-03-09,39.560001373291016,39.560001373291016,39.84000015258789,39.34000015258789,39.61000061035156,6540500.0
2022-03-10,39.68000030517578,39.68000030517578,39.869998931884766,39.3849983215332,39.790000915527344,2005000.0
2022-03-11,39.38999938964844,39.38999938964844,39.54499816894531,39.04999923706055,39.119998931884766,1846400.0
2022-03-14,38.810001373291016,38.810001373291016,39.005001068115234,38.7400016784668,38.95000076293945,1655000.0
2022-03-15,38.08000183105469,38.08000183105469,38.36000061035156,37.88999938964844,38.11000061035156,2170600.0
2022-03-16,38.33000183105469,38.33000183105469,38.34000015258789,37.65999984741211,38.119998931884766,4654300.0
2022-03-17,38.5,38.5,38.7400016784668,38.459999084472656,38.56999969482422,1688800.0
2022-03-18,38.150001525878906,38.150001525878906,38.5099983215332,38.11000061035156,38.290000915527344,1711200.0
2022-03-21,38.459999084472656,38.459999084472656,38.58000183105469,38.18000030517578,38.189998626708984,4720100.0
2022-03-22,38.18000030517578,38.18000030517578,38.255001068115234,37.959999084472656,38.220001220703125,4294800.0
2022-03-23,38.689998626708984,38.689998626708984,38.720001220703125,38.26499938964844,38.38999938964844,2028300.0
2022-03-24,38.9900016784668,38.9900016784668,39.064998626708984,38.70000076293945,38.83000183105469,3819200.0
2022-03-25,38.84000015258789,38.84000015258789,38.97999954223633,38.619998931884766,38.709999084472656,2186900.0
2022-03-28,38.13999938964844,38.13999938964844,38.599998474121094,38.08000183105469,38.400001525878906,2296600.0
2022-03-29,38.13999938964844,38.13999938964844,38.18000030517578,37.619998931884766,37.68000030517578,2515100.0
2022-03-30,38.43000030517578,38.43000030517578,38.52000045776367,38.2599983215332,38.279998779296875,1854000.0
2022-03-31,38.470001220703125,38.470001220703125,38.7400016784668,38.439998626708984,38.5,1724600.0
2022-04-01,38.20000076293945,38.20000076293945,38.41999816894531,38.11000061035156,38.2400016784668,2019100.0
2022-04-04,38.40999984741211,38.40999984741211,38.4900016784668,38.2400016784668,38.380001068115234,2272200.0
2022-04-05,38.16999816894531,38.16999816894531,38.6349983215332,38.10499954223633,38.52000045776367,2364700.0
2022-04-06,38.25,38.25,38.3849983215332,38.060001373291016,38.279998779296875,3719200.0
2022-04-07,38.38999938964844,38.38999938964844,38.5099983215332,38.28799819946289,38.290000915527344,2200900.0
2022-04-08,38.63999938964844,38.63999938964844,38.709999084472656,38.43000030517578,38.43000030517578,2507800.0
2022-04-11,38.810001373291016,38.810001373291016,39.040000915527344,38.560001373291016,39.0099983215332,2877200.0
2022-04-12,39.119998931884766,39.119998931884766,39.310001373291016,38.959999084472656,39.16999816894531,1831800.0
2022-04-13,39.310001373291016,39.310001373291016,39.369998931884766,39.209999084472656,39.27000045776367,1480700.0
2022-04-14,39.18000030517578,39.18000030517578,39.27000045776367,38.959999084472656,39.25,1261100.0
2022-04-18,39.310001373291016,39.310001373291016,39.630001068115234,39.26499938964844,39.61000061035156,1960900.0
2022-04-19,38.709999084472656,38.709999084472656,39.099998474121094,38.619998931884766,39.0099983215332,2233400.0
2022-04-20,38.90999984741211,38.90999984741211,38.90999984741211,38.619998931884766,38.68000030517578,1333000.0
2022-04-21,38.77000045776367,38.77000045776367,38.82500076293945,38.5,38.709999084472656,1522800.0
2022-04-22,38.38999938964844,38.38999938964844,38.66999816894531,38.279998779296875,38.4900016784668,1605800.0
2022-04-25,37.709999084472656,37.709999084472656,37.79499816894531,37.584999084472656,37.7400016784668,2960300.0
2022-04-26,37.779998779296875,37.779998779296875,37.96500015258789,37.68000030517578,37.900001525878906,1681700.0
2022-04-27,37.47999954223633,37.47999954223633,37.612998962402344,37.380001068115234,37.59000015258789,2225600.0
2022-04-28,37.66999816894531,37.66999816894531,37.685001373291016,37.41999816894531,37.45000076293945,1413400.0
2022-04-29,37.66999816894531,37.66999816894531,38.03499984741211,37.6349983215332,37.90999984741211,1429100.0
2022-05-02,36.97999954223633,36.97999954223633,37.189998626708984,36.84000015258789,36.97999954223633,5609100.0
2022-05-03,37.06999969482422,37.06999969482422,37.310001373291016,37.029998779296875,37.040000915527344,2153500.0
2022-05-04,37.439998626708984,37.439998626708984,37.54999923706055,36.97999954223633,37.13999938964844,3517900.0
2022-05-05,37.29999923706055,37.29999923706055,37.81999969482422,37.20000076293945,37.810001373291016,2268500.0
2022-05-06,37.369998931884766,37.369998931884766,37.595001220703125,37.2400016784668,37.36000061035156,2193900.0
2022-05-09,36.83000183105469,36.83000183105469,37.11199951171875,36.79999923706055,37.099998474121094,2134800.0
2022-05-10,36.47999954223633,36.47999954223633,37.04999923706055,36.459999084472656,37.0099983215332,2958400.0
2022-05-11,36.81999969482422,36.81999969482422,36.90999984741211,36.68000030517578,36.75,1780000.0
2022-05-12,36.22999954223633,36.22999954223633,36.70000076293945,36.180999755859375,36.65999984741211,2764200.0
2022-05-13,35.959999084472656,35.959999084472656,36.119998931884766,35.790000915527344,35.86000061035156,1543000.0
2022-05-16,36.290000915527344,36.290000915527344,36.29499816894531,35.869998931884766,35.880001068115234,1196300.0
2022-05-17,36.060001373291016,36.060001373291016,36.310001373291016,36.03499984741211,36.310001373291016,1127900.0
2022-05-18,36.09000015258789,36.09000015258789,36.25,35.959999084472656,36.0099983215332,830300.0
2022-05-19,36.61000061035156,36.61000061035156,36.737998962402344,36.40999984741211,36.540000915527344,1286200.0
2022-05-20,36.630001068115234,36.630001068115234,36.68000030517578,36.40999984741211,36.58000183105469,1229000.0
2022-05-23,36.81999969482422,36.81999969482422,36.91999816894531,36.69499969482422,36.88999938964844,631900.0
2022-05-24,37.099998474121094,37.099998474121094,37.13999938964844,36.92499923706055,36.95000076293945,824100.0
2022-05-25,36.86000061035156,36.86000061035156,36.880001068115234,36.58000183105469,36.810001373291016,1676500.0
2022-05-26,36.79999923706055,36.79999923706055,36.83000183105469,36.58000183105469,36.68000030517578,2222800.0
2022-05-27,36.83000183105469,36.83000183105469,36.95000076293945,36.779998779296875,36.95000076293945,1579700.0
2022-05-31,36.459999084472656,36.459999084472656,36.86000061035156,36.44499969482422,36.79999923706055,2836600.0
2022-06-01,36.70000076293945,36.70000076293945,36.75699996948242,36.5099983215332,36.66999816894531,2043700.0
2022-06-02,37.13999938964844,37.13999938964844,37.150001525878906,36.959999084472656,37.0099983215332,1686400.0
2022-06-03,36.75,36.75,37.060001373291016,36.70000076293945,36.970001220703125,629300.0
2022-06-06,36.599998474121094,36.599998474121094,36.83000183105469,36.56999969482422,36.83000183105469,1199800.0
2022-06-07,36.83000183105469,36.83000183105469,36.85499954223633,36.6349983215332,36.65999984741211,1010500.0
2022-06-08,36.79999923706055,36.79999923706055,36.939998626708984,36.78900146484375,36.83000183105469,576400.0
2022-06-09,36.68000030517578,36.68000030517578,36.76499938964844,36.54999923706055,36.72999954223633,1227400.0
2022-06-10,37.189998626708984,37.189998626708984,37.2599983215332,36.31999969482422,36.40999984741211,4937800.0
2022-06-13,36.20000076293945,36.20000076293945,36.52000045776367,36.13999938964844,36.47999954223633,2005900.0
2022-06-14,35.93000030517578,35.93000030517578,36.15999984741211,35.85499954223633,36.130001068115234,1916300.0
2022-06-15,36.380001068115234,36.380001068115234,36.599998474121094,36.02000045776367,36.310001373291016,2655900.0
2022-06-16,36.79999923706055,36.79999923706055,36.79999923706055,36.25,36.31999969482422,1995700.0
2022-06-17,36.5,36.5,36.709999084472656,36.43000030517578,36.68000030517578,2069200.0
2022-06-21,36.369998931884766,36.369998931884766,36.619998931884766,36.31999969482422,36.439998626708984,1674900.0
2022-06-22,36.5099983215332,36.5099983215332,36.70000076293945,36.45899963378906,36.56999969482422,1450900.0
2022-06-23,36.290000915527344,36.290000915527344,36.66999816894531,36.20000076293945,36.52000045776367,1347800.0
2022-06-24,36.220001220703125,36.220001220703125,36.37300109863281,36.189998626708984,36.279998779296875,971500.0
2022-06-27,36.189998626708984,36.189998626708984,36.36000061035156,36.16999816894531,36.36000061035156,2295000.0
2022-06-28,36.150001525878906,36.150001525878906,36.2599983215332,36.119998931884766,36.22999954223633,650600.0
2022-06-29,36.119998931884766,36.119998931884766,36.36000061035156,36.04999923706055,36.34000015258789,843800.0
2022-06-30,35.880001068115234,35.880001068115234,36.209999084472656,35.849998474121094,36.11000061035156,1364100.0
2022-07-01,35.869998931884766,35.869998931884766,35.95000076293945,35.58000183105469,35.599998474121094,2329400.0
2022-07-05,35.11000061035156,35.11000061035156,35.650001525878906,35.040000915527344,35.630001068115234,4502100.0
2022-07-06,34.54999923706055,34.54999923706055,35.060001373291016,34.40999984741211,35.0099983215332,3028300.0
2022-07-07,34.58000183105469,34.58000183105469,34.72999954223633,34.5369987487793,34.599998474121094,1833000.0
2022-07-08,34.59000015258789,34.59000015258789,34.79999923706055,34.4900016784668,34.599998474121094,2282200.0
2022-07-11,34.400001525878906,34.400001525878906,34.61000061035156,34.3849983215332,34.52000045776367,1349900.0
2022-07-12,34.27000045776367,34.27000045776367,34.435001373291016,34.25,34.349998474121094,1927600.0
2022-07-13,34.439998626708984,34.439998626708984,34.665000915527344,34.11000061035156,34.11000061035156,2377900.0
2022-07-14,33.95000076293945,33.95000076293945,34.04999923706055,33.720001220703125,33.869998931884766,2819800.0
2022-07-15,33.880001068115234,33.880001068115234,33.93000030517578,33.75,33.88999938964844,1756100.0
2022-07-18,33.91999816894531,33.91999816894531,34.189998626708984,33.89099884033203,34.11000061035156,892100.0
2022-07-19,34.0099983215332,34.0099983215332,34.064998626708984,33.959999084472656,33.97999954223633,495000.0
2022-07-20,33.689998626708984,33.689998626708984,34.04999923706055,33.67499923706055,34.029998779296875,959100.0
2022-07-21,34.15999984741211,34.15999984741211,34.15999984741211,33.72999954223633,33.72999954223633,2042600.0
2022-07-22,34.25,34.25,34.529998779296875,34.16999816894531,34.20000076293945,2199600.0
2022-07-25,34.150001525878906,34.150001525878906,34.2400016784668,34.060001373291016,34.2400016784668,1139800.0
2022-07-26,34.130001068115234,34.130001068115234,34.20000076293945,34.060001373291016,34.150001525878906,1369100.0
2022-07-27,34.459999084472656,34.459999084472656,34.56999969482422,33.9900016784668,34.11000061035156,1546700.0
2022-07-28,34.869998931884766,34.869998931884766,34.88999938964844,34.71500015258789,34.81999969482422,2386600.0
2022-07-29,34.9900016784668,34.9900016784668,35.099998474121094,34.810001373291016,34.939998626708984,2352600.0
2022-08-01,35.16999816894531,35.16999816894531,35.2400016784668,35.04999923706055,35.15999984741211,1314800.0
2022-08-02,34.970001220703125,34.970001220703125,35.470001220703125,34.959999084472656,35.31999969482422,2845800.0
2022-08-03,35.06999969482422,35.06999969482422,35.1349983215332,34.84000015258789,35.130001068115234,2023500.0
2022-08-04,35.630001068115234,35.630001068115234,35.650001525878906,35.2400016784668,35.290000915527344,2233800.0
2022-08-05,35.220001220703125,35.220001220703125,35.34000015258789,35.13999938964844,35.16999816894531,1675500.0
2022-08-08,35.529998779296875,35.529998779296875,35.54499816894531,35.36000061035156,35.38999938964844,1890800.0
2022-08-09,35.619998931884766,35.619998931884766,35.7599983215332,35.54999923706055,35.70000076293945,680100.0
2022-08-10,35.560001373291016,35.560001373291016,35.790000915527344,35.51499938964844,35.66999816894531,543500.0
2022-08-11,35.470001220703125,35.470001220703125,35.72999954223633,35.45000076293945,35.619998931884766,1191600.0
2022-08-12,35.779998779296875,35.779998779296875,35.79999923706055,35.560001373291016,35.63999938964844,1593200.0
2022-08-15,35.34000015258789,35.34000015258789,35.439998626708984,35.27000045776367,35.369998931884766,1774800.0
2022-08-16,35.27000045776367,35.27000045776367,35.31999969482422,35.209999084472656,35.25,1566400.0
2022-08-17,35.040000915527344,35.040000915527344,35.209999084472656,34.95000076293945,35.209999084472656,2266400.0
2022-08-18,34.959999084472656,34.959999084472656,35.150001525878906,34.869998931884766,35.099998474121094,2114600.0
2022-08-19,34.689998626708984,34.689998626708984,34.900001525878906,34.65999984741211,34.900001525878906,2895500.0
2022-08-22,34.459999084472656,34.459999084472656,34.54499816894531,34.400001525878906,34.45000076293945,1198800.0
2022-08-23,34.709999084472656,34.709999084472656,34.83000183105469,34.52000045776367,34.540000915527344,3407400.0
2022-08-24,34.79999923706055,34.79999923706055,34.869998931884766,34.61199951171875,34.619998931884766,1033500.0
2022-08-25,34.900001525878906,34.900001525878906,34.95899963378906,34.79999923706055,34.939998626708984,985600.0
2022-08-26,34.5,34.5,34.880001068115234,34.439998626708984,34.779998779296875,1324500.0
2022-08-29,34.52000045776367,34.52000045776367,34.654998779296875,34.47200012207031,34.5,806000.0
2022-08-30,34.22999954223633,34.22999954223633,34.40999984741211,34.189998626708984,34.400001525878906,1153400.0
2022-08-31,33.970001220703125,33.970001220703125,34.22999954223633,33.95000076293945,34.0,1399100.0
2022-09-01,33.65999984741211,33.65999984741211,33.76499938964844,33.53499984741211,33.72999954223633,2041100.0
2022-09-02,33.959999084472656,33.959999084472656,34.119998931884766,33.930999755859375,33.959999084472656,2954400.0
2022-09-06,33.77000045776367,33.77000045776367,33.9900016784668,33.755001068115234,33.939998626708984,847600.0
2022-09-07,34.09000015258789,34.09000015258789,34.14500045776367,33.70000076293945,33.72999954223633,1205500.0
2022-09-08,33.900001525878906,33.900001525878906,34.06999969482422,33.834999084472656,34.0,1922100.0
2022-09-09,34.06999969482422,34.06999969482422,34.154998779296875,33.9900016784668,34.060001373291016,1474700.0
2022-09-12,34.25,34.25,34.45000076293945,34.22999954223633,34.34000015258789,1697600.0
2022-09-13,33.810001373291016,33.810001373291016,33.939998626708984,33.775001525878906,33.79999923706055,1461700.0
2022-09-14,33.68000030517578,33.68000030517578,33.89500045776367,33.630001068115234,33.83000183105469,1311400.0
2022-09-15,33.04999923706055,33.04999923706055,33.58000183105469,32.96500015258789,33.43000030517578,2803700.0
2022-09-16,33.22999954223633,33.22999954223633,33.369998931884766,32.904998779296875,32.970001220703125,2814500.0
2022-09-19,33.2599983215332,33.2599983215332,33.26499938964844,33.0099983215332,33.02000045776367,1982000.0
2022-09-20,33.06999969482422,33.06999969482422,33.0989990234375,32.959999084472656,33.06999969482422,1661600.0
2022-09-21,33.220001220703125,33.220001220703125,33.52000045776367,32.849998474121094,33.27000045776367,2482600.0
2022-09-22,33.20000076293945,33.20000076293945,33.349998474121094,33.119998931884766,33.310001373291016,1212500.0
2022-09-23,32.619998931884766,32.619998931884766,32.83000183105469,32.54999923706055,32.83000183105469,2753200.0
2022-09-26,32.2400016784668,32.2400016784668,32.72999954223633,32.20500183105469,32.65999984741211,3485900.0
2022-09-27,32.31999969482422,32.31999969482422,32.560001373291016,32.29999923706055,32.459999084472656,2436500.0
2022-09-28,32.970001220703125,32.970001220703125,33.02000045776367,32.630001068115234,32.68000030517578,2229200.0
2022-09-29,32.9900016784668,32.9900016784668,33.04999923706055,32.65999984741211,32.86000061035156,3146600.0
2022-09-30,32.97999954223633,32.97999954223633,33.27000045776367,32.9630012512207,33.04999923706055,1630300.0
2022-10-03,33.77000045776367,33.77000045776367,33.790000915527344,33.11000061035156,33.13999938964844,2819100.0
2022-10-04,34.2599983215332,34.2599983215332,34.34000015258789,33.88999938964844,33.939998626708984,1758000.0
2022-10-05,34.06999969482422,34.06999969482422,34.130001068115234,33.779998779296875,33.970001220703125,930200.0
2022-10-06,34.04999923706055,34.04999923706055,34.099998474121094,33.900001525878906,34.0,532300.0
2022-10-07,33.65999984741211,33.65999984741211,33.89500045776367,33.630001068115234,33.790000915527344,531100.0
2022-10-10,33.150001525878906,33.150001525878906,33.33000183105469,33.08000183105469,33.25,1293200.0
2022-10-11,33.08000183105469,33.08000183105469,33.435001373291016,33.040000915527344,33.13999938964844,1133100.0
2022-10-12,33.27000045776367,33.27000045776367,33.32500076293945,33.11000061035156,33.15999984741211,598700.0
2022-10-13,33.029998779296875,33.029998779296875,33.20600128173828,32.61399841308594,32.720001220703125,1800300.0
2022-10-14,32.630001068115234,32.630001068115234,32.880001068115234,32.57500076293945,32.849998474121094,1968400.0
2022-10-17,32.72999954223633,32.72999954223633,33.119998931884766,32.70000076293945,33.029998779296875,1860100.0
2022-10-18,32.79999923706055,32.79999923706055,32.8849983215332,32.68000030517578,32.86000061035156,1466200.0
2022-10-19,32.36000061035156,32.36000061035156,32.5099983215332,32.31999969482422,32.439998626708984,498300.0
2022-10-20,32.29999923706055,32.29999923706055,32.66999816894531,32.2599983215332,32.40999984741211,3086600.0
2022-10-21,32.869998931884766,32.869998931884766,32.904998779296875,32.380001068115234,32.40999984741211,1174100.0
2022-10-24,32.779998779296875,32.779998779296875,32.849998474121094,32.65999984741211,32.72999954223633,1136100.0
2022-10-25,32.849998474121094,32.849998474121094,33.0,32.810001373291016,32.83000183105469,1977400.0
2022-10-26,33.060001373291016,33.060001373291016,33.209999084472656,33.0099983215332,33.0099983215332,841000.0
2022-10-27,33.0099983215332,33.0099983215332,33.06999969482422,32.89400100708008,32.9900016784668,1489400.0
2022-10-28,32.66999816894531,32.66999816894531,32.7400016784668,32.529998779296875,32.630001068115234,1625200.0
2022-10-31,32.40999984741211,32.40999984741211,32.599998474121094,32.400001525878906,32.459999084472656,1211500.0
2022-11-01,32.720001220703125,32.720001220703125,32.84000015258789,32.619998931884766,32.81999969482422,1266700.0
2022-11-02,32.4900016784668,32.4900016784668,33.13999938964844,32.47999954223633,32.88999938964844,1800300.0
2022-11-03,32.38999938964844,32.38999938964844,32.40999984741211,32.119998931884766,32.13999938964844,732200.0
2022-11-04,33.380001068115234,33.380001068115234,33.400001525878906,33.0,33.040000915527344,782300.0
2022-11-07,33.25,33.25,33.38999938964844,33.23500061035156,33.31999969482422,1005900.0
2022-11-08,34.0099983215332,34.0099983215332,34.095001220703125,33.27000045776367,33.290000915527344,2869000.0
2022-11-09,33.849998474121094,33.849998474121094,34.20000076293945,33.80500030517578,33.9900016784668,1747400.0
2022-11-10,34.869998931884766,34.869998931884766,34.869998931884766,34.4900016784668,34.540000915527344,1284200.0
2022-11-11,35.09000015258789,35.09000015258789,35.10499954223633,34.86000061035156,34.97999954223633,1283200.0
2022-11-14,35.18000030517578,35.18000030517578,35.2400016784668,35.02000045776367,35.040000915527344,2266200.0
2022-11-15,35.310001373291016,35.310001373291016,35.45000076293945,35.099998474121094,35.2599983215332,2943500.0
2022-11-16,35.22999954223633,35.22999954223633,35.34000015258789,35.1609992980957,35.279998779296875,2178800.0
2022-11-17,34.97999954223633,34.97999954223633,35.0,34.85499954223633,34.93000030517578,2505300.0
2022-11-18,34.72999954223633,34.72999954223633,34.915000915527344,34.69499969482422,34.86000061035156,1470800.0
2022-11-21,34.529998779296875,34.529998779296875,34.650001525878906,34.400001525878906,34.63999938964844,1572300.0
2022-11-22,34.560001373291016,34.560001373291016,34.66999816894531,34.4900016784668,34.630001068115234,2406000.0
2022-11-23,34.77000045776367,34.77000045776367,34.80500030517578,34.4640007019043,34.47999954223633,1304400.0
2022-11-25,34.81999969482422,34.81999969482422,34.86000061035156,34.72999954223633,34.72999954223633,214000.0
2022-11-28,34.54999923706055,34.54999923706055,34.779998779296875,34.540000915527344,34.7599983215332,547700.0
2022-11-29,34.72999954223633,34.72999954223633,34.88999938964844,34.689998626708984,34.720001220703125,267600.0
2022-11-30,35.13999938964844,35.13999938964844,35.14500045776367,34.650001525878906,34.91999816894531,1637300.0
2022-12-01,35.810001373291016,35.810001373291016,35.810001373291016,35.630001068115234,35.72999954223633,1974300.0
2022-12-02,35.689998626708984,35.689998626708984,35.7400016784668,35.36000061035156,35.45000076293945,2937600.0
2022-12-05,35.08000183105469,35.08000183105469,35.564998626708984,35.04999923706055,35.529998779296875,2234300.0
2022-12-06,35.18000030517578,35.18000030517578,35.310001373291016,35.084999084472656,35.2400016784668,3342100.0
2022-12-07,35.4900016784668,35.4900016784668,35.54499816894531,35.27000045776367,35.290000915527344,2296900.0
2022-12-08,35.52000045776367,35.52000045776367,35.625,35.43000030517578,35.529998779296875,637500.0
2022-12-09,35.63999938964844,35.63999938964844,35.85499954223633,35.560001373291016,35.689998626708984,575600.0
2022-12-12,35.349998474121094,35.349998474121094,35.53900146484375,35.29999923706055,35.5099983215332,4124000.0
2022-12-13,35.939998626708984,35.939998626708984,36.220001220703125,35.849998474121094,36.099998474121094,2332200.0
2022-12-14,35.86000061035156,35.86000061035156,36.0099983215332,35.54999923706055,35.93000030517578,2028500.0
2022-12-15,35.290000915527344,35.290000915527344,35.459999084472656,35.224998474121094,35.369998931884766,4092900.0
2022-12-16,35.59000015258789,35.59000015258789,35.625,35.38999938964844,35.43000030517578,3077200.0
2022-12-19,35.4900016784668,35.4900016784668,35.650001525878906,35.415000915527344,35.560001373291016,1115000.0
2022-12-20,36.09000015258789,36.09000015258789,36.15999984741211,35.85499954223633,35.869998931884766,813200.0
2022-12-21,36.0099983215332,36.0099983215332,36.20000076293945,35.9900016784668,36.06999969482422,506500.0
2022-12-22,35.58000183105469,35.58000183105469,35.810001373291016,35.439998626708984,35.810001373291016,783100.0
2022-12-23,35.68000030517578,35.68000030517578,35.79999923706055,35.57500076293945,35.599998474121094,508300.0
2022-12-27,35.9900016784668,35.9900016784668,36.369998931884766,35.810001373291016,35.81999969482422,1024100.0
2022-12-28,35.83000183105469,35.83000183105469,35.90999984741211,35.66999816894531,35.86000061035156,770500.0
2022-12-29,36.02000045776367,36.02000045776367,36.130001068115234,35.959999084472656,35.959999084472656,344300.0
2022-12-30,36.189998626708984,36.189998626708984,36.220001220703125,36.02000045776367,36.11000061035156,646000.0
2023-01-03,36.5,36.5,36.72200012207031,36.290000915527344,36.54999923706055,3119100.0
2023-01-04,36.849998474121094,36.849998474121094,36.9379997253418,36.68000030517578,36.880001068115234,2677300.0
2023-01-05,36.400001525878906,36.400001525878906,36.4900016784668,36.22999954223633,36.470001220703125,1079100.0
2023-01-06,37.06999969482422,37.06999969482422,37.119998931884766,36.54999923706055,36.65999984741211,1006800.0
2023-01-09,37.15999984741211,37.15999984741211,37.349998474121094,37.11000061035156,37.2400016784668,2403800.0
2023-01-10,37.279998779296875,37.279998779296875,37.334999084472656,37.150001525878906,37.2599983215332,1235100.0
2023-01-11,37.2599983215332,37.2599983215332,37.305999755859375,37.06999969482422,37.290000915527344,955400.0
2023-01-12,37.70000076293945,37.70000076293945,37.709999084472656,37.33000183105469,37.560001373291016,679200.0
2023-01-13,38.13999938964844,38.13999938964844,38.154998779296875,37.7599983215332,37.77000045776367,1000500.0
2023-01-17,37.90999984741211,37.90999984741211,38.03499984741211,37.797000885009766,38.020999908447266,650000.0
2023-01-18,37.779998779296875,37.779998779296875,38.224998474121094,37.755001068115234,38.15999984741211,588900.0
2023-01-19,38.400001525878906,38.400001525878906,38.40999984741211,38.02000045776367,38.06999969482422,3022800.0
2023-01-20,38.27000045776367,38.27000045776367,38.3390007019043,38.1349983215332,38.220001220703125,580300.0
2023-01-23,38.33000183105469,38.33000183105469,38.349998474121094,37.95000076293945,38.08000183105469,3163300.0
2023-01-24,38.47999954223633,38.47999954223633,38.47999954223633,38.06999969482422,38.33000183105469,850300.0
2023-01-25,38.65999984741211,38.65999984741211,38.66999816894531,38.262001037597656,38.279998779296875,2288800.0
2023-01-26,38.310001373291016,38.310001373291016,38.470001220703125,38.08000183105469,38.45000076293945,997000.0
2023-01-27,38.2599983215332,38.2599983215332,38.349998474121094,38.06999969482422,38.279998779296875,813400.0
2023-01-30,38.15999984741211,38.15999984741211,38.290000915527344,38.130001068115234,38.25,671200.0
2023-01-31,38.279998779296875,38.279998779296875,38.33000183105469,38.11000061035156,38.16999816894531,1910000.0
2023-02-01,38.790000915527344,38.790000915527344,38.790000915527344,38.13600158691406,38.369998931884766,1870400.0
2023-02-02,37.959999084472656,37.959999084472656,38.650001525878906,37.939998626708984,38.650001525878906,1694200.0
2023-02-03,37.029998779296875,37.029998779296875,37.439998626708984,36.95000076293945,37.34000015258789,3711900.0
2023-02-06,37.099998474121094,37.099998474121094,37.229000091552734,36.9900016784668,37.150001525878906,875300.0
2023-02-07,37.13999938964844,37.13999938964844,37.40999984741211,37.040000915527344,37.06999969482422,781900.0
2023-02-08,37.22999954223633,37.22999954223633,37.349998474121094,37.119998931884766,37.349998474121094,615200.0
2023-02-09,36.93000030517578,36.93000030517578,37.459999084472656,36.902000427246094,37.45000076293945,797700.0
2023-02-10,37.0099983215332,37.0099983215332,37.08000183105469,36.86000061035156,37.08000183105469,468800.0
2023-02-13,36.81999969482422,36.81999969482422,36.90999984741211,36.72999954223633,36.86000061035156,492100.0
2023-02-14,36.849998474121094,36.849998474121094,37.040000915527344,36.59000015258789,36.709999084472656,992900.0
2023-02-15,36.47999954223633,36.47999954223633,36.4900016784668,36.33000183105469,36.41999816894531,978200.0
2023-02-16,36.459999084472656,36.459999084472656,36.63399887084961,36.279998779296875,36.349998474121094,1364000.0
2023-02-17,36.560001373291016,36.560001373291016,36.599998474121094,36.185001373291016,36.25,726900.0
2023-02-21,36.43000030517578,36.43000030517578,36.599998474121094,36.36899948120117,36.540000915527344,837100.0
2023-02-22,36.220001220703125,36.220001220703125,36.4900016784668,36.20000076293945,36.459999084472656,975100.0
2023-02-23,36.209999084472656,36.209999084472656,36.31999969482422,36.095001220703125,36.27000045776367,506900.0
2023-02-24,35.95000076293945,35.95000076293945,36.040000915527344,35.90999984741211,35.95000076293945,577500.0
2023-02-27,36.08000183105469,36.08000183105469,36.1349983215332,35.98500061035156,36.04999923706055,610700.0
2023-02-28,36.2400016784668,36.2400016784668,36.349998474121094,36.0,36.029998779296875,866800.0
2023-03-01,36.47999954223633,36.47999954223633,36.61000061035156,36.400001525878906,36.5,780800.0
2023-03-02,36.45000076293945,36.45000076293945,36.5,36.375,36.38999938964844,683100.0
2023-03-03,36.83000183105469,36.83000183105469,36.845001220703125,36.5099983215332,36.61000061035156,553400.0
2023-03-06,36.65999984741211,36.65999984741211,36.79999923706055,36.630001068115234,36.790000915527344,279100.0
2023-03-07,36.0099983215332,36.0099983215332,36.38999938964844,35.98500061035156,36.380001068115234,1658900.0
2023-03-08,35.9900016784668,35.9900016784668,36.20000076293945,35.97999954223633,36.0,668800.0
2023-03-09,36.34000015258789,36.34000015258789,36.41999816894531,36.2400016784668,36.2400016784668,645700.0
2023-03-10,37.130001068115234,37.130001068115234,37.130001068115234,36.70500183105469,36.720001220703125,1183800.0
2023-03-13,37.970001220703125,37.970001220703125,38.0099983215332,37.64500045776367,37.709999084472656,1962900.0
2023-03-14,37.77000045776367,37.77000045776367,37.91999816894531,37.630001068115234,37.880001068115234,4220300.0
2023-03-15,38.040000915527344,38.040000915527344,38.45000076293945,37.89500045776367,38.16999816894531,3379700.0
2023-03-16,38.119998931884766,38.119998931884766,38.349998474121094,37.97999954223633,38.33000183105469,1136500.0
2023-03-17,39.2400016784668,39.2400016784668,39.459999084472656,38.599998474121094,38.65999984741211,2095600.0
2023-03-20,39.25,39.25,39.400001525878906,39.02000045776367,39.33000183105469,1711400.0
2023-03-21,38.5,38.5,39.0099983215332,38.41999816894531,39.0099983215332,2397100.0
2023-03-22,39.16999816894531,39.16999816894531,39.279998779296875,38.5,38.52000045776367,2453700.0
2023-03-23,39.65999984741211,39.65999984741211,39.7599983215332,39.209999084472656,39.27000045776367,1486600.0
2023-03-24,39.209999084472656,39.209999084472656,39.709999084472656,39.20000076293945,39.630001068115234,1787900.0
2023-03-27,38.849998474121094,38.849998474121094,38.88999938964844,38.59000015258789,38.689998626708984,1449400.0
2023-03-28,39.15999984741211,39.15999984741211,39.209999084472656,38.88999938964844,38.91999816894531,846400.0
2023-03-29,38.959999084472656,38.959999084472656,39.138999938964844,38.91999816894531,38.97999954223633,1919300.0
2023-03-30,39.31999969482422,39.31999969482422,39.3849983215332,38.97999954223633,39.029998779296875,1555600.0
2023-03-31,39.11000061035156,39.11000061035156,39.380001068115234,39.03499984741211,39.31999969482422,1315000.0
2023-04-03,39.40999984741211,39.40999984741211,39.5099983215332,39.150001525878906,39.2599983215332,2748300.0
2023-04-04,40.13999938964844,40.13999938964844,40.189998626708984,39.439998626708984,39.45000076293945,1814000.0
2023-04-05,40.099998474121094,40.099998474121094,40.31999969482422,39.88999938964844,40.22999954223633,1325700.0
2023-04-06,39.83000183105469,39.83000183105469,39.98500061035156,39.709999084472656,39.90999984741211,994600.0
2023-04-10,39.529998779296875,39.529998779296875,39.58000183105469,39.34000015258789,39.54999923706055,932800.0
2023-04-11,39.779998779296875,39.779998779296875,39.83000183105469,39.650001525878906,39.689998626708984,1135200.0
2023-04-12,39.97999954223633,39.97999954223633,40.06999969482422,39.720001220703125,40.060001373291016,1646300.0
2023-04-13,40.5,40.5,40.65999984741211,40.369998931884766,40.52000045776367,2994300.0
2023-04-14,39.790000915527344,39.790000915527344,40.25,39.54999923706055,40.18000030517578,1851600.0
2023-04-17,39.630001068115234,39.630001068115234,39.709999084472656,39.31999969482422,39.689998626708984,1123800.0
2023-04-18,39.790000915527344,39.790000915527344,39.93000030517578,39.52000045776367,39.56999969482422,696800.0
2023-04-19,39.59000015258789,39.59000015258789,39.6349983215332,39.36000061035156,39.380001068115234,808800.0
2023-04-20,39.7599983215332,39.7599983215332,39.939998626708984,39.68000030517578,39.77000045776367,673300.0
2023-04-21,39.349998474121094,39.349998474121094,39.650001525878906,39.13999938964844,39.5099983215332,1814100.0
2023-04-24,39.47999954223633,39.47999954223633,39.5099983215332,39.189998626708984,39.310001373291016,792800.0
2023-04-25,39.68000030517578,39.68000030517578,39.77000045776367,39.3650016784668,39.4900016784668,1078800.0
2023-04-26,39.459999084472656,39.459999084472656,39.869998931884766,39.369998931884766,39.869998931884766,1338700.0
2023-04-27,39.45000076293945,39.45000076293945,39.5099983215332,39.16999816894531,39.279998779296875,2171000.0
2023-04-28,39.4900016784668,39.4900016784668,39.59000015258789,39.34000015258789,39.45000076293945,1147700.0
2023-05-01,39.29999923706055,39.29999923706055,39.77000045776367,39.279998779296875,39.75,1333200.0
2023-05-02,40.06999969482422,40.06999969482422,40.06999969482422,39.4109992980957,39.45000076293945,2123900.0
2023-05-03,40.38999938964844,40.38999938964844,40.40999984741211,39.93000030517578,40.06999969482422,2102100.0
2023-05-04,40.66999816894531,40.66999816894531,40.869998931884766,40.33000183105469,40.34000015258789,3358700.0
2023-05-05,40.04999923706055,40.04999923706055,40.06999969482422,39.68000030517578,39.849998474121094,2394900.0
2023-05-08,40.099998474121094,40.099998474121094,40.275001525878906,40.05500030517578,40.130001068115234,676900.0
2023-05-09,40.380001068115234,40.380001068115234,40.435001373291016,40.17499923706055,40.20000076293945,1298000.0
2023-05-10,40.310001373291016,40.310001373291016,40.5,40.130001068115234,40.369998931884766,2122700.0
2023-05-11,39.97999954223633,39.97999954223633,40.33000183105469,39.91999816894531,40.25,1120700.0
2023-05-12,39.900001525878906,39.900001525878906,40.130001068115234,39.86000061035156,40.04999923706055,1006900.0
2023-05-15,39.9900016784668,39.9900016784668,40.130001068115234,39.959999084472656,40.02000045776367,592500.0
2023-05-16,39.4900016784668,39.4900016784668,39.90999984741211,39.40999984741211,39.849998474121094,1034400.0
2023-05-17,39.36000061035156,39.36000061035156,39.38999938964844,39.189998626708984,39.380001068115234,1451100.0
2023-05-18,38.849998474121094,38.849998474121094,38.939998626708984,38.731998443603516,38.90999984741211,1028000.0
2023-05-19,39.22999954223633,39.22999954223633,39.369998931884766,38.834999084472656,38.939998626708984,912400.0
2023-05-22,39.150001525878906,39.150001525878906,39.27000045776367,39.06999969482422,39.150001525878906,755600.0
2023-05-23,39.189998626708984,39.189998626708984,39.25,38.98699951171875,39.06999969482422,836900.0
2023-05-24,38.880001068115234,38.880001068115234,39.220001220703125,38.83000183105469,39.220001220703125,772600.0
2023-05-25,38.5099983215332,38.5099983215332,38.72999954223633,38.47999954223633,38.709999084472656,965300.0
2023-05-26,38.65999984741211,38.65999984741211,38.73500061035156,38.47999954223633,38.68000030517578,787500.0
2023-05-30,38.90999984741211,38.90999984741211,38.959999084472656,38.709999084472656,38.810001373291016,1023900.0
2023-05-31,38.95000076293945,38.95000076293945,39.18000030517578,38.90999984741211,38.970001220703125,2237700.0
2023-06-01,39.25,39.25,39.349998474121094,39.040000915527344,39.060001373291016,1479800.0
2023-06-02,38.68000030517578,38.68000030517578,39.21500015258789,38.65999984741211,39.209999084472656,1119200.0
2023-06-05,38.90999984741211,38.90999984741211,38.97999954223633,38.597999572753906,38.630001068115234,1455900.0
2023-06-06,38.959999084472656,38.959999084472656,39.025001525878906,38.790000915527344,38.959999084472656,3190200.0
2023-06-07,38.5,38.5,39.095001220703125,38.4900016784668,38.880001068115234,836100.0
2023-06-08,39.0,39.0,39.099998474121094,38.880001068115234,38.88999938964844,887600.0
2023-06-09,38.900001525878906,38.900001525878906,39.040000915527344,38.83000183105469,38.970001220703125,965400.0
2023-06-12,38.86000061035156,38.86000061035156,38.869998931884766,38.685001373291016,38.83000183105469,569200.0
2023-06-13,38.56999969482422,38.56999969482422,38.97999954223633,38.494998931884766,38.88999938964844,560700.0
2023-06-14,38.599998474121094,38.599998474121094,38.875,38.5,38.810001373291016,2283600.0
2023-06-15,38.869998931884766,38.869998931884766,38.89500045776367,38.5,38.5099983215332,997900.0
2023-06-16,38.79999923706055,38.79999923706055,39.0099983215332,38.77000045776367,38.880001068115234,1985200.0
2023-06-20,38.41999816894531,38.41999816894531,38.47999954223633,38.29999923706055,38.47999954223633,661100.0
2023-06-21,38.369998931884766,38.369998931884766,38.45000076293945,38.08000183105469,38.290000915527344,1401800.0
2023-06-22,37.97999954223633,37.97999954223633,38.22999954223633,37.959999084472656,38.119998931884766,591100.0
2023-06-23,38.08000183105469,38.08000183105469,38.459999084472656,38.060001373291016,38.369998931884766,526800.0
2023-06-26,38.15999984741211,38.15999984741211,38.2599983215332,38.130001068115234,38.25,410500.0
2023-06-27,37.970001220703125,37.970001220703125,38.310001373291016,37.91999816894531,38.2599983215332,693200.0
2023-06-28,37.880001068115234,37.880001068115234,37.970001220703125,37.7599983215332,37.880001068115234,877500.0
2023-06-29,37.86000061035156,37.86000061035156,37.959999084472656,37.560001373291016,37.58000183105469,957300.0
2023-06-30,38.09000015258789,38.09000015258789,38.150001525878906,37.900001525878906,37.959999084472656,894000.0
2023-07-03,38.150001525878906,38.150001525878906,38.31999969482422,38.13800048828125,38.15999984741211,517700.0
2023-07-05,38.0099983215332,38.0099983215332,38.34000015258789,38.0099983215332,38.33000183105469,1036100.0
2023-07-06,37.90999984741211,37.90999984741211,37.97999954223633,37.7599983215332,37.939998626708984,2194700.0
2023-07-07,38.189998626708984,38.189998626708984,38.38999938964844,38.11000061035156,38.11000061035156,601900.0
2023-07-10,38.220001220703125,38.220001220703125,38.2400016784668,38.099998474121094,38.119998931884766,1468800.0
2023-07-11,38.34000015258789,38.34000015258789,38.39500045776367,38.28200149536133,38.349998474121094,405100.0
2023-07-12,38.869998931884766,38.869998931884766,38.880001068115234,38.709999084472656,38.709999084472656,802200.0
2023-07-13,38.88999938964844,38.88999938964844,38.93000030517578,38.779998779296875,38.88999938964844,410100.0
2023-07-14,38.77000045776367,38.77000045776367,38.93000030517578,38.709999084472656,38.81999969482422,465600.0
2023-07-17,38.79999923706055,38.79999923706055,38.81999969482422,38.61000061035156,38.689998626708984,1429600.0
2023-07-18,39.25,39.25,39.369998931884766,38.970001220703125,39.060001373291016,979600.0
2023-07-19,39.25,39.25,39.279998779296875,39.095001220703125,39.209999084472656,684800.0
2023-07-20,39.060001373291016,39.060001373291016,39.279998779296875,39.0,39.279998779296875,754400.0
2023-07-21,38.95000076293945,38.95000076293945,38.9900016784668,38.83000183105469,38.90999984741211,703400.0
2023-07-24,38.779998779296875,38.779998779296875,39.0099983215332,38.7599983215332,38.959999084472656,935400.0
2023-07-25,38.970001220703125,38.970001220703125,39.0,38.720001220703125,38.849998474121094,468400.0
2023-07-26,39.189998626708984,39.189998626708984,39.25,38.970001220703125,39.040000915527344,1604900.0
2023-07-27,38.58000183105469,38.58000183105469,38.81999969482422,38.54800033569336,38.81999969482422,1684300.0
2023-07-28,38.880001068115234,38.880001068115234,38.959999084472656,38.75,38.779998779296875,996700.0
2023-07-31,38.97999954223633,38.97999954223633,39.13399887084961,38.970001220703125,38.9900016784668,2912100.0
2023-08-01,38.58000183105469,38.58000183105469,38.77000045776367,38.51499938964844,38.65999984741211,6359400.0
2023-08-02,38.400001525878906,38.400001525878906,38.63999938964844,38.349998474121094,38.61000061035156,3691300.0
2023-08-03,38.380001068115234,38.380001068115234,38.465999603271484,38.33000183105469,38.369998931884766,1165400.0
2023-08-04,38.5099983215332,38.5099983215332,38.63999938964844,38.448001861572266,38.529998779296875,1134700.0
2023-08-07,38.41999816894531,38.41999816894531,38.50600051879883,38.33000183105469,38.5,639500.0
2023-08-08,38.189998626708984,38.189998626708984,38.33000183105469,38.150001525878906,38.189998626708984,963100.0
2023-08-09,38.005001068115234,38.005001068115234,38.244998931884766,38.0,38.20000076293945,2546800.0
2023-08-10,37.970001220703125,37.970001220703125,38.19499969482422,37.959999084472656,38.09000015258789,994400.0
2023-08-11,37.970001220703125,37.970001220703125,38.11000061035156,37.94499969482422,37.97999954223633,654100.0
2023-08-14,37.86000061035156,37.86000061035156,37.95500183105469,37.75,37.810001373291016,611800.0
2023-08-15,37.75,37.75,37.93000030517578,37.698001861572266,37.779998779296875,917800.0
2023-08-16,37.54999923706055,37.54999923706055,37.81999969482422,37.529998779296875,37.75,763800.0
2023-08-17,37.47999954223633,37.47999954223633,37.7400016784668,37.400001525878906,37.7400016784668,888200.0
2023-08-18,37.4900016784668,37.4900016784668,37.630001068115234,37.43000030517578,37.59000015258789,853300.0
2023-08-21,37.58000183105469,37.58000183105469,37.61000061035156,37.404998779296875,37.599998474121094,820400.0
2023-08-22,37.63999938964844,37.63999938964844,37.68000030517578,37.47999954223633,37.58000183105469,774400.0
2023-08-23,38.029998779296875,38.029998779296875,38.099998474121094,37.86000061035156,37.91999816894531,1490900.0
2023-08-24,38.02000045776367,38.02000045776367,38.150001525878906,37.93000030517578,37.970001220703125,1046700.0
2023-08-25,37.970001220703125,37.970001220703125,38.130001068115234,37.7599983215332,37.970001220703125,1792500.0
2023-08-28,38.09000015258789,38.09000015258789,38.209999084472656,37.95000076293945,37.97999954223633,621800.0
2023-08-29,38.459999084472656,38.459999084472656,38.459999084472656,38.03499984741211,38.060001373291016,1664100.0
2023-08-30,38.560001373291016,38.560001373291016,38.65999984741211,38.54999923706055,38.61000061035156,798300.0
2023-08-31,38.47999954223633,38.47999954223633,38.59000015258789,38.474998474121094,38.54999923706055,857400.0
2023-09-01,38.5099983215332,38.5099983215332,38.720001220703125,38.38999938964844,38.65999984741211,960800.0
2023-09-05,38.20000076293945,38.20000076293945,38.3650016784668,38.20000076293945,38.349998474121094,1554800.0
2023-09-06,38.02000045776367,38.02000045776367,38.275001525878906,38.0,38.13999938964844,915900.0
2023-09-07,38.060001373291016,38.060001373291016,38.13999938964844,38.040000915527344,38.119998931884766,451100.0
2023-09-08,38.06999969482422,38.06999969482422,38.279998779296875,38.040000915527344,38.13999938964844,651600.0
2023-09-11,38.13999938964844,38.13999938964844,38.290000915527344,38.119998931884766,38.27000045776367,549600.0
2023-09-12,37.95000076293945,37.95000076293945,37.994998931884766,37.86000061035156,37.86000061035156,579700.0
2023-09-13,37.86000061035156,37.86000061035156,38.0099983215332,37.86000061035156,37.959999084472656,704500.0
2023-09-14,37.880001068115234,37.880001068115234,37.93000030517578,37.71500015258789,37.72999954223633,729400.0
2023-09-15,38.130001068115234,38.130001068115234,38.29999923706055,38.130001068115234,38.18000030517578,642800.0
2023-09-18,38.36000061035156,38.36000061035156,38.3650016784668,38.150001525878906,38.2400016784668,496500.0
2023-09-19,38.31999969482422,38.31999969482422,38.40999984741211,38.28499984741211,38.400001525878906,502100.0
2023-09-20,38.35499954223633,38.35499954223633,38.63999938964844,38.349998474121094,38.36000061035156,1178100.0
2023-09-21,38.08000183105469,38.08000183105469,38.165000915527344,38.0,38.040000915527344,792900.0
2023-09-22,38.209999084472656,38.209999084472656,38.27000045776367,38.17499923706055,38.20000076293945,380400.0
2023-09-25,38.0099983215332,38.0099983215332,38.21500015258789,37.9900016784668,38.15999984741211,837200.0
2023-09-26,37.689998626708984,37.689998626708984,37.880001068115234,37.67499923706055,37.810001373291016,1230800.0
2023-09-27,37.2400016784668,37.2400016784668,37.4900016784668,37.150001525878906,37.4900016784668,1441300.0
2023-09-28,37.04999923706055,37.04999923706055,37.2400016784668,36.85499954223633,37.189998626708984,941900.0
2023-09-29,36.65999984741211,36.65999984741211,37.220001220703125,36.630001068115234,37.20000076293945,2891200.0
2023-10-02,36.279998779296875,36.279998779296875,36.45500183105469,36.255001068115234,36.40999984741211,2960300.0
2023-10-03,36.16999816894531,36.16999816894531,36.369998931884766,36.09000015258789,36.16999816894531,2710900.0
2023-10-04,36.18000030517578,36.18000030517578,36.220001220703125,36.03499984741211,36.189998626708984,2325900.0
2023-10-05,36.11000061035156,36.11000061035156,36.1349983215332,35.9900016784668,36.08000183105469,1709500.0
2023-10-06,36.29999923706055,36.29999923706055,36.400001525878906,36.040000915527344,36.18000030517578,1329500.0
2023-10-09,36.970001220703125,36.970001220703125,36.970001220703125,36.59000015258789,36.619998931884766,697400.0
2023-10-10,36.90999984741211,36.90999984741211,36.95000076293945,36.77000045776367,36.810001373291016,985200.0
2023-10-11,37.15999984741211,37.15999984741211,37.22999954223633,37.060001373291016,37.13999938964844,956600.0
2023-10-12,37.060001373291016,37.060001373291016,37.2599983215332,37.05500030517578,37.22999954223633,834600.0
2023-10-13,38.2599983215332,38.2599983215332,38.29999923706055,37.80799865722656,37.849998474121094,4819700.0
2023-10-16,38.060001373291016,38.060001373291016,38.14500045776367,37.97999954223633,38.040000915527344,963800.0
2023-10-17,38.13999938964844,38.13999938964844,38.314998626708984,38.06999969482422,38.13999938964844,2940700.0
2023-10-18,38.68000030517578,38.68000030517578,38.93000030517578,38.45000076293945,38.70000076293945,2168700.0
2023-10-19,39.16999816894531,39.16999816894531,39.22999954223633,38.68000030517578,38.720001220703125,3813000.0
2023-10-20,39.2599983215332,39.2599983215332,39.61800003051758,39.15999984741211,39.25,2584000.0
2023-10-23,39.13999938964844,39.13999938964844,39.2599983215332,39.08000183105469,39.25,1427600.0
2023-10-24,39.119998931884766,39.119998931884766,39.224998474121094,38.8650016784668,38.95000076293945,851700.0
2023-10-25,39.290000915527344,39.290000915527344,39.41999816894531,38.94499969482422,39.2400016784668,1928500.0
2023-10-26,39.36000061035156,39.36000061035156,39.459999084472656,39.119998931884766,39.220001220703125,1077200.0
2023-10-27,39.810001373291016,39.810001373291016,39.86000061035156,39.25,39.31999969482422,2029100.0
2023-10-30,39.58000183105469,39.58000183105469,39.709999084472656,39.52000045776367,39.70000076293945,1865800.0
2023-10-31,39.369998931884766,39.369998931884766,39.83000183105469,39.255001068115234,39.599998474121094,3195200.0
2023-11-01,39.2400016784668,39.2400016784668,39.59000015258789,39.07899856567383,39.349998474121094,4177600.0
2023-11-02,39.38999938964844,39.38999938964844,39.41999816894531,39.2599983215332,39.400001525878906,1472000.0
2023-11-03,39.52000045776367,39.52000045776367,39.67499923706055,39.439998626708984,39.470001220703125,1264400.0
2023-11-06,39.220001220703125,39.220001220703125,39.40999984741211,39.220001220703125,39.380001068115234,1129200.0
2023-11-07,39.04999923706055,39.04999923706055,39.07600021362305,38.88999938964844,39.0,778700.0
2023-11-08,38.66999816894531,38.66999816894531,38.94200134277344,38.630001068115234,38.93000030517578,906800.0
2023-11-09,38.83000183105469,38.83000183105469,38.9900016784668,38.70000076293945,38.720001220703125,1522900.0
2023-11-10,38.400001525878906,38.400001525878906,38.630001068115234,38.34000015258789,38.630001068115234,749200.0
2023-11-13,38.61000061035156,38.61000061035156,38.65999984741211,38.31999969482422,38.369998931884766,1303100.0
2023-11-14,38.959999084472656,38.959999084472656,39.09000015258789,38.86000061035156,38.869998931884766,1186300.0
2023-11-15,38.869998931884766,38.869998931884766,38.970001220703125,38.790000915527344,38.95000076293945,2969600.0
2023-11-16,39.29999923706055,39.29999923706055,39.43000030517578,39.11000061035156,39.11000061035156,1500500.0
2023-11-17,39.29999923706055,39.29999923706055,39.38999938964844,39.25,39.36000061035156,886100.0
2023-11-20,39.220001220703125,39.220001220703125,39.255001068115234,38.9900016784668,39.0099983215332,1642100.0
2023-11-21,39.650001525878906,39.650001525878906,39.81999969482422,39.599998474121094,39.689998626708984,1775700.0
2023-11-22,39.47999954223633,39.47999954223633,39.72999954223633,39.42499923706055,39.689998626708984,772700.0
2023-11-24,39.70000076293945,39.70000076293945,39.7400016784668,39.619998931884766,39.70000076293945,666300.0
2023-11-27,39.970001220703125,39.970001220703125,39.970001220703125,39.78499984741211,39.90999984741211,1771200.0
2023-11-28,40.47999954223633,40.47999954223633,40.52299880981445,40.119998931884766,40.20000076293945,2764400.0
2023-11-29,40.560001373291016,40.560001373291016,40.650001525878906,40.45000076293945,40.47999954223633,1974700.0
2023-11-30,40.380001068115234,40.380001068115234,40.47999954223633,40.290000915527344,40.43000030517578,2054100.0
2023-12-01,41.06999969482422,41.06999969482422,41.16999816894531,40.380001068115234,40.38999938964844,4054400.0
2023-12-04,40.189998626708984,40.189998626708984,40.73500061035156,40.06999969482422,40.58000183105469,5997400.0
2023-12-05,40.04999923706055,40.04999923706055,40.189998626708984,39.869998931884766,40.13999938964844,2172400.0
2023-12-06,40.209999084472656,40.209999084472656,40.32400131225586,40.119998931884766,40.310001373291016,6263900.0
2023-12-07,40.25,40.25,40.349998474121094,40.06999969482422,40.31999969482422,2253100.0
2023-12-08,39.72999954223633,39.72999954223633,39.959999084472656,39.560001373291016,39.779998779296875,3103200.0
2023-12-11,39.290000915527344,39.290000915527344,39.4900016784668,39.189998626708984,39.4900016784668,2271400.0
2023-12-12,39.27000045776367,39.27000045776367,39.36000061035156,39.220001220703125,39.34000015258789,2484500.0
2023-12-13,40.13999938964844,40.13999938964844,40.154998779296875,39.25,39.33000183105469,4112000.0
2023-12-14,40.400001525878906,40.400001525878906,40.619998931884766,40.25,40.40999984741211,2554800.0
2023-12-15,40.02000045776367,40.02000045776367,40.43000030517578,39.974998474121094,40.349998474121094,2608600.0
2023-12-18,40.20000076293945,40.20000076293945,40.33000183105469,40.08000183105469,40.130001068115234,1680100.0
2023-12-19,40.47999954223633,40.47999954223633,40.595001220703125,40.27000045776367,40.279998779296875,2186300.0
2023-12-20,40.2599983215332,40.2599983215332,40.43000030517578,40.25,40.380001068115234,1899300.0
2023-12-21,40.54999923706055,40.54999923706055,40.58000183105469,40.38999938964844,40.5,2636900.0
2023-12-22,40.709999084472656,40.709999084472656,41.060001373291016,40.68000030517578,41.0,1946400.0
2023-12-26,41.029998779296875,41.029998779296875,41.029998779296875,40.75,40.869998931884766,1468600.0
2023-12-27,41.22999954223633,41.22999954223633,41.34000015258789,41.0,41.040000915527344,2605500.0
2023-12-28,40.9900016784668,40.9900016784668,41.279998779296875,40.970001220703125,41.16999816894531,2296500.0
2023-12-29,40.90999984741211,40.90999984741211,41.0099983215332,40.84000015258789,40.869998931884766,2355700.0
2024-01-02,40.810001373291016,40.810001373291016,41.06999969482422,40.77000045776367,40.97999954223633,2837900.0
2024-01-03,40.470001220703125,40.470001220703125,40.6349983215332,40.27000045776367,40.40999984741211,5080000.0
2024-01-04,40.52000045776367,40.52000045776367,40.61000061035156,40.38999938964844,40.470001220703125,1779300.0
2024-01-05,40.52000045776367,40.52000045776367,40.93000030517578,40.470001220703125,40.599998474121094,4139400.0
2024-01-08,40.20000076293945,40.20000076293945,40.39099884033203,40.04999923706055,40.060001373291016,2386700.0
2024-01-09,40.22999954223633,40.22999954223633,40.40999984741211,40.183998107910156,40.38999938964844,2001900.0
2024-01-10,40.119998931884766,40.119998931884766,40.33000183105469,40.06999969482422,40.27000045776367,1870800.0
2024-01-11,40.209999084472656,40.209999084472656,40.349998474121094,39.93000030517578,40.2400016784668,4292100.0
2024-01-12,40.61000061035156,40.61000061035156,40.900001525878906,40.4900016784668,40.81999969482422,2124300.0
2024-01-16,40.220001220703125,40.220001220703125,40.5,40.13999938964844,40.47999954223633,2981200.0
2024-01-17,39.790000915527344,39.790000915527344,40.119998931884766,39.70199966430664,40.099998474121094,1901500.0
2024-01-18,40.099998474121094,40.099998474121094,40.1150016784668,39.880001068115234,39.880001068115234,1778300.0
2024-01-19,40.22999954223633,40.22999954223633,40.310001373291016,40.130001068115234,40.310001373291016,2317000.0
2024-01-22,40.08000183105469,40.08000183105469,40.189998626708984,39.994998931884766,40.08000183105469,1745000.0
2024-01-23,40.220001220703125,40.220001220703125,40.27000045776367,40.09000015258789,40.130001068115234,1435700.0
2024-01-24,39.900001525878906,39.900001525878906,40.33000183105469,39.88999938964844,40.33000183105469,3624000.0
2024-01-25,40.06999969482422,40.06999969482422,40.15999984741211,39.91999816894531,40.099998474121094,3819700.0
2024-01-26,40.040000915527344,40.040000915527344,40.11000061035156,39.98400115966797,40.09000015258789,2663400.0
2024-01-29,40.31999969482422,40.31999969482422,40.3650016784668,40.07500076293945,40.310001373291016,2473800.0
2024-01-30,40.369998931884766,40.369998931884766,40.619998931884766,40.2400016784668,40.61000061035156,2739000.0
2024-01-31,40.34000015258789,40.34000015258789,40.775001525878906,40.275001525878906,40.540000915527344,6192700.0
2024-02-01,40.75,40.75,40.959999084472656,40.470001220703125,40.61000061035156,4889500.0
2024-02-02,40.369998931884766,40.369998931884766,40.435001373291016,40.220001220703125,40.2599983215332,2951300.0
2024-02-05,40.15999984741211,40.15999984741211,40.209999084472656,39.970001220703125,40.0099983215332,2675600.0
2024-02-06,40.380001068115234,40.380001068115234,40.43000030517578,40.20000076293945,40.2400016784668,2561900.0
2024-02-07,40.34000015258789,40.34000015258789,40.540000915527344,40.310001373291016,40.36000061035156,5428300.0
2024-02-08,40.31999969482422,40.31999969482422,40.36000061035156,40.209999084472656,40.22999954223633,3091900.0
2024-02-09,40.150001525878906,40.150001525878906,40.20000076293945,40.060001373291016,40.150001525878906,1866200.0
2024-02-12,40.060001373291016,40.060001373291016,40.099998474121094,39.900001525878906,39.959999084472656,1683800.0
2024-02-13,39.5099983215332,39.5099983215332,39.70000076293945,39.459999084472656,39.70000076293945,2368400.0
2024-02-14,39.4900016784668,39.4900016784668,39.58000183105469,39.345001220703125,39.45000076293945,2559700.0
2024-02-15,39.75,39.75,39.81999969482422,39.630001068115234,39.72999954223633,2010000.0
2024-02-16,39.900001525878906,39.900001525878906,39.970001220703125,39.57500076293945,39.61000061035156,2348900.0
2024-02-20,40.150001525878906,40.150001525878906,40.255001068115234,40.119998931884766,40.2400016784668,1544400.0
2024-02-21,40.150001525878906,40.150001525878906,40.2599983215332,40.060001373291016,40.2400016784668,2851900.0
2024-02-22,40.13999938964844,40.13999938964844,40.18000030517578,40.05500030517578,40.15999984741211,3207000.0
2024-02-23,40.380001068115234,40.380001068115234,40.5,40.13999938964844,40.16999816894531,2330300.0
2024-02-26,40.310001373291016,40.310001373291016,40.334999084472656,40.15999984741211,40.220001220703125,2048100.0
2024-02-27,40.25,40.25,40.400001525878906,40.22999954223633,40.380001068115234,1881200.0
2024-02-28,40.34000015258789,40.34000015258789,40.3650016784668,40.27000045776367,40.34000015258789,990400.0
2024-02-29,40.540000915527344,40.540000915527344,40.665000915527344,40.52000045776367,40.619998931884766,5567800.0
2024-03-01,41.29999923706055,41.29999923706055,41.40999984741211,40.54999923706055,40.75,4264600.0
2024-03-04,41.959999084472656,41.959999084472656,42.040000915527344,41.52000045776367,41.58000183105469,3680800.0
2024-03-05,42.220001220703125,42.220001220703125,42.43000030517578,42.11000061035156,42.27000045776367,4511400.0
2024-03-06,42.560001373291016,42.560001373291016,42.66999816894531,42.279998779296875,42.43000030517578,4799900.0
2024-03-07,42.81999969482422,42.81999969482422,42.849998474121094,42.59000015258789,42.7400016784668,2560300.0
2024-03-08,43.18000030517578,43.18000030517578,43.529998779296875,42.93000030517578,43.0099983215332,3867700.0
2024-03-11,43.2599983215332,43.2599983215332,43.34000015258789,43.150001525878906,43.20000076293945,2188700.0
2024-03-12,42.790000915527344,42.790000915527344,42.959999084472656,42.650001525878906,42.93000030517578,2332200.0
2024-03-13,43.06999969482422,43.06999969482422,43.220001220703125,42.900001525878906,42.91999816894531,1736600.0
2024-03-14,42.900001525878906,42.900001525878906,42.93000030517578,42.689998626708984,42.90999984741211,1923900.0
2024-03-15,42.77000045776367,42.77000045776367,42.95000076293945,42.72999954223633,42.81999969482422,1496600.0
2024-03-18,42.84000015258789,42.84000015258789,42.86000061035156,42.724998474121094,42.77000045776367,1440600.0
2024-03-19,42.790000915527344,42.790000915527344,42.79999923706055,42.60499954223633,42.7599983215332,1945800.0
2024-03-20,43.279998779296875,43.279998779296875,43.400001525878906,42.63999938964844,42.65999984741211,3658400.0
2024-03-21,43.2599983215332,43.2599983215332,43.66999816894531,42.959999084472656,43.66699981689453,3357500.0
2024-03-22,42.90999984741211,42.90999984741211,43.22999954223633,42.77000045776367,43.130001068115234,3579500.0
2024-03-25,43.040000915527344,43.040000915527344,43.25,43.040000915527344,43.08000183105469,917500.0
2024-03-26,43.18000030517578,43.18000030517578,43.43000030517578,43.064998626708984,43.40999984741211,1889500.0
2024-03-27,43.5,43.5,43.52000045776367,43.33000183105469,43.34000015258789,2168000.0
2024-03-28,44.04999923706055,44.04999923706055,44.119998931884766,43.66999816894531,43.810001373291016,2497400.0
2024-04-01,44.52000045776367,44.52000045776367,44.70000076293945,44.189998626708984,44.689998626708984,5132800.0
2024-04-02,45.15999984741211,45.15999984741211,45.20000076293945,44.630001068115234,44.790000915527344,6413500.0
2024-04-03,45.56999969482422,45.56999969482422,45.5880012512207,45.04999923706055,45.11000061035156,12922200.0
2024-04-04,45.310001373291016,45.310001373291016,45.709999084472656,45.20000076293945,45.400001525878906,4773200.0
2024-04-05,46.060001373291016,46.060001373291016,46.20000076293945,45.45000076293945,45.5099983215332,2107600.0
2024-04-08,46.369998931884766,46.369998931884766,46.435001373291016,45.970001220703125,46.2400016784668,2578700.0
2024-04-09,46.61000061035156,46.61000061035156,46.869998931884766,46.36000061035156,46.63999938964844,10932400.0
2024-04-10,46.18000030517578,46.18000030517578,46.63999938964844,45.98500061035156,46.13999938964844,8826600.0
2024-04-11,47.060001373291016,47.060001373291016,47.08700180053711,46.2400016784668,46.45000076293945,5298300.0
2024-04-12,46.45000076293945,46.45000076293945,48.209999084472656,46.27000045776367,47.529998779296875,12500400.0
2024-04-15,47.310001373291016,47.310001373291016,47.34000015258789,46.08000183105469,46.68000030517578,8020500.0
2024-04-16,47.38999938964844,47.38999938964844,47.54999923706055,46.86000061035156,47.16999816894531,9403700.0
2024-04-17,47.04999923706055,47.04999923706055,47.5,46.810001373291016,47.34000015258789,5723400.0
2024-04-18,47.189998626708984,47.189998626708984,47.43000030517578,46.97999954223633,47.400001525878906,3699900.0
2024-04-19,47.349998474121094,47.349998474121094,47.630001068115234,47.14500045776367,47.2400016784668,4532600.0
2024-04-22,46.16999816894531,46.16999816894531,46.470001220703125,46.09000015258789,46.349998474121094,12512700.0
2024-04-23,46.040000915527344,46.040000915527344,46.22999954223633,45.810001373291016,45.84000015258789,6981400.0
2024-04-24,45.9900016784668,45.9900016784668,46.34199905395508,45.91999816894531,45.9900016784668,3083300.0
2024-04-25,46.25,46.25,46.4900016784668,45.915000915527344,45.939998626708984,5208500.0
2024-04-26,46.380001068115234,46.380001068115234,46.5,46.176998138427734,46.439998626708984,4424200.0
2024-04-29,46.29999923706055,46.29999923706055,46.529998779296875,46.11000061035156,46.290000915527344,3257800.0
2024-04-30,45.400001525878906,45.400001525878906,45.869998931884766,45.38999938964844,45.720001220703125,4408300.0
2024-05-01,45.79999923706055,45.79999923706055,46.16299819946289,45.51499938964844,45.630001068115234,12203200.0
2024-05-02,45.65999984741211,45.65999984741211,45.779998779296875,45.29999923706055,45.40999984741211,5434500.0
2024-05-03,45.619998931884766,45.619998931884766,45.68000030517578,45.130001068115234,45.619998931884766,7635300.0
2024-05-06,46.09000015258789,46.09000015258789,46.25,45.959999084472656,46.09000015258789,3320800.0
2024-05-07,45.88999938964844,45.88999938964844,46.040000915527344,45.82500076293945,45.95000076293945,1808000.0
2024-05-08,45.77000045776367,45.77000045776367,46.0099983215332,45.744998931884766,45.7599983215332,2526200.0
2024-05-09,46.470001220703125,46.470001220703125,46.47999954223633,45.94900131225586,45.959999084472656,2864000.0
2024-05-10,46.86000061035156,46.86000061035156,47.04999923706055,46.72999954223633,46.970001220703125,3310700.0
2024-05-13,46.349998474121094,46.349998474121094,46.55500030517578,46.23500061035156,46.5099983215332,2728500.0
2024-05-14,46.720001220703125,46.720001220703125,46.779998779296875,46.5,46.560001373291016,2839600.0
2024-05-15,47.31999969482422,47.31999969482422,47.39099884033203,46.630001068115234,46.939998626708984,4445900.0
2024-05-16,47.15999984741211,47.15999984741211,47.2599983215332,47.0099983215332,47.15999984741211,5186400.0
2024-05-17,47.91999816894531,47.91999816894531,47.965999603271484,47.5,47.599998474121094,6522300.0
2024-05-20,48.11000061035156,48.11000061035156,48.32500076293945,47.790000915527344,47.95500183105469,4516100.0
2024-05-21,48.040000915527344,48.040000915527344,48.25,47.93000030517578,48.150001525878906,2741100.0
2024-05-22,47.15999984741211,47.15999984741211,47.83000183105469,47.0880012512207,47.79999923706055,5801000.0
2024-05-23,46.220001220703125,46.220001220703125,46.970001220703125,46.209999084472656,46.880001068115234,5040200.0
2024-05-24,46.279998779296875,46.279998779296875,46.540000915527344,46.224998474121094,46.4900016784668,1993200.0
2024-05-28,46.7400016784668,46.7400016784668,46.83000183105469,46.54499816894531,46.79999923706055,3234400.0
2024-05-29,46.310001373291016,46.310001373291016,46.52000045776367,46.310001373291016,46.4900016784668,3197200.0
2024-05-30,46.40999984741211,46.40999984741211,46.599998474121094,46.369998931884766,46.439998626708984,2475100.0
2024-05-31,46.130001068115234,46.130001068115234,46.70000076293945,46.0,46.66999816894531,3897400.0
2024-06-03,46.529998779296875,46.529998779296875,46.672000885009766,46.19900131225586,46.2599983215332,3088100.0
2024-06-04,46.119998931884766,46.119998931884766,46.34000015258789,45.900001525878906,46.34000015258789,3536700.0
2024-06-05,46.66999816894531,46.66999816894531,46.72999954223633,46.26900100708008,46.41999816894531,3476300.0
2024-06-06,47.02000045776367,47.02000045776367,47.130001068115234,46.7400016784668,46.790000915527344,3296100.0
2024-06-07,45.36000061035156,45.36000061035156,46.11000061035156,45.345001220703125,46.099998474121094,6490800.0
2024-06-10,45.77000045776367,45.77000045776367,45.861000061035156,45.599998474121094,45.66999816894531,2130600.0
2024-06-11,45.88999938964844,45.88999938964844,45.939998626708984,45.70000076293945,45.849998474121094,2076200.0
2024-06-12,46.02000045776367,46.02000045776367,46.40999984741211,45.900001525878906,46.38999938964844,4373600.0
2024-06-13,45.63999938964844,45.63999938964844,46.060001373291016,45.5,45.939998626708984,2944600.0
2024-06-14,46.2400016784668,46.2400016784668,46.29600143432617,46.064998626708984,46.13999938964844,2055600.0
2024-06-17,45.97999954223633,45.97999954223633,46.13100051879883,45.779998779296875,46.04999923706055,1575600.0
2024-06-18,46.18000030517578,46.18000030517578,46.25,45.869998931884766,45.95000076293945,2229200.0
2024-06-20,46.75,46.75,46.869998931884766,46.31999969482422,46.349998474121094,2842200.0
2024-06-21,46.02000045776367,46.02000045776367,46.69499969482422,45.92499923706055,46.689998626708984,3165500.0
2024-06-24,46.220001220703125,46.220001220703125,46.279998779296875,46.12200164794922,46.189998626708984,1298000.0
2024-06-25,45.97999954223633,45.97999954223633,46.150001525878906,45.88999938964844,46.06999969482422,1594300.0
2024-06-26,45.58000183105469,45.58000183105469,45.66999816894531,45.470001220703125,45.529998779296875,2944400.0
2024-06-27,46.08000183105469,46.08000183105469,46.189998626708984,45.970001220703125,46.0099983215332,1654600.0
2024-06-28,46.09000015258789,46.09000015258789,46.25,46.029998779296875,46.220001220703125,1678400.0
2024-07-01,46.209999084472656,46.209999084472656,46.26499938964844,45.970001220703125,46.13999938964844,1808900.0
2024-07-02,46.20000076293945,46.20000076293945,46.310001373291016,46.0,46.150001525878906,2177100.0
2024-07-03,46.72999954223633,46.72999954223633,46.880001068115234,46.58000183105469,46.58000183105469,1722800.0
2024-07-05,47.34000015258789,47.34000015258789,47.43000030517578,47.069000244140625,47.06999969482422,2417000.0
2024-07-08,46.77000045776367,46.77000045776367,47.1609992980957,46.60499954223633,47.08000183105469,2704600.0
2024-07-09,46.849998474121094,46.849998474121094,47.0,46.56999969482422,46.86000061035156,3028400.0
2024-07-10,47.0099983215332,47.0099983215332,47.30099868774414,46.979000091552734,47.189998626708984,2639800.0
2024-07-11,47.849998474121094,47.849998474121094,48.040000915527344,47.47999954223633,47.720001220703125,2803300.0
2024-07-12,47.83000183105469,47.83000183105469,47.93000030517578,47.560001373291016,47.599998474121094,1271100.0
2024-07-15,47.97999954223633,47.97999954223633,48.349998474121094,47.79999923706055,47.880001068115234,1888400.0
2024-07-16,48.939998626708984,48.939998626708984,48.939998626708984,48.290000915527344,48.33000183105469,2483300.0
2024-07-17,48.709999084472656,48.709999084472656,49.220001220703125,48.599998474121094,49.040000915527344,3301800.0
2024-07-18,48.40999984741211,48.40999984741211,48.9370002746582,48.35499954223633,48.810001373291016,2703900.0
2024-07-19,47.54999923706055,47.54999923706055,47.72999954223633,47.46500015258789,47.4900016784668,1826200.0
2024-07-22,47.54999923706055,47.54999923706055,47.56999969482422,47.25,47.4900016784668,1884000.0
2024-07-23,47.709999084472656,47.709999084472656,47.744998931884766,47.560001373291016,47.65999984741211,995400.0
2024-07-24,47.540000915527344,47.540000915527344,48.20500183105469,47.540000915527344,47.90999984741211,2813500.0
2024-07-25,46.810001373291016,46.810001373291016,47.0,46.62900161743164,46.95000076293945,2861700.0
2024-07-26,47.29999923706055,47.29999923706055,47.380001068115234,47.11000061035156,47.15999984741211,2057200.0
2024-07-29,47.2400016784668,47.2400016784668,47.47999954223633,46.96500015258789,47.439998626708984,2786000.0
2024-07-30,47.709999084472656,47.709999084472656,47.790000915527344,47.2400016784668,47.470001220703125,3585100.0
2024-07-31,48.56999969482422,48.56999969482422,48.58000183105469,47.946998596191406,47.970001220703125,3027500.0
2024-08-01,48.400001525878906,48.400001525878906,48.779998779296875,48.25,48.619998931884766,4906000.0
2024-08-02,48.31999969482422,48.31999969482422,49.040000915527344,47.779998779296875,48.880001068115234,7958700.0
2024-08-05,47.720001220703125,47.720001220703125,47.81999969482422,47.21900177001953,47.29999923706055,8821100.0
2024-08-06,47.33000183105469,47.33000183105469,47.619998931884766,47.20000076293945,47.4900016784668,4123200.0
2024-08-07,47.290000915527344,47.290000915527344,47.65999984741211,47.244998931884766,47.59000015258789,2840600.0
2024-08-08,48.029998779296875,48.029998779296875,48.08000183105469,47.709999084472656,47.7599983215332,4166700.0
2024-08-09,48.150001525878906,48.150001525878906,48.29800033569336,47.9900016784668,48.189998626708984,2977600.0
2024-08-12,48.959999084472656,48.959999084472656,49.0,48.45000076293945,48.4900016784668,3365900.0
2024-08-13,48.900001525878906,48.900001525878906,49.06999969482422,48.790000915527344,48.90999984741211,3699100.0
2024-08-14,48.4900016784668,48.4900016784668,48.77000045776367,48.314998626708984,48.58000183105469,4813500.0
2024-08-15,48.650001525878906,48.650001525878906,48.775001525878906,48.2599983215332,48.560001373291016,5213600.0
2024-08-16,49.709999084472656,49.709999084472656,49.724998474121094,49.10499954223633,49.310001373291016,4568400.0
2024-08-19,49.65999984741211,49.65999984741211,49.709999084472656,49.2599983215332,49.349998474121094,4663300.0
2024-08-20,49.84000015258789,49.84000015258789,50.18000030517578,49.56999969482422,50.119998931884766,11265900.0
2024-08-21,49.779998779296875,49.779998779296875,49.93000030517578,49.43000030517578,49.66999816894531,3781300.0
2024-08-22,49.20000076293945,49.20000076293945,49.38999938964844,48.946998596191406,49.38999938964844,4211100.0
2024-08-23,49.7599983215332,49.7599983215332,49.900001525878906,49.43000030517578,49.54999923706055,4020300.0
2024-08-26,49.900001525878906,49.900001525878906,50.06999969482422,49.77000045776367,50.060001373291016,2331700.0
2024-08-27,50.040000915527344,50.040000915527344,50.060001373291016,49.65999984741211,49.68000030517578,2307500.0
2024-08-28,49.70000076293945,49.70000076293945,49.75,49.47999954223633,49.75,1952800.0
2024-08-29,49.95000076293945,49.95000076293945,50.099998474121094,49.72999954223633,49.7400016784668,2385700.0
2024-08-30,49.59000015258789,49.59000015258789,49.93000030517578,49.439998626708984,49.849998474121094,3244600.0
2024-09-03,49.380001068115234,49.380001068115234,49.43000030517578,49.0099983215332,49.40999984741211,3058100.0
2024-09-04,49.41999816894531,49.41999816894531,49.54499816894531,49.189998626708984,49.279998779296875,2630700.0
2024-09-05,49.83000183105469,49.83000183105469,49.939998626708984,49.61000061035156,49.88999938964844,2621000.0
2024-09-06,49.470001220703125,49.470001220703125,49.900001525878906,49.2400016784668,49.709999084472656,6719000.0
2024-09-09,49.650001525878906,49.650001525878906,49.66999816894531,49.40999984741211,49.599998474121094,2408000.0
2024-09-10,49.880001068115234,49.880001068115234,49.90999984741211,49.560001373291016,49.83000183105469,2431200.0
2024-09-11,49.79999923706055,49.79999923706055,49.939998626708984,49.55500030517578,49.70000076293945,2944500.0
2024-09-12,50.689998626708984,50.689998626708984,50.70000076293945,50.279998779296875,50.31999969482422,3759900.0
2024-09-13,51.189998626708984,51.189998626708984,51.25,50.9900016784668,51.06999969482422,2755800.0
2024-09-16,51.18000030517578,51.18000030517578,51.310001373291016,51.05699920654297,51.209999084472656,1791600.0
2024-09-17,50.900001525878906,50.900001525878906,51.18000030517578,50.74599838256836,51.06999969482422,2572400.0
2024-09-18,50.52000045776367,50.52000045776367,51.529998779296875,50.47999954223633,51.09000015258789,9978000.0
2024-09-19,51.290000915527344,51.290000915527344,51.369998931884766,50.90999984741211,51.09000015258789,3168400.0
2024-09-20,51.939998626708984,51.939998626708984,52.03499984741211,51.58000183105469,51.720001220703125,3898900.0
2024-09-23,52.04999923706055,52.04999923706055,52.21500015258789,52.025001525878906,52.119998931884766,3396200.0
2024-09-24,52.77000045776367,52.77000045776367,52.79999923706055,52.150001525878906,52.18000030517578,3448800.0
2024-09-25,52.709999084472656,52.709999084472656,52.849998474121094,52.505001068115234,52.810001373291016,7474900.0
2024-09-26,52.970001220703125,52.970001220703125,53.04999923706055,52.599998474121094,52.86000061035156,4478700.0
2024-09-27,52.560001373291016,52.560001373291016,52.91999816894531,52.375,52.84000015258789,4529700.0
2024-09-30,52.130001068115234,52.130001068115234,52.347999572753906,52.02000045776367,52.34000015258789,3660100.0
2024-10-01,52.689998626708984,52.689998626708984,52.970001220703125,52.560001373291016,52.599998474121094,14280900.0
2024-10-02,52.68000030517578,52.68000030517578,52.775001525878906,52.34000015258789,52.68000030517578,2447600.0
2024-10-03,52.650001525878906,52.650001525878906,52.74800109863281,52.2599983215332,52.4900016784668,3702200.0
2024-10-04,52.540000915527344,52.540000915527344,52.90999984741211,52.349998474121094,52.54999923706055,3306800.0
2024-10-07,52.380001068115234,52.380001068115234,52.5099983215332,52.29999923706055,52.459999084472656,1967400.0
2024-10-08,51.97999954223633,51.97999954223633,52.34000015258789,51.6150016784668,52.290000915527344,5953200.0
2024-10-09,51.70000076293945,51.70000076293945,51.869998931884766,51.6150016784668,51.720001220703125,2162100.0
2024-10-10,52.09000015258789,52.09000015258789,52.119998931884766,51.810001373291016,51.86000061035156,2847000.0
2024-10-11,52.630001068115234,52.630001068115234,52.7400016784668,52.439998626708984,52.459999084472656,2183500.0
2024-10-14,52.56999969482422,52.56999969482422,52.72999954223633,52.39899826049805,52.58000183105469,1581900.0
2024-10-15,52.7599983215332,52.7599983215332,52.88999938964844,52.45000076293945,52.540000915527344,3765500.0
2024-10-16,53.0099983215332,53.0099983215332,53.209999084472656,52.849998474121094,53.130001068115234,2213700.0
2024-10-17,53.34000015258789,53.34000015258789,53.43000030517578,53.1150016784668,53.150001525878906,2209600.0
2024-10-18,53.900001525878906,53.900001525878906,53.92499923706055,53.61000061035156,53.63999938964844,1495800.0
2024-10-21,53.900001525878906,53.900001525878906,54.30500030517578,53.78499984741211,54.220001220703125,3210700.0
2024-10-22,54.470001220703125,54.470001220703125,54.474998474121094,54.165000915527344,54.290000915527344,3664400.0
2024-10-23,53.81999969482422,53.81999969482422,54.310001373291016,53.67499923706055,54.29999923706055,2732000.0
2024-10-24,54.209999084472656,54.209999084472656,54.345001220703125,53.93000030517578,54.34000015258789,2276400.0
2024-10-25,54.349998474121094,54.349998474121094,54.387001037597656,54.0099983215332,54.06999969482422,2218100.0
2024-10-28,54.349998474121094,54.349998474121094,54.40999984741211,54.2599983215332,54.279998779296875,2227800.0
2024-10-29,54.939998626708984,54.939998626708984,54.97999954223633,54.540000915527344,54.59000015258789,8097500.0
2024-10-30,55.22999954223633,55.22999954223633,55.28900146484375,54.900001525878906,55.09000015258789,3204800.0
2024-10-31,54.38999938964844,54.38999938964844,54.83000183105469,54.11000061035156,54.83000183105469,3920700.0
2024-11-01,54.16999816894531,54.16999816894531,54.68000030517578,54.154998779296875,54.56999969482422,2787000.0
2024-11-04,54.2400016784668,54.2400016784668,54.404998779296875,54.12900161743164,54.34000015258789,1668600.0
2024-11-05,54.36000061035156,54.36000061035156,54.4900016784668,54.154998779296875,54.45000076293945,1740200.0
2024-11-06,52.709999084472656,52.709999084472656,53.064998626708984,52.54999923706055,52.689998626708984,5955400.0
2024-11-07,53.56999969482422,53.56999969482422,53.68000030517578,53.22999954223633,53.27000045776367,3780000.0
2024-11-08,53.209999084472656,53.209999084472656,53.5,53.15999984741211,53.439998626708984,4788900.0
2024-11-11,51.959999084472656,51.959999084472656,52.06999969482422,51.724998474121094,52.06999969482422,4184000.0
2024-11-12,51.52000045776367,51.52000045776367,51.849998474121094,51.37099838256836,51.77000045776367,3809800.0
2024-11-13,51.0,51.0,51.810001373291016,50.97999954223633,51.790000915527344,7062700.0
2024-11-14,50.849998474121094,50.849998474121094,51.055999755859375,50.66999816894531,50.77000045776367,3452000.0
2024-11-15,50.7599983215332,50.7599983215332,51.029998779296875,50.70500183105469,50.97999954223633,2982000.0
2024-11-18,51.720001220703125,51.720001220703125,51.810001373291016,51.59000015258789,51.59000015258789,2103600.0
2024-11-19,52.18000030517578,52.18000030517578,52.20500183105469,51.935001373291016,52.09000015258789,1877500.0
2024-11-20,52.4900016784668,52.4900016784668,52.6150016784668,52.25,52.310001373291016,2283300.0
2024-11-21,52.93000030517578,52.93000030517578,52.96099853515625,52.709999084472656,52.849998474121094,2368600.0
2024-11-22,53.619998931884766,53.619998931884766,53.72600173950195,53.189998626708984,53.2599983215332,1980600.0
2024-11-25,52.040000915527344,52.040000915527344,52.439998626708984,51.81999969482422,52.43000030517578,4079200.0
2024-11-26,52.13999938964844,52.13999938964844,52.165000915527344,51.84000015258789,52.08000183105469,2669800.0
2024-11-27,52.2400016784668,52.2400016784668,52.6150016784668,52.185001373291016,52.54999923706055,8170300.0
2024-11-29,52.70000076293945,52.70000076293945,52.75,52.52000045776367,52.630001068115234,895700.0
2024-12-02,52.25,52.25,52.4900016784668,52.18000030517578,52.470001220703125,2473900.0
2024-12-03,52.34000015258789,52.34000015258789,52.61000061035156,52.220001220703125,52.560001373291016,1777300.0
2024-12-04,52.5,52.5,52.650001525878906,52.45000076293945,52.560001373291016,3473800.0
2024-12-05,52.130001068115234,52.130001068115234,52.44499969482422,51.970001220703125,52.40999984741211,2177400.0
2024-12-06,52.150001525878906,52.150001525878906,52.33100128173828,52.02000045776367,52.11000061035156,1583500.0
2024-12-09,52.65999984741211,52.65999984741211,53.03499984741211,52.6349983215332,52.86000061035156,1766700.0
2024-12-10,53.34000015258789,53.34000015258789,53.404998779296875,53.189998626708984,53.20000076293945,1546400.0
2024-12-11,53.849998474121094,53.849998474121094,53.91999816894531,53.43000030517578,53.52000045776367,4654300.0
2024-12-12,53.099998474121094,53.099998474121094,53.27000045776367,52.97999954223633,53.189998626708984,3218600.0
2024-12-13,52.459999084472656,52.459999084472656,52.779998779296875,52.43000030517578,52.72999954223633,2516700.0
2024-12-16,52.560001373291016,52.560001373291016,52.689998626708984,52.47999954223633,52.65999984741211,1349700.0
2024-12-17,52.369998931884766,52.369998931884766,52.4900016784668,52.20000076293945,52.34000015258789,1679600.0
2024-12-18,51.369998931884766,51.369998931884766,52.30699920654297,51.2599983215332,52.290000915527344,4461800.0
2024-12-19,51.439998626708984,51.439998626708984,51.52000045776367,51.244998931884766,51.41999816894531,1716500.0
2024-12-20,51.97999954223633,51.97999954223633,52.13999938964844,51.76499938964844,51.81999969482422,3913900.0
2024-12-23,51.72999954223633,51.72999954223633,51.8849983215332,51.65999984741211,51.849998474121094,1709600.0
2024-12-24,51.84000015258789,51.84000015258789,51.87200164794922,51.689998626708984,51.83000183105469,877800.0
2024-12-26,52.189998626708984,52.189998626708984,52.279998779296875,51.98500061035156,52.029998779296875,892500.0
2024-12-27,51.810001373291016,51.810001373291016,51.93000030517578,51.7400016784668,51.83000183105469,1330400.0
2024-12-30,51.650001525878906,51.650001525878906,51.77000045776367,51.43000030517578,51.77000045776367,1483400.0
2024-12-31,51.9900016784668,51.9900016784668,52.04999923706055,51.7400016784668,51.7400016784668,954800.0
2025-01-02,52.689998626708984,52.689998626708984,52.70000076293945,52.400001525878906,52.41999816894531,2246800.0
2025-01-03,52.279998779296875,52.279998779296875,52.54999923706055,52.2400016784668,52.4900016784668,1701000.0
2025-01-06,52.189998626708984,52.189998626708984,52.33000183105469,51.959999084472656,52.0099983215332,2290300.0
2025-01-07,52.5,52.5,52.7599983215332,52.34000015258789,52.720001220703125,2336300.0
2025-01-08,52.779998779296875,52.779998779296875,52.904998779296875,52.4900016784668,52.7599983215332,2417400.0
2025-01-10,53.70000076293945,53.70000076293945,53.70000076293945,53.13999938964844,53.279998779296875,4514300.0
2025-01-13,52.72999954223633,52.72999954223633,52.97999954223633,52.63199996948242,52.869998931884766,2601100.0
2025-01-14,53.029998779296875,53.029998779296875,53.029998779296875,52.709999084472656,52.72999954223633,1893200.0
2025-01-15,53.43000030517578,53.43000030517578,53.43000030517578,53.029998779296875,53.29999923706055,2598000.0
2025-01-16,53.790000915527344,53.790000915527344,53.970001220703125,53.7239990234375,53.790000915527344,3502700.0
2025-01-17,53.529998779296875,53.529998779296875,53.84000015258789,53.4900016784668,53.630001068115234,2018900.0
2025-01-21,54.34000015258789,54.34000015258789,54.400001525878906,54.06999969482422,54.09000015258789,2078000.0
2025-01-22,54.619998931884766,54.619998931884766,54.689998626708984,54.4900016784668,54.599998474121094,1341400.0
2025-01-23,54.54999923706055,54.54999923706055,54.654998779296875,54.279998779296875,54.36000061035156,1781500.0
2025-01-24,54.90999984741211,54.90999984741211,55.189998626708984,54.8849983215332,54.970001220703125,1472600.0
2025-01-27,54.31999969482422,54.31999969482422,54.58000183105469,54.099998474121094,54.5,2079200.0
2025-01-28,54.77000045776367,54.77000045776367,54.779998779296875,54.5099983215332,54.560001373291016,3683000.0
2025-01-29,54.58000183105469,54.58000183105469,54.69499969482422,54.375999450683594,54.63999938964844,3102800.0
2025-01-30,55.38999938964844,55.38999938964844,55.439998626708984,55.060001373291016,55.189998626708984,3211500.0
2025-01-31,55.47999954223633,55.47999954223633,55.810001373291016,55.36000061035156,55.63999938964844,4873800.0
2025-02-03,55.810001373291016,55.810001373291016,56.08000183105469,55.720001220703125,55.77000045776367,6411000.0
2025-02-04,56.36000061035156,56.36000061035156,56.369998931884766,56.130001068115234,56.220001220703125,2813100.0
2025-02-05,56.720001220703125,56.720001220703125,57.11899948120117,56.675899505615234,56.77000045776367,3183411.0
