Date,Adj Close,Close,High,Low,Open,Volume
2021-10-25,21.99359893798828,25.649999618530273,25.739999771118164,25.280000686645508,25.350000381469727,48800.0
2021-10-26,22.036474227905273,25.700000762939453,25.899999618530273,25.700000762939453,25.700000762939453,17200.0
2021-10-27,22.062196731567383,25.729999542236328,25.740999221801758,25.575000762939453,25.700000762939453,46500.0
2021-10-28,22.036474227905273,25.700000762939453,25.790000915527344,25.65999984741211,25.790000915527344,17800.0
2021-10-29,22.0107479095459,25.670000076293945,25.764999389648438,25.649999618530273,25.700000762939453,17100.0
2021-11-01,21.99359893798828,25.649999618530273,25.729999542236328,25.600000381469727,25.729999542236328,8000.0
2021-11-02,22.036474227905273,25.700000762939453,26.0,25.700000762939453,25.770000457763672,27800.0
2021-11-03,22.036474227905273,25.700000762939453,25.799999237060547,25.700000762939453,25.799999237060547,4000.0
2021-11-04,22.036474227905273,25.700000762939453,25.700000762939453,25.700000762939453,25.700000762939453,0.0
2021-11-05,22.12221336364746,25.799999237060547,25.799999237060547,25.799999237060547,25.799999237060547,1000.0
2021-11-08,22.20796012878418,25.899999618530273,25.899999618530273,25.899999618530273,25.899999618530273,300.0
2021-11-09,22.109357833862305,25.78499984741211,25.850000381469727,25.78499984741211,25.850000381469727,1800.0
2021-11-10,22.062196731567383,25.729999542236328,25.774999618530273,25.670000076293945,25.774999618530273,6700.0
2021-11-11,22.079345703125,25.75,25.75,25.75,25.75,800.0
2021-11-12,22.02790069580078,25.690000534057617,25.700000762939453,25.639999389648438,25.700000762939453,2300.0
2021-11-15,21.99359893798828,25.649999618530273,25.739999771118164,25.649999618530273,25.700000762939453,6000.0
2021-11-16,21.99359893798828,25.649999618530273,25.75,25.649999618530273,25.649999618530273,7600.0
2021-11-17,21.99359893798828,25.649999618530273,25.690000534057617,25.600000381469727,25.690000534057617,2400.0
2021-11-18,22.079345703125,25.75,25.760000228881836,25.649999618530273,25.670000076293945,3600.0
2021-11-19,22.25940704345703,25.959999084472656,27.649999618530273,25.56999969482422,27.649999618530273,13000.0
2021-11-22,22.20796012878418,25.899999618530273,25.899999618530273,25.889999389648438,25.889999389648438,300.0
2021-11-23,22.079345703125,25.75,25.75,25.75,25.75,400.0
2021-11-24,22.079345703125,25.75,25.75,25.75,25.75,0.0
2021-11-26,22.079345703125,25.75,25.75,25.549999237060547,25.549999237060547,2600.0
2021-11-29,22.079345703125,25.75,25.75,25.75,25.75,1000.0
2021-11-30,22.079345703125,25.75,25.770000457763672,25.75,25.770000457763672,6200.0
2021-12-01,22.079345703125,25.75,25.75,25.75,25.75,600.0
2021-12-02,22.079345703125,25.75,25.799999237060547,25.700000762939453,25.799999237060547,6600.0
2021-12-03,21.950729370117188,25.600000381469727,25.600000381469727,25.572999954223633,25.600000381469727,5500.0
2021-12-06,22.036474227905273,25.700000762939453,25.700000762939453,25.700000762939453,25.700000762939453,400.0
2021-12-07,21.976449966430664,25.6299991607666,25.711000442504883,25.6299991607666,25.709999084472656,9200.0
2021-12-08,22.036474227905273,25.700000762939453,25.850000381469727,25.649999618530273,25.649999618530273,22700.0
2021-12-09,21.99359893798828,25.649999618530273,25.700000762939453,25.649999618530273,25.65999984741211,3500.0
2021-12-10,21.985023498535156,25.639999389648438,25.639999389648438,25.639999389648438,25.639999389648438,200.0
2021-12-13,21.985023498535156,25.639999389648438,25.639999389648438,25.639999389648438,25.639999389648438,0.0
2021-12-14,21.950729370117188,25.600000381469727,25.600000381469727,25.600000381469727,25.600000381469727,4500.0
2021-12-15,22.079345703125,25.75,25.75,25.649999618530273,25.649999618530273,3000.0
2021-12-16,22.079345703125,25.75,25.770000457763672,25.700000762939453,25.770000457763672,2800.0
2021-12-17,22.062196731567383,25.729999542236328,25.729999542236328,25.700000762939453,25.700000762939453,900.0
2021-12-20,22.036474227905273,25.700000762939453,25.700000762939453,25.670000076293945,25.700000762939453,5200.0
2021-12-21,22.036474227905273,25.700000762939453,25.700000762939453,25.5,25.5,300.0
2021-12-22,22.036474227905273,25.700000762939453,25.700000762939453,25.700000762939453,25.700000762939453,1800.0
2021-12-23,22.25083351135254,25.950000762939453,26.8700008392334,25.559999465942383,26.21500015258789,6800.0
2021-12-27,22.25083351135254,25.950000762939453,25.950000762939453,25.950000762939453,25.950000762939453,0.0
2021-12-28,22.25083351135254,25.950000762939453,25.950000762939453,25.950000762939453,25.950000762939453,0.0
2021-12-29,22.25083351135254,25.950000762939453,25.950000762939453,25.950000762939453,25.950000762939453,0.0
2021-12-30,22.25083351135254,25.950000762939453,25.950000762939453,25.950000762939453,25.950000762939453,0.0
2021-12-31,22.25083351135254,25.950000762939453,25.950000762939453,25.950000762939453,25.950000762939453,0.0
2022-01-03,22.593814849853516,26.350000381469727,26.350000381469727,25.75,25.75,1500.0
2022-01-04,22.593814849853516,26.350000381469727,26.350000381469727,26.350000381469727,26.350000381469727,0.0
2022-01-05,22.302282333374023,26.010000228881836,26.010000228881836,26.010000228881836,26.010000228881836,100.0
2022-01-06,22.2937068939209,26.0,26.0,26.0,26.0,1000.0
2022-01-07,22.036474227905273,25.700000762939453,25.950000762939453,25.600000381469727,25.690000534057617,2700.0
2022-01-10,22.25083351135254,25.950000762939453,25.950000762939453,25.670000076293945,25.700000762939453,2400.0
2022-01-11,22.079345703125,25.75,25.940000534057617,25.649999618530273,25.920000076293945,3500.0
2022-01-12,22.079345703125,25.75,25.75,25.75,25.75,0.0
2022-01-13,21.985023498535156,25.639999389648438,25.799999237060547,25.489999771118164,25.799999237060547,7400.0
2022-01-14,21.985023498535156,25.639999389648438,25.639999389648438,25.639999389648438,25.639999389648438,0.0
2022-01-18,21.77923583984375,25.399999618530273,25.50200080871582,25.399999618530273,25.5,2500.0
2022-01-19,21.95929718017578,25.610000610351562,25.610000610351562,25.549999237060547,25.549999237060547,1200.0
2022-01-20,22.893922805786133,26.700000762939453,26.700000762939453,25.600000381469727,25.6200008392334,1800.0
2022-01-21,22.46519660949707,26.200000762939453,26.200000762939453,25.5,25.760000228881836,10400.0
2022-01-24,22.422325134277344,26.149999618530273,26.149999618530273,25.59000015258789,25.600000381469727,4000.0
2022-01-25,22.0107479095459,25.670000076293945,25.68000030517578,25.649999618530273,25.649999618530273,2100.0
2022-01-26,22.347728729248047,26.062999725341797,26.062999725341797,26.062999725341797,26.062999725341797,1100.0
2022-01-27,22.347728729248047,26.062999725341797,26.062999725341797,26.062999725341797,26.062999725341797,0.0
2022-01-28,22.347728729248047,26.062999725341797,26.062999725341797,26.062999725341797,26.062999725341797,0.0
2022-01-31,21.899282455444336,25.540000915527344,25.540000915527344,25.540000915527344,25.540000915527344,100.0
2022-02-01,21.933578491210938,25.579999923706055,25.579999923706055,25.579999923706055,25.579999923706055,200.0
2022-02-02,21.933578491210938,25.579999923706055,25.579999923706055,25.579999923706055,25.579999923706055,0.0
2022-02-03,22.251691818237305,25.951000213623047,25.951000213623047,25.920000076293945,25.920000076293945,2300.0
2022-02-04,22.267986297607422,25.969999313354492,25.985000610351562,25.5,25.985000610351562,1100.0
2022-02-07,22.079345703125,25.75,25.75,25.549999237060547,25.709999084472656,2700.0
2022-02-08,21.916427612304688,25.559999465942383,25.700000762939453,25.459999084472656,25.700000762939453,3100.0
2022-02-09,21.882129669189453,25.520000457763672,25.56999969482422,25.25,25.399999618530273,4600.0
2022-02-10,21.882129669189453,25.520000457763672,25.520000457763672,25.520000457763672,25.520000457763672,0.0
2022-02-11,21.770662307739258,25.389999389648438,25.395000457763672,25.25,25.25,1800.0
2022-02-14,21.757801055908203,25.375,25.399999618530273,25.375,25.389999389648438,2800.0
2022-02-15,21.68062973022461,25.28499984741211,25.399999618530273,25.25,25.325000762939453,7100.0
2022-02-16,21.77923583984375,25.399999618530273,25.399999618530273,25.31999969482422,25.399999618530273,7300.0
2022-02-17,21.710641860961914,25.31999969482422,25.739999771118164,25.25,25.329999923706055,6300.0
2022-02-18,21.710641860961914,25.31999969482422,25.31999969482422,25.31999969482422,25.31999969482422,0.0
2022-02-22,22.079345703125,25.75,25.75,25.0,25.25,9800.0
2022-02-23,21.864980697631836,25.5,25.5,25.229999542236328,25.299999237060547,3600.0
2022-02-24,21.864980697631836,25.5,25.5,25.5,25.5,0.0
2022-02-25,21.864980697631836,25.5,25.5,25.5,25.5,0.0
2022-02-28,22.036474227905273,25.700000762939453,25.75,25.5,25.5,2800.0
2022-03-01,22.036474227905273,25.700000762939453,25.700000762939453,25.700000762939453,25.700000762939453,0.0
2022-03-02,22.12221336364746,25.799999237060547,26.024999618530273,25.799999237060547,25.84000015258789,1200.0
2022-03-03,22.12221336364746,25.799999237060547,25.799999237060547,25.799999237060547,25.799999237060547,0.0
2022-03-04,22.379451751708984,26.100000381469727,26.1299991607666,25.25,26.110000610351562,1000.0
2022-03-07,22.25940704345703,25.959999084472656,25.959999084472656,25.530000686645508,25.540000915527344,800.0
2022-03-08,22.25940704345703,25.959999084472656,25.959999084472656,25.959999084472656,25.959999084472656,0.0
2022-03-09,22.25940704345703,25.959999084472656,25.959999084472656,25.959999084472656,25.959999084472656,0.0
2022-03-10,22.233686447143555,25.93000030517578,25.93000030517578,25.5,25.503999710083008,1300.0
2022-03-11,22.233686447143555,25.93000030517578,25.93000030517578,25.93000030517578,25.93000030517578,0.0
2022-03-14,22.493932723999023,25.93000030517578,25.93000030517578,25.93000030517578,25.93000030517578,0.0
2022-03-15,22.12091064453125,25.5,25.5,25.5,25.5,800.0
2022-03-16,22.12091064453125,25.5,25.5,25.5,25.5,0.0
2022-03-17,22.12091064453125,25.5,25.5,25.5,25.5,0.0
2022-03-18,22.337787628173828,25.75,25.75,25.25,25.25,1100.0
2022-03-21,22.303083419799805,25.709999084472656,25.709999084472656,25.514999389648438,25.514999389648438,800.0
2022-03-22,22.190311431884766,25.579999923706055,25.579999923706055,25.549999237060547,25.549999237060547,500.0
2022-03-23,21.98211669921875,25.34000015258789,25.5,25.25,25.5,2300.0
2022-03-24,21.90403938293457,25.25,25.260000228881836,25.25,25.25,2600.0
2022-03-25,21.470294952392578,24.75,25.059999465942383,24.75,25.059999465942383,800.0
2022-03-28,21.678491592407227,24.989999771118164,25.299999237060547,24.969999313354492,24.969999313354492,3000.0
2022-03-29,21.55704689025879,24.850000381469727,25.0,24.709999084472656,24.739999771118164,3500.0
2022-03-30,21.85199546813965,25.190000534057617,25.200000762939453,24.850000381469727,24.850000381469727,3300.0
2022-03-31,21.860666275024414,25.200000762939453,25.25,25.200000762939453,25.25,1100.0
2022-04-01,22.54598045349121,25.989999771118164,25.989999771118164,25.440000534057617,25.440000534057617,500.0
2022-04-04,22.54598045349121,25.989999771118164,25.989999771118164,25.989999771118164,25.989999771118164,0.0
2022-04-05,21.860666275024414,25.200000762939453,25.200000762939453,25.149999618530273,25.200000762939453,2200.0
2022-04-06,22.537303924560547,25.979999542236328,25.979999542236328,24.850000381469727,25.100000381469727,4200.0
2022-04-07,22.51128387451172,25.950000762939453,25.950000762939453,25.299999237060547,25.299999237060547,400.0
2022-04-08,22.467906951904297,25.899999618530273,25.899999618530273,25.899999618530273,25.899999618530273,200.0
2022-04-11,22.12091064453125,25.5,25.5,25.5,25.5,400.0
2022-04-12,22.31869888305664,25.72800064086914,25.72800064086914,25.72800064086914,25.72800064086914,200.0
2022-04-13,21.609092712402344,24.90999984741211,25.049999237060547,24.799999237060547,25.030000686645508,13200.0
2022-04-14,21.609092712402344,24.90999984741211,24.90999984741211,24.90999984741211,24.90999984741211,0.0
2022-04-18,21.609092712402344,24.90999984741211,24.90999984741211,24.90999984741211,24.90999984741211,0.0
2022-04-19,21.609092712402344,24.90999984741211,24.90999984741211,24.90999984741211,24.90999984741211,0.0
2022-04-20,21.609092712402344,24.90999984741211,24.90999984741211,24.90999984741211,24.90999984741211,0.0
2022-04-21,21.687170028686523,25.0,25.0,25.0,25.0,200.0
2022-04-22,21.728805541992188,25.04800033569336,25.139999389648438,24.799999237060547,24.802000045776367,1500.0
2022-04-25,21.728805541992188,25.04800033569336,25.04800033569336,25.04800033569336,25.04800033569336,0.0
2022-04-26,21.728805541992188,25.04800033569336,25.04800033569336,25.04800033569336,25.04800033569336,0.0
2022-04-27,21.513669967651367,24.799999237060547,24.799999237060547,24.799999237060547,24.799999237060547,400.0
2022-04-28,21.461620330810547,24.739999771118164,24.739999771118164,24.739999771118164,24.739999771118164,300.0
2022-04-29,21.470294952392578,24.75,24.75,24.75,24.75,1800.0
2022-05-02,21.496320724487305,24.780000686645508,24.815000534057617,24.770000457763672,24.770000457763672,1200.0
2022-05-03,21.681964874267578,24.993999481201172,25.065000534057617,24.850000381469727,25.065000534057617,800.0
2022-05-04,21.681964874267578,24.993999481201172,24.993999481201172,24.993999481201172,24.993999481201172,0.0
2022-05-05,21.681964874267578,24.993999481201172,24.993999481201172,24.993999481201172,24.993999481201172,0.0
2022-05-06,21.678491592407227,24.989999771118164,24.989999771118164,24.979999542236328,24.979999542236328,300.0
2022-05-09,21.678491592407227,24.989999771118164,24.989999771118164,24.989999771118164,24.989999771118164,300.0
2022-05-10,21.5709228515625,24.865999221801758,24.865999221801758,24.865999221801758,24.865999221801758,200.0
2022-05-11,21.5709228515625,24.865999221801758,24.865999221801758,24.865999221801758,24.865999221801758,0.0
2022-05-12,21.42691993713379,24.700000762939453,24.73200035095215,24.65999984741211,24.65999984741211,1200.0
2022-05-13,21.418251037597656,24.690000534057617,24.690000534057617,24.649999618530273,24.649999618530273,1700.0
2022-05-16,21.470294952392578,24.75,24.75,24.75,24.75,400.0
2022-05-17,21.470294952392578,24.75,24.75,24.75,24.75,0.0
2022-05-18,21.470294952392578,24.75,24.75,24.75,24.75,0.0
2022-05-19,21.643798828125,24.950000762939453,25.0,24.850000381469727,24.850000381469727,10000.0
2022-05-20,21.42691993713379,24.700000762939453,24.860000610351562,24.6200008392334,24.860000610351562,21800.0
2022-05-23,21.42691993713379,24.700000762939453,24.700000762939453,24.649999618530273,24.700000762939453,4500.0
2022-05-24,21.42691993713379,24.700000762939453,24.700000762939453,24.700000762939453,24.700000762939453,0.0
2022-05-25,21.386152267456055,24.652999877929688,24.75,24.604000091552734,24.75,4200.0
2022-05-26,21.687170028686523,25.0,25.049999237060547,24.774999618530273,24.799999237060547,21700.0
2022-05-27,21.595212936401367,24.893999099731445,25.049999237060547,24.893999099731445,25.040000915527344,3500.0
2022-05-31,21.595212936401367,24.893999099731445,24.893999099731445,24.893999099731445,24.893999099731445,0.0
2022-06-01,21.595212936401367,24.893999099731445,24.893999099731445,24.893999099731445,24.893999099731445,0.0
2022-06-02,21.77391815185547,25.100000381469727,25.100000381469727,25.049999237060547,25.049999237060547,5400.0
2022-06-03,21.687170028686523,25.0,25.0,25.0,25.0,500.0
2022-06-06,21.643798828125,24.950000762939453,25.100000381469727,24.950000762939453,25.100000381469727,5500.0
2022-06-07,21.70885467529297,25.024999618530273,25.100000381469727,24.940000534057617,24.940000534057617,4100.0
2022-06-08,21.522342681884766,24.809999465942383,24.950000762939453,24.809999465942383,24.950000762939453,900.0
2022-06-09,21.6524658203125,24.959999084472656,24.959999084472656,24.959999084472656,24.959999084472656,10000.0
2022-06-10,21.6524658203125,24.959999084472656,24.959999084472656,24.959999084472656,24.959999084472656,0.0
2022-06-13,21.461620330810547,24.739999771118164,25.100000381469727,24.739999771118164,25.100000381469727,900.0
2022-06-14,21.725950241088867,24.739999771118164,24.739999771118164,24.739999771118164,24.739999771118164,0.0
2022-06-15,21.725950241088867,24.739999771118164,24.739999771118164,24.739999771118164,24.739999771118164,0.0
2022-06-16,21.725950241088867,24.739999771118164,24.739999771118164,24.739999771118164,24.739999771118164,0.0
2022-06-17,21.725950241088867,24.739999771118164,24.739999771118164,24.739999771118164,24.739999771118164,0.0
2022-06-21,21.725950241088867,24.739999771118164,24.739999771118164,24.739999771118164,24.739999771118164,0.0
2022-06-22,21.725950241088867,24.739999771118164,24.739999771118164,24.739999771118164,24.739999771118164,0.0
2022-06-23,21.725950241088867,24.739999771118164,24.739999771118164,24.739999771118164,24.739999771118164,0.0
2022-06-24,21.39224624633789,24.360000610351562,24.690000534057617,24.360000610351562,24.690000534057617,1400.0
2022-06-27,21.39224624633789,24.360000610351562,24.360000610351562,24.360000610351562,24.360000610351562,0.0
2022-06-28,21.51519012451172,24.5,24.5,24.440000534057617,24.440000534057617,300.0
2022-06-29,21.708389282226562,24.719999313354492,24.719999313354492,24.719999313354492,24.719999313354492,100.0
2022-06-30,21.708389282226562,24.719999313354492,24.719999313354492,24.719999313354492,24.719999313354492,0.0
2022-07-01,21.95427703857422,25.0,25.0,24.959999084472656,24.959999084472656,800.0
2022-07-05,21.95427703857422,25.0,25.0,25.0,25.0,0.0
2022-07-06,21.95427703857422,25.0,25.0,25.0,25.0,0.0
2022-07-07,21.73473358154297,24.75,24.75,24.75,24.75,500.0
2022-07-08,21.866456985473633,24.899999618530273,24.899999618530273,24.798999786376953,24.798999786376953,1800.0
2022-07-11,21.866456985473633,24.899999618530273,24.899999618530273,24.899999618530273,24.899999618530273,0.0
2022-07-12,21.866456985473633,24.899999618530273,24.899999618530273,24.820999145507812,24.820999145507812,1500.0
2022-07-13,21.866456985473633,24.899999618530273,24.899999618530273,24.899999618530273,24.899999618530273,0.0
2022-07-14,21.866456985473633,24.899999618530273,24.899999618530273,24.899999618530273,24.899999618530273,500.0
2022-07-15,21.866456985473633,24.899999618530273,24.899999618530273,24.843000411987305,24.843000411987305,600.0
2022-07-18,21.866456985473633,24.899999618530273,24.899999618530273,24.899999618530273,24.899999618530273,0.0
2022-07-19,21.690826416015625,24.700000762939453,24.700000762939453,24.700000762939453,24.700000762939453,900.0
2022-07-20,21.690826416015625,24.700000762939453,24.700000762939453,24.700000762939453,24.700000762939453,0.0
2022-07-21,21.866456985473633,24.899999618530273,24.899999618530273,24.899999618530273,24.899999618530273,900.0
2022-07-22,21.866456985473633,24.899999618530273,24.899999618530273,24.899999618530273,24.899999618530273,0.0
2022-07-25,21.866456985473633,24.899999618530273,24.899999618530273,24.899999618530273,24.899999618530273,0.0
2022-07-26,21.866456985473633,24.899999618530273,24.899999618530273,24.899999618530273,24.899999618530273,0.0
2022-07-27,21.866456985473633,24.899999618530273,24.899999618530273,24.899999618530273,24.899999618530273,0.0
2022-07-28,21.866456985473633,24.899999618530273,24.899999618530273,24.79800033569336,24.79800033569336,900.0
2022-07-29,21.866456985473633,24.899999618530273,24.899999618530273,24.899999618530273,24.899999618530273,0.0
2022-08-01,21.73473358154297,24.75,24.75,24.75,24.75,2100.0
2022-08-02,21.690826416015625,24.700000762939453,24.729999542236328,24.700000762939453,24.700000762939453,2400.0
2022-08-03,21.599496841430664,24.59600067138672,25.0,24.59600067138672,25.0,1200.0
2022-08-04,21.599496841430664,24.59600067138672,24.59600067138672,24.59600067138672,24.59600067138672,0.0
2022-08-05,21.599496841430664,24.59600067138672,24.59600067138672,24.59600067138672,24.59600067138672,0.0
2022-08-08,21.599496841430664,24.59600067138672,24.59600067138672,24.59600067138672,24.59600067138672,0.0
2022-08-09,21.599496841430664,24.59600067138672,24.59600067138672,24.59600067138672,24.59600067138672,0.0
2022-08-10,21.73473358154297,24.75,24.75,24.75,24.75,400.0
2022-08-11,21.778644561767578,24.799999237060547,24.799999237060547,24.799999237060547,24.799999237060547,1200.0
2022-08-12,21.778644561767578,24.799999237060547,24.81999969482422,24.799999237060547,24.799999237060547,8300.0
2022-08-15,21.778644561767578,24.799999237060547,24.799999237060547,24.799999237060547,24.799999237060547,0.0
2022-08-16,21.778644561767578,24.799999237060547,24.799999237060547,24.799999237060547,24.799999237060547,0.0
2022-08-17,21.73473358154297,24.75,24.75,24.559999465942383,24.559999465942383,3800.0
2022-08-18,21.778644561767578,24.799999237060547,24.799999237060547,24.799999237060547,24.799999237060547,1000.0
2022-08-19,21.778644561767578,24.799999237060547,24.799999237060547,24.799999237060547,24.799999237060547,0.0
2022-08-22,21.778644561767578,24.799999237060547,24.799999237060547,24.799999237060547,24.799999237060547,0.0
2022-08-23,21.778644561767578,24.799999237060547,25.0,24.799999237060547,25.0,1300.0
2022-08-24,21.778644561767578,24.799999237060547,24.799999237060547,24.799999237060547,24.799999237060547,300.0
2022-08-25,21.778644561767578,24.799999237060547,24.799999237060547,24.799999237060547,24.799999237060547,3300.0
2022-08-26,21.778644561767578,24.799999237060547,24.799999237060547,24.799999237060547,24.799999237060547,0.0
2022-08-29,21.778644561767578,24.799999237060547,24.799999237060547,24.799999237060547,24.799999237060547,0.0
2022-08-30,21.61178970336914,24.610000610351562,24.639999389648438,24.547000885009766,24.610000610351562,2300.0
2022-08-31,21.95427703857422,25.0,25.0,25.0,25.0,1100.0
2022-09-01,21.95427703857422,25.0,25.0,25.0,25.0,0.0
2022-09-02,21.95427703857422,25.0,25.0,25.0,25.0,0.0
2022-09-06,21.95427703857422,25.0,25.0,25.0,25.0,0.0
2022-09-07,21.690826416015625,24.700000762939453,24.700000762939453,24.700000762939453,24.700000762939453,400.0
2022-09-08,21.690826416015625,24.700000762939453,24.700000762939453,24.700000762939453,24.700000762939453,0.0
2022-09-09,21.690826416015625,24.700000762939453,24.700000762939453,24.700000762939453,24.700000762939453,0.0
2022-09-12,21.690826416015625,24.700000762939453,24.700000762939453,24.700000762939453,24.700000762939453,0.0
2022-09-13,21.07610511779785,24.0,24.3700008392334,23.700000762939453,24.3700008392334,20900.0
2022-09-14,21.560869216918945,24.239999771118164,24.239999771118164,23.674999237060547,23.75,2000.0
2022-09-15,21.3385009765625,23.989999771118164,24.18000030517578,23.549999237060547,23.600000381469727,2400.0
2022-09-16,21.3385009765625,23.989999771118164,23.989999771118164,23.989999771118164,23.989999771118164,0.0
2022-09-19,21.240657806396484,23.8799991607666,23.989999771118164,23.8799991607666,23.989999771118164,1900.0
2022-09-20,21.347394943237305,24.0,24.0,23.75,23.75,700.0
2022-09-21,21.125028610229492,23.75,23.75,23.75,23.75,200.0
2022-09-22,21.03607749938965,23.649999618530273,23.75,23.575000762939453,23.75,700.0
2022-09-23,21.03607749938965,23.649999618530273,23.649999618530273,23.649999618530273,23.649999618530273,300.0
2022-09-26,21.125028610229492,23.75,23.75,23.75,23.75,300.0
2022-09-27,21.03607749938965,23.649999618530273,23.770000457763672,23.649999618530273,23.75,13500.0
2022-09-28,20.902658462524414,23.5,23.875,23.33300018310547,23.75,12700.0
2022-09-29,21.125028610229492,23.75,23.75,23.100000381469727,23.18000030517578,1400.0
2022-09-30,20.591341018676758,23.149999618530273,23.170000076293945,23.149999618530273,23.170000076293945,200.0
2022-10-03,20.902658462524414,23.5,23.5,23.5,23.5,3900.0
2022-10-04,20.902658462524414,23.5,23.600000381469727,23.5,23.5,2100.0
2022-10-05,20.902658462524414,23.5,23.5,23.5,23.5,800.0
2022-10-06,20.902658462524414,23.5,23.5,23.5,23.5,4300.0
2022-10-07,20.902658462524414,23.5,23.5,23.5,23.5,0.0
2022-10-10,20.902658462524414,23.5,23.5,23.5,23.5,0.0
2022-10-11,21.089447021484375,23.709999084472656,23.709999084472656,23.709999084472656,23.709999084472656,500.0
2022-10-12,20.902658462524414,23.5,23.5,23.5,23.5,2000.0
2022-10-13,20.813711166381836,23.399999618530273,23.43000030517578,23.399999618530273,23.43000030517578,900.0
2022-10-14,20.902658462524414,23.5,23.559999465942383,23.5,23.559999465942383,2700.0
2022-10-17,20.902658462524414,23.5,23.690000534057617,23.5,23.690000534057617,2300.0
2022-10-18,20.902658462524414,23.5,23.5,23.5,23.5,300.0
2022-10-19,20.813711166381836,23.399999618530273,23.5,23.399999618530273,23.5,2600.0
2022-10-20,20.813711166381836,23.399999618530273,23.399999618530273,23.399999618530273,23.399999618530273,0.0
2022-10-21,20.841285705566406,23.430999755859375,23.489999771118164,23.270000457763672,23.399999618530273,800.0
2022-10-24,20.841285705566406,23.430999755859375,23.430999755859375,23.430999755859375,23.430999755859375,0.0
2022-10-25,20.841285705566406,23.430999755859375,23.430999755859375,23.430999755859375,23.430999755859375,0.0
2022-10-26,20.45792007446289,23.0,23.0,22.799999237060547,22.799999237060547,500.0
2022-10-27,20.2800235748291,22.799999237060547,22.940000534057617,22.799999237060547,22.940000534057617,600.0
2022-10-28,20.902658462524414,23.5,23.5,23.25,23.354999542236328,2100.0
2022-10-31,20.902658462524414,23.5,23.5,23.5,23.5,0.0
2022-11-01,20.904434204101562,23.50200080871582,23.562999725341797,23.5,23.562999725341797,1200.0
2022-11-02,20.904434204101562,23.50200080871582,23.50200080871582,23.50200080871582,23.50200080871582,0.0
2022-11-03,20.902658462524414,23.5,23.5,23.5,23.5,300.0
2022-11-04,20.902658462524414,23.5,23.5,23.5,23.5,0.0
2022-11-07,21.52528953552246,24.200000762939453,24.920000076293945,23.0,23.110000610351562,9200.0
2022-11-08,21.52528953552246,24.200000762939453,24.200000762939453,24.200000762939453,24.200000762939453,0.0
2022-11-09,20.54686737060547,23.100000381469727,23.280000686645508,23.100000381469727,23.280000686645508,600.0
2022-11-10,20.902658462524414,23.5,23.770000457763672,23.5,23.770000457763672,1800.0
2022-11-11,20.902658462524414,23.5,23.5,23.5,23.5,400.0
2022-11-14,20.902658462524414,23.5,23.950000762939453,23.5,23.950000762939453,2500.0
2022-11-15,20.902658462524414,23.5,23.5,23.5,23.5,0.0
2022-11-16,20.902658462524414,23.5,23.5,23.5,23.5,0.0
2022-11-17,20.751445770263672,23.329999923706055,23.5,23.329999923706055,23.5,200.0
2022-11-18,20.45792007446289,23.0,23.0,23.0,23.0,1100.0
2022-11-21,20.45792007446289,23.0,23.0,23.0,23.0,0.0
2022-11-22,20.45792007446289,23.0,23.0,23.0,23.0,0.0
2022-11-23,21.258447647094727,23.899999618530273,23.899999618530273,23.84000015258789,23.84000015258789,1500.0
2022-11-25,20.902658462524414,23.5,23.5,23.5,23.5,100.0
2022-11-28,20.902658462524414,23.5,23.5,23.5,23.5,0.0
2022-11-29,20.902658462524414,23.5,23.5,23.5,23.5,0.0
2022-11-30,20.94713020324707,23.549999237060547,23.549999237060547,23.549999237060547,23.549999237060547,2600.0
2022-12-01,20.991605758666992,23.600000381469727,23.600000381469727,23.600000381469727,23.600000381469727,2100.0
2022-12-02,20.991605758666992,23.600000381469727,23.600000381469727,23.600000381469727,23.600000381469727,4300.0
2022-12-05,20.991605758666992,23.600000381469727,23.600000381469727,23.549999237060547,23.600000381469727,3300.0
2022-12-06,20.991605758666992,23.600000381469727,23.600000381469727,23.600000381469727,23.600000381469727,1100.0
2022-12-07,20.902658462524414,23.5,23.5,23.49799919128418,23.5,4400.0
2022-12-08,20.858184814453125,23.450000762939453,23.5,23.450000762939453,23.5,3900.0
2022-12-09,20.858184814453125,23.450000762939453,23.450000762939453,23.450000762939453,23.450000762939453,0.0
2022-12-12,20.991605758666992,23.600000381469727,23.8799991607666,23.600000381469727,23.8799991607666,4800.0
2022-12-13,20.902658462524414,23.5,23.5,23.5,23.5,3000.0
2022-12-14,20.590852737426758,22.849000930786133,23.200000762939453,22.799999237060547,23.18000030517578,9800.0
2022-12-15,20.95222282409668,23.25,23.25,22.600000381469727,22.649999618530273,11000.0
2022-12-16,21.06036376953125,23.3700008392334,23.3700008392334,23.25,23.25,4900.0
2022-12-19,20.7269287109375,23.0,23.0,23.0,23.0,100.0
2022-12-20,20.771987915039062,23.049999237060547,23.049999237060547,23.049999237060547,23.049999237060547,200.0
2022-12-21,21.159488677978516,23.479999542236328,23.479999542236328,23.200000762939453,23.200000762939453,400.0
2022-12-22,21.159488677978516,23.479999542236328,23.479999542236328,23.479999542236328,23.479999542236328,0.0
2022-12-23,21.132457733154297,23.450000762939453,23.450000762939453,23.450000762939453,23.450000762939453,200.0
2022-12-27,21.177515029907227,23.5,23.71500015258789,23.5,23.71500015258789,700.0
2022-12-28,21.321704864501953,23.65999984741211,23.65999984741211,23.65999984741211,23.65999984741211,100.0
2022-12-29,21.357749938964844,23.700000762939453,23.709999084472656,23.700000762939453,23.709999084472656,1800.0
2022-12-30,21.357749938964844,23.700000762939453,23.700000762939453,23.700000762939453,23.700000762939453,0.0
2023-01-03,21.357749938964844,23.700000762939453,23.700000762939453,23.700000762939453,23.700000762939453,0.0
2023-01-04,20.99728012084961,23.299999237060547,23.299999237060547,23.09000015258789,23.09000015258789,2300.0
2023-01-05,20.99728012084961,23.299999237060547,23.299999237060547,23.299999237060547,23.299999237060547,0.0
2023-01-06,21.447864532470703,23.799999237060547,23.799999237060547,23.799999237060547,23.799999237060547,600.0
2023-01-09,21.44155502319336,23.792999267578125,23.792999267578125,23.75,23.75,500.0
2023-01-10,21.447864532470703,23.799999237060547,23.799999237060547,23.799999237060547,23.799999237060547,1000.0
2023-01-11,21.447864532470703,23.799999237060547,23.850000381469727,23.799999237060547,23.850000381469727,1700.0
2023-01-12,21.26763343811035,23.600000381469727,23.6299991607666,23.600000381469727,23.6299991607666,500.0
2023-01-13,21.26763343811035,23.600000381469727,23.600000381469727,23.600000381469727,23.600000381469727,0.0
2023-01-17,21.2405948638916,23.56999969482422,23.59000015258789,23.56999969482422,23.59000015258789,400.0
2023-01-18,21.583040237426758,23.950000762939453,23.950000762939453,23.950000762939453,23.950000762939453,400.0
2023-01-19,21.402809143066406,23.75,23.75,23.75,23.75,700.0
2023-01-20,21.222572326660156,23.549999237060547,23.549999237060547,23.540000915527344,23.540000915527344,1800.0
2023-01-23,21.31268882751465,23.649999618530273,23.649999618530273,23.649999618530273,23.649999618530273,300.0
2023-01-24,21.402809143066406,23.75,24.0,23.75,23.959999084472656,1600.0
2023-01-25,21.492921829223633,23.850000381469727,23.850000381469727,23.850000381469727,23.850000381469727,400.0
2023-01-26,21.26763343811035,23.600000381469727,23.600000381469727,23.600000381469727,23.600000381469727,1500.0
2023-01-27,21.26763343811035,23.600000381469727,23.600000381469727,23.600000381469727,23.600000381469727,0.0
2023-01-30,21.31268882751465,23.649999618530273,23.649999618530273,23.649999618530273,23.649999618530273,800.0
2023-01-31,21.357749938964844,23.700000762939453,23.700000762939453,23.700000762939453,23.700000762939453,1000.0
2023-02-01,21.447864532470703,23.799999237060547,23.799999237060547,23.610000610351562,23.75,1500.0
2023-02-02,21.402809143066406,23.75,23.75,23.75,23.75,1100.0
2023-02-03,21.402809143066406,23.75,23.75,23.75,23.75,0.0
2023-02-06,21.357749938964844,23.700000762939453,23.75,23.700000762939453,23.75,1000.0
2023-02-07,21.231586456298828,23.559999465942383,23.559999465942383,23.558000564575195,23.559999465942383,1000.0
2023-02-08,21.31268882751465,23.649999618530273,23.649999618530273,23.559999465942383,23.559999465942383,2100.0
2023-02-09,21.31268882751465,23.649999618530273,23.649999618530273,23.649999618530273,23.649999618530273,0.0
2023-02-10,21.31268882751465,23.649999618530273,23.649999618530273,23.649999618530273,23.649999618530273,0.0
2023-02-13,21.31268882751465,23.649999618530273,23.649999618530273,23.649999618530273,23.649999618530273,0.0
2023-02-14,21.492921829223633,23.850000381469727,23.850000381469727,23.850000381469727,23.850000381469727,600.0
2023-02-15,21.402809143066406,23.75,23.75,23.75,23.75,1400.0
2023-02-16,21.31268882751465,23.649999618530273,23.649999618530273,23.649999618530273,23.649999618530273,100.0
2023-02-17,21.31268882751465,23.649999618530273,23.649999618530273,23.649999618530273,23.649999618530273,0.0
2023-02-21,21.31268882751465,23.649999618530273,23.649999618530273,23.649999618530273,23.649999618530273,0.0
2023-02-22,21.62809944152832,24.0,24.0,24.0,24.0,1100.0
2023-02-23,21.222572326660156,23.549999237060547,23.75,23.549999237060547,23.75,2000.0
2023-02-24,21.222572326660156,23.549999237060547,23.549999237060547,23.549999237060547,23.549999237060547,0.0
2023-02-27,21.26763343811035,23.600000381469727,23.600000381469727,23.600000381469727,23.600000381469727,100.0
2023-02-28,21.62809944152832,24.0,24.010000228881836,24.0,24.0,1700.0
2023-03-01,21.62809944152832,24.0,24.0,24.0,24.0,0.0
2023-03-02,21.26763343811035,23.600000381469727,23.600000381469727,23.40999984741211,23.40999984741211,1000.0
2023-03-03,21.177515029907227,23.5,23.5,23.309999465942383,23.309999465942383,3500.0
2023-03-06,21.623594284057617,23.9950008392334,24.100000381469727,23.899999618530273,23.950000762939453,2100.0
2023-03-07,21.623594284057617,23.9950008392334,23.9950008392334,23.9950008392334,23.9950008392334,0.0
2023-03-08,21.623594284057617,23.9950008392334,23.9950008392334,23.9950008392334,23.9950008392334,0.0
2023-03-09,21.623594284057617,23.9950008392334,23.9950008392334,23.9950008392334,23.9950008392334,100.0
2023-03-10,21.623594284057617,23.9950008392334,23.9950008392334,23.9950008392334,23.9950008392334,0.0
2023-03-13,20.645822525024414,22.90999984741211,22.90999984741211,22.90999984741211,22.90999984741211,100.0
2023-03-14,20.924386978149414,22.90999984741211,22.90999984741211,22.90999984741211,22.90999984741211,0.0
2023-03-15,21.006589889526367,23.0,23.350000381469727,23.0,23.34000015258789,2300.0
2023-03-16,21.006589889526367,23.0,23.0,23.0,23.0,400.0
2023-03-17,21.052255630493164,23.049999237060547,23.049999237060547,23.049999237060547,23.049999237060547,100.0
2023-03-20,20.23939323425293,22.15999984741211,23.0,22.15999984741211,23.0,1400.0
2023-03-21,20.97005271911621,22.959999084472656,22.959999084472656,19.799999237060547,19.799999237060547,1400.0
2023-03-22,21.919918060302734,24.0,25.639999389648438,22.899999618530273,22.899999618530273,5500.0
2023-03-23,21.33538818359375,23.360000610351562,23.549999237060547,23.360000610351562,23.549999237060547,1300.0
2023-03-24,21.919918060302734,24.0,24.0,23.0,23.610000610351562,1200.0
2023-03-27,21.006589889526367,23.0,23.0,23.0,23.0,500.0
2023-03-28,20.184593200683594,22.100000381469727,22.100000381469727,22.100000381469727,22.100000381469727,200.0
2023-03-29,21.152719497680664,23.15999984741211,23.15999984741211,23.15999984741211,23.15999984741211,200.0
2023-03-30,21.152719497680664,23.15999984741211,23.15999984741211,23.1200008392334,23.1200008392334,400.0
2023-03-31,21.152719497680664,23.15999984741211,23.15999984741211,23.15999984741211,23.15999984741211,0.0
2023-04-03,21.152719497680664,23.15999984741211,23.15999984741211,23.15999984741211,23.15999984741211,0.0
2023-04-04,21.152719497680664,23.15999984741211,23.15999984741211,23.15999984741211,23.15999984741211,0.0
2023-04-05,21.152719497680664,23.15999984741211,23.15999984741211,23.15999984741211,23.15999984741211,0.0
2023-04-06,21.152719497680664,23.15999984741211,23.15999984741211,23.15999984741211,23.15999984741211,0.0
2023-04-10,21.152719497680664,23.15999984741211,23.15999984741211,23.15999984741211,23.15999984741211,0.0
2023-04-11,21.152719497680664,23.15999984741211,23.15999984741211,23.15999984741211,23.15999984741211,0.0
2023-04-12,21.152719497680664,23.15999984741211,23.15999984741211,23.15999984741211,23.15999984741211,0.0
2023-04-13,21.152719497680664,23.15999984741211,23.15999984741211,23.15999984741211,23.15999984741211,0.0
2023-04-14,21.152719497680664,23.15999984741211,23.15999984741211,23.15999984741211,23.15999984741211,0.0
2023-04-17,21.912612915039062,23.992000579833984,23.992000579833984,23.74799919128418,23.74799919128418,1000.0
2023-04-18,21.234922409057617,23.25,23.600000381469727,23.15999984741211,23.600000381469727,1800.0
2023-04-19,21.463253021240234,23.5,23.5,23.5,23.5,900.0
2023-04-20,21.59111976623535,23.639999389648438,23.639999389648438,23.639999389648438,23.639999389648438,600.0
2023-04-21,21.453208923339844,23.48900032043457,23.600000381469727,23.459999084472656,23.5,1900.0
2023-04-24,21.453208923339844,23.48900032043457,23.48900032043457,23.48900032043457,23.48900032043457,0.0
2023-04-25,21.453208923339844,23.48900032043457,23.48900032043457,23.48900032043457,23.48900032043457,0.0
2023-04-26,21.453208923339844,23.48900032043457,23.48900032043457,23.48900032043457,23.48900032043457,0.0
2023-04-27,21.327167510986328,23.35099983215332,23.35099983215332,23.35099983215332,23.35099983215332,200.0
2023-04-28,21.327167510986328,23.35099983215332,23.35099983215332,23.35099983215332,23.35099983215332,0.0
2023-05-01,21.327167510986328,23.35099983215332,23.35099983215332,23.35099983215332,23.35099983215332,0.0
2023-05-02,21.327167510986328,23.35099983215332,23.35099983215332,23.35099983215332,23.35099983215332,0.0
2023-05-03,21.327167510986328,23.35099983215332,23.35099983215332,23.35099983215332,23.35099983215332,0.0
2023-05-04,21.463253021240234,23.5,23.5,23.5,23.5,100.0
2023-05-05,21.463253021240234,23.5,23.5,23.5,23.5,0.0
2023-05-08,21.394752502441406,23.424999237060547,23.424999237060547,23.424999237060547,23.424999237060547,400.0
2023-05-09,21.394752502441406,23.424999237060547,23.424999237060547,23.424999237060547,23.424999237060547,0.0
2023-05-10,21.394752502441406,23.424999237060547,23.424999237060547,23.424999237060547,23.424999237060547,0.0
2023-05-11,21.326255798339844,23.350000381469727,23.5,23.350000381469727,23.5,1200.0
2023-05-12,21.326255798339844,23.350000381469727,23.350000381469727,23.350000381469727,23.350000381469727,0.0
2023-05-15,21.600252151489258,23.649999618530273,23.649999618530273,23.649999618530273,23.649999618530273,400.0
2023-05-16,21.600252151489258,23.649999618530273,23.649999618530273,23.649999618530273,23.649999618530273,0.0
2023-05-17,21.463253021240234,23.5,23.5,23.5,23.5,1000.0
2023-05-18,21.463253021240234,23.5,23.5,23.5,23.5,0.0
2023-05-19,21.41758918762207,23.450000762939453,23.450000762939453,23.450000762939453,23.450000762939453,600.0
2023-05-22,21.41758918762207,23.450000762939453,23.450000762939453,23.450000762939453,23.450000762939453,0.0
2023-05-23,21.41758918762207,23.450000762939453,23.450000762939453,23.450000762939453,23.450000762939453,0.0
2023-05-24,21.41758918762207,23.450000762939453,23.450000762939453,23.450000762939453,23.450000762939453,0.0
2023-05-25,21.41758918762207,23.450000762939453,23.450000762939453,23.450000762939453,23.450000762939453,0.0
2023-05-26,21.41758918762207,23.450000762939453,23.450000762939453,23.450000762939453,23.450000762939453,0.0
2023-05-30,21.41758918762207,23.450000762939453,23.450000762939453,23.450000762939453,23.450000762939453,100.0
2023-05-31,21.463253021240234,23.5,23.5,22.950000762939453,23.25,1800.0
2023-06-01,21.463253021240234,23.5,23.5,23.5,23.5,0.0
2023-06-02,21.34452247619629,23.3700008392334,23.399999618530273,23.3700008392334,23.399999618530273,500.0
2023-06-05,21.34452247619629,23.3700008392334,23.3700008392334,23.3700008392334,23.3700008392334,0.0
2023-06-06,21.34452247619629,23.3700008392334,23.3700008392334,23.3700008392334,23.3700008392334,0.0
2023-06-07,21.006589889526367,23.0,23.010000228881836,22.5,23.010000228881836,2300.0
2023-06-08,21.006589889526367,23.0,23.0,23.0,23.0,100.0
2023-06-09,21.006589889526367,23.0,23.0,23.0,23.0,0.0
2023-06-12,21.006589889526367,23.0,23.0,23.0,23.0,0.0
2023-06-13,21.006589889526367,23.0,23.0,23.0,23.0,0.0
2023-06-14,21.47402000427246,23.200000762939453,23.200000762939453,21.760000228881836,21.760000228881836,1200.0
2023-06-15,21.057498931884766,22.75,22.75,22.75,22.75,300.0
2023-06-16,21.057498931884766,22.75,22.75,22.75,22.75,0.0
2023-06-20,21.057498931884766,22.75,22.75,22.75,22.75,500.0
2023-06-21,21.173194885253906,22.875,22.875,22.875,22.875,700.0
2023-06-22,21.173194885253906,22.875,22.875,22.875,22.875,0.0
2023-06-23,21.196338653564453,22.899999618530273,22.899999618530273,22.899999618530273,22.899999618530273,400.0
2023-06-26,21.196338653564453,22.899999618530273,22.899999618530273,22.899999618530273,22.899999618530273,0.0
2023-06-27,21.12228775024414,22.81999969482422,22.81999969482422,22.81999969482422,22.81999969482422,1000.0
2023-06-28,21.353689193725586,23.06999969482422,23.06999969482422,23.0,23.049999237060547,600.0
2023-06-29,21.288898468017578,23.0,23.31999969482422,23.0,23.31999969482422,900.0
2023-06-30,21.23336410522461,22.940000534057617,23.209999084472656,22.940000534057617,23.209999084472656,300.0
2023-07-03,21.23336410522461,22.940000534057617,22.940000534057617,22.940000534057617,22.940000534057617,0.0
2023-07-05,21.23336410522461,22.940000534057617,22.940000534057617,22.940000534057617,22.940000534057617,0.0
2023-07-06,21.242618560791016,22.950000762939453,22.950000762939453,22.899999618530273,22.899999618530273,700.0
2023-07-07,21.288898468017578,23.0,23.0,23.0,23.0,100.0
2023-07-10,21.288898468017578,23.0,23.010000228881836,23.0,23.010000228881836,1900.0
2023-07-11,21.288898468017578,23.0,23.0,23.0,23.0,100.0
2023-07-12,20.594694137573242,22.25,23.6200008392334,22.25,23.6200008392334,400.0
2023-07-13,21.464763641357422,23.190000534057617,23.190000534057617,22.510000228881836,22.510000228881836,1200.0
2023-07-14,21.464763641357422,23.190000534057617,23.200000762939453,23.190000534057617,23.200000762939453,1100.0
2023-07-17,21.464763641357422,23.190000534057617,23.190000534057617,23.190000534057617,23.190000534057617,0.0
2023-07-18,21.88961410522461,23.64900016784668,23.8799991607666,22.59000015258789,22.600000381469727,3600.0
2023-07-19,21.492530822753906,23.219999313354492,23.219999313354492,23.219999313354492,23.219999313354492,200.0
2023-07-20,21.492530822753906,23.219999313354492,23.219999313354492,23.219999313354492,23.219999313354492,0.0
2023-07-21,20.918657302856445,22.600000381469727,22.600000381469727,22.600000381469727,22.600000381469727,300.0
2023-07-24,20.826095581054688,22.5,22.791000366210938,22.350000381469727,22.791000366210938,5500.0
2023-07-25,20.826095581054688,22.5,22.5,22.5,22.5,600.0
2023-07-26,20.826095581054688,22.5,22.5,22.5,22.5,900.0
2023-07-27,21.242618560791016,22.950000762939453,22.950000762939453,22.479999542236328,22.5,1300.0
2023-07-28,21.242618560791016,22.950000762939453,22.950000762939453,22.950000762939453,22.950000762939453,100.0
2023-07-31,20.844608306884766,22.520000457763672,22.540000915527344,22.450000762939453,22.450000762939453,1400.0
2023-08-01,20.844608306884766,22.520000457763672,22.520000457763672,22.520000457763672,22.520000457763672,100.0
2023-08-02,20.918657302856445,22.600000381469727,22.600000381469727,22.600000381469727,22.600000381469727,400.0
2023-08-03,20.918657302856445,22.600000381469727,22.600000381469727,22.600000381469727,22.600000381469727,200.0
2023-08-04,20.918657302856445,22.600000381469727,22.600000381469727,22.600000381469727,22.600000381469727,0.0
2023-08-07,21.01121711730957,22.700000762939453,22.700000762939453,22.700000762939453,22.700000762939453,1900.0
2023-08-08,20.826095581054688,22.5,22.549999237060547,22.5,22.549999237060547,1100.0
2023-08-09,20.826095581054688,22.5,22.5,22.5,22.5,0.0
2023-08-10,21.06675148010254,22.760000228881836,22.760000228881836,22.75,22.760000228881836,1200.0
2023-08-11,21.06675148010254,22.760000228881836,22.760000228881836,22.760000228881836,22.760000228881836,500.0
2023-08-14,20.918657302856445,22.600000381469727,22.702999114990234,22.600000381469727,22.700000762939453,1600.0
2023-08-15,20.918657302856445,22.600000381469727,22.600000381469727,22.600000381469727,22.600000381469727,0.0
2023-08-16,20.835351943969727,22.510000228881836,22.600000381469727,22.5,22.600000381469727,2700.0
2023-08-17,20.835351943969727,22.510000228881836,22.510000228881836,22.510000228881836,22.510000228881836,0.0
2023-08-18,20.835351943969727,22.510000228881836,22.510000228881836,22.510000228881836,22.510000228881836,100.0
2023-08-21,20.824241638183594,22.49799919128418,22.49799919128418,22.49799919128418,22.49799919128418,700.0
2023-08-22,20.825170516967773,22.499000549316406,22.499000549316406,22.499000549316406,22.499000549316406,500.0
2023-08-23,20.826095581054688,22.5,22.5,22.375,22.5,95600.0
2023-08-24,20.715023040771484,22.3799991607666,22.43199920654297,22.3799991607666,22.43199920654297,500.0
2023-08-25,20.715023040771484,22.3799991607666,22.3799991607666,22.3799991607666,22.3799991607666,0.0
2023-08-28,20.87237548828125,22.549999237060547,22.889999389648438,22.274999618530273,22.399999618530273,1900.0
2023-08-29,20.964935302734375,22.649999618530273,22.649999618530273,22.649999618530273,22.649999618530273,500.0
2023-08-30,20.964935302734375,22.649999618530273,22.649999618530273,22.649999618530273,22.649999618530273,0.0
2023-08-31,20.964935302734375,22.649999618530273,22.649999618530273,22.649999618530273,22.649999618530273,0.0
2023-09-01,21.103775024414062,22.799999237060547,22.850000381469727,22.799999237060547,22.850000381469727,800.0
2023-09-05,21.242618560791016,22.950000762939453,22.950000762939453,22.899999618530273,22.93899917602539,3200.0
2023-09-06,21.20374298095703,22.908000946044922,22.950000762939453,22.899999618530273,22.950000762939453,2100.0
2023-09-07,21.733184814453125,23.479999542236328,23.479999542236328,23.479999542236328,23.479999542236328,100.0
2023-09-08,21.733184814453125,23.479999542236328,23.479999542236328,23.479999542236328,23.479999542236328,1000.0
2023-09-11,21.751699447631836,23.5,23.5,23.5,23.5,600.0
2023-09-12,21.427738189697266,23.149999618530273,23.5,23.149999618530273,23.5,1300.0
2023-09-13,21.427738189697266,23.149999618530273,23.149999618530273,23.149999618530273,23.149999618530273,0.0
2023-09-14,21.713815689086914,23.149999618530273,23.149999618530273,23.149999618530273,23.149999618530273,0.0
2023-09-15,21.573123931884766,23.0,23.0,23.0,23.0,700.0
2023-09-18,21.573123931884766,23.0,23.0,23.0,23.0,0.0
2023-09-19,21.573123931884766,23.0,23.0,23.0,23.0,400.0
2023-09-20,21.87889862060547,23.326000213623047,23.326000213623047,23.326000213623047,23.326000213623047,200.0
2023-09-21,21.666919708251953,23.100000381469727,23.100000381469727,23.100000381469727,23.100000381469727,3100.0
2023-09-22,21.573123931884766,23.0,23.0,23.0,23.0,200.0
2023-09-25,21.573123931884766,23.0,23.0,23.0,23.0,0.0
2023-09-26,21.43242835998535,22.850000381469727,23.0,22.850000381469727,23.0,3100.0
2023-09-27,21.43242835998535,22.850000381469727,22.850000381469727,22.850000381469727,22.850000381469727,0.0
2023-09-28,21.43242835998535,22.850000381469727,22.850000381469727,22.850000381469727,22.850000381469727,0.0
2023-09-29,21.43242835998535,22.850000381469727,22.850000381469727,22.850000381469727,22.850000381469727,0.0
2023-10-02,21.43242835998535,22.850000381469727,22.850000381469727,22.850000381469727,22.850000381469727,0.0
2023-10-03,21.43242835998535,22.850000381469727,22.850000381469727,22.850000381469727,22.850000381469727,0.0
2023-10-04,21.43242835998535,22.850000381469727,22.850000381469727,22.850000381469727,22.850000381469727,0.0
2023-10-05,21.43242835998535,22.850000381469727,22.850000381469727,22.850000381469727,22.850000381469727,0.0
2023-10-06,21.43242835998535,22.850000381469727,22.850000381469727,22.850000381469727,22.850000381469727,0.0
2023-10-09,21.43242835998535,22.850000381469727,22.850000381469727,22.850000381469727,22.850000381469727,0.0
2023-10-10,21.43242835998535,22.850000381469727,22.850000381469727,22.850000381469727,22.850000381469727,0.0
2023-10-11,21.43242835998535,22.850000381469727,22.850000381469727,22.850000381469727,22.850000381469727,0.0
2023-10-12,21.43242835998535,22.850000381469727,22.850000381469727,22.850000381469727,22.850000381469727,1800.0
2023-10-13,22.46418571472168,23.950000762939453,23.950000762939453,23.950000762939453,23.950000762939453,1200.0
2023-10-16,22.03272247314453,23.489999771118164,23.489999771118164,23.489999771118164,23.489999771118164,800.0
2023-10-17,22.03272247314453,23.489999771118164,23.489999771118164,23.489999771118164,23.489999771118164,800.0
2023-10-18,22.03272247314453,23.489999771118164,23.489999771118164,23.479999542236328,23.479999542236328,500.0
2023-10-19,22.03272247314453,23.489999771118164,23.489999771118164,23.489999771118164,23.489999771118164,0.0
2023-10-20,21.760713577270508,23.200000762939453,23.200000762939453,23.200000762939453,23.200000762939453,500.0
2023-10-23,21.760713577270508,23.200000762939453,23.200000762939453,23.200000762939453,23.200000762939453,0.0
2023-10-24,21.948307037353516,23.399999618530273,23.399999618530273,23.399999618530273,23.399999618530273,300.0
2023-10-25,21.854509353637695,23.299999237060547,23.600000381469727,23.299999237060547,23.600000381469727,1000.0
2023-10-26,21.760713577270508,23.200000762939453,23.200000762939453,23.200000762939453,23.200000762939453,100.0
2023-10-27,21.760713577270508,23.200000762939453,23.200000762939453,23.200000762939453,23.200000762939453,0.0
2023-10-30,21.610641479492188,23.040000915527344,23.200000762939453,23.0,23.200000762939453,900.0
2023-10-31,21.610641479492188,23.040000915527344,23.040000915527344,23.040000915527344,23.040000915527344,400.0
2023-11-01,21.610641479492188,23.040000915527344,23.040000915527344,23.040000915527344,23.040000915527344,0.0
2023-11-02,22.22031593322754,23.690000534057617,23.690000534057617,23.690000534057617,23.690000534057617,300.0
2023-11-03,22.22031593322754,23.690000534057617,23.690000534057617,23.690000534057617,23.690000534057617,0.0
2023-11-06,22.22969627380371,23.700000762939453,23.75,23.700000762939453,23.75,700.0
2023-11-07,22.304733276367188,23.780000686645508,24.18000030517578,23.780000686645508,23.850000381469727,2300.0
2023-11-08,22.426666259765625,23.90999984741211,24.200000762939453,23.84000015258789,24.200000762939453,1400.0
2023-11-09,22.426666259765625,23.90999984741211,23.90999984741211,23.90999984741211,23.90999984741211,0.0
2023-11-10,22.361011505126953,23.84000015258789,23.84000015258789,23.84000015258789,23.84000015258789,100.0
2023-11-13,22.70805549621582,24.209999084472656,24.209999084472656,24.209999084472656,24.209999084472656,200.0
2023-11-14,22.641460418701172,24.138999938964844,24.138999938964844,23.809999465942383,23.809999465942383,1200.0
2023-11-15,22.641460418701172,24.138999938964844,24.138999938964844,24.138999938964844,24.138999938964844,0.0
2023-11-16,22.641460418701172,24.138999938964844,24.138999938964844,24.138999938964844,24.138999938964844,0.0
2023-11-17,22.641460418701172,24.138999938964844,24.138999938964844,24.138999938964844,24.138999938964844,0.0
2023-11-20,22.641460418701172,24.138999938964844,24.138999938964844,24.138999938964844,24.138999938964844,0.0
2023-11-21,22.858129501342773,24.3700008392334,24.3700008392334,24.260000228881836,24.260000228881836,500.0
2023-11-22,22.858129501342773,24.3700008392334,24.3700008392334,24.3700008392334,24.3700008392334,0.0
2023-11-24,22.858129501342773,24.3700008392334,24.3700008392334,24.3700008392334,24.3700008392334,0.0
2023-11-27,22.858129501342773,24.3700008392334,24.3700008392334,24.3700008392334,24.3700008392334,100.0
2023-11-28,22.858129501342773,24.3700008392334,24.3700008392334,24.3700008392334,24.3700008392334,0.0
2023-11-29,22.858129501342773,24.3700008392334,24.3700008392334,24.3700008392334,24.3700008392334,0.0
2023-11-30,22.88627052307129,24.399999618530273,24.399999618530273,24.399999618530273,24.399999618530273,1400.0
2023-12-01,22.628328323364258,24.125,24.125,24.125,24.125,100.0
2023-12-04,22.628328323364258,24.125,24.125,24.125,24.125,0.0
2023-12-05,22.628328323364258,24.125,24.125,24.125,24.125,0.0
2023-12-06,23.402151107788086,24.950000762939453,24.989999771118164,24.1299991607666,24.1299991607666,1800.0
2023-12-07,23.402151107788086,24.950000762939453,24.950000762939453,24.950000762939453,24.950000762939453,300.0
2023-12-08,22.511083602905273,24.0,24.368999481201172,24.0,24.368999481201172,1400.0
2023-12-11,22.511083602905273,24.0,24.600000381469727,24.0,24.600000381469727,2400.0
2023-12-12,22.511083602905273,24.0,24.0,24.0,24.0,0.0
2023-12-13,22.511083602905273,24.0,24.0,24.0,24.0,0.0
2023-12-14,22.544334411621094,23.729999542236328,23.729999542236328,23.729999542236328,23.729999542236328,100.0
2023-12-15,22.705839157104492,23.899999618530273,24.0,23.899999618530273,24.0,300.0
2023-12-18,21.61330223083496,22.75,23.899999618530273,22.75,23.899999618530273,8500.0
2023-12-19,22.040817260742188,23.200000762939453,23.25,23.049999237060547,23.200000762939453,3000.0
2023-12-20,22.040817260742188,23.200000762939453,23.200000762939453,23.200000762939453,23.200000762939453,1500.0
2023-12-21,22.040817260742188,23.200000762939453,23.200000762939453,23.200000762939453,23.200000762939453,0.0
2023-12-22,22.040817260742188,23.200000762939453,23.200000762939453,23.200000762939453,23.200000762939453,0.0
2023-12-26,22.040817260742188,23.200000762939453,23.200000762939453,23.200000762939453,23.200000762939453,0.0
2023-12-27,22.040817260742188,23.200000762939453,23.200000762939453,23.200000762939453,23.200000762939453,0.0
2023-12-28,22.563337326049805,23.75,23.75,23.75,23.75,300.0
2023-12-29,22.563337326049805,23.75,23.75,23.75,23.75,0.0
2024-01-02,23.47536849975586,24.709999084472656,24.709999084472656,24.709999084472656,24.709999084472656,400.0
2024-01-03,23.427865982055664,24.65999984741211,24.65999984741211,23.3799991607666,23.75,1000.0
2024-01-04,23.427865982055664,24.65999984741211,24.65999984741211,24.65999984741211,24.65999984741211,0.0
2024-01-05,23.427865982055664,24.65999984741211,24.65999984741211,24.65999984741211,24.65999984741211,0.0
2024-01-08,23.427865982055664,24.65999984741211,24.65999984741211,24.65999984741211,24.65999984741211,0.0
2024-01-09,23.427865982055664,24.65999984741211,24.65999984741211,24.65999984741211,24.65999984741211,0.0
2024-01-10,22.42082977294922,23.600000381469727,23.600000381469727,23.350000381469727,23.350000381469727,3000.0
2024-01-11,22.42082977294922,23.600000381469727,23.600000381469727,23.600000381469727,23.600000381469727,1100.0
2024-01-12,22.43033218383789,23.610000610351562,23.610000610351562,23.610000610351562,23.610000610351562,1100.0
2024-01-16,22.43033218383789,23.610000610351562,23.610000610351562,23.610000610351562,23.610000610351562,0.0
2024-01-17,22.938600540161133,24.145000457763672,24.145000457763672,24.145000457763672,24.145000457763672,800.0
2024-01-18,23.40886688232422,24.639999389648438,24.639999389648438,24.639999389648438,24.639999389648438,500.0
2024-01-19,22.43033218383789,23.610000610351562,23.639999389648438,23.610000610351562,23.639999389648438,500.0
2024-01-22,22.43033218383789,23.610000610351562,23.610000610351562,23.610000610351562,23.610000610351562,0.0
2024-01-23,22.43033218383789,23.610000610351562,23.610000610351562,23.610000610351562,23.610000610351562,0.0
2024-01-24,22.43033218383789,23.610000610351562,23.610000610351562,23.610000610351562,23.610000610351562,0.0
2024-01-25,22.43033218383789,23.610000610351562,23.610000610351562,23.610000610351562,23.610000610351562,0.0
2024-01-26,22.43033218383789,23.610000610351562,23.610000610351562,23.610000610351562,23.610000610351562,100.0
2024-01-29,23.370864868164062,24.600000381469727,24.600000381469727,23.649999618530273,23.649999618530273,2100.0
2024-01-30,23.370864868164062,24.600000381469727,24.600000381469727,24.600000381469727,24.600000381469727,0.0
2024-01-31,23.370864868164062,24.600000381469727,24.600000381469727,24.600000381469727,24.600000381469727,0.0
2024-02-01,23.370864868164062,24.600000381469727,24.600000381469727,24.600000381469727,24.600000381469727,0.0
2024-02-02,22.468332290649414,23.649999618530273,23.649999618530273,23.649999618530273,23.649999618530273,100.0
2024-02-05,22.563337326049805,23.75,23.75,23.75,23.75,100.0
2024-02-06,22.563337326049805,23.75,23.75,23.75,23.75,0.0
2024-02-07,22.563337326049805,23.75,23.75,23.75,23.75,0.0
2024-02-08,22.563337326049805,23.75,23.75,23.75,23.75,0.0
2024-02-09,22.563337326049805,23.75,23.75,23.75,23.75,0.0
2024-02-12,22.563337326049805,23.75,23.75,23.75,23.75,0.0
2024-02-13,22.534833908081055,23.719999313354492,23.719999313354492,23.719999313354492,23.719999313354492,100.0
2024-02-14,22.715341567993164,23.90999984741211,23.90999984741211,23.90999984741211,23.90999984741211,300.0
2024-02-15,22.75334358215332,23.950000762939453,23.950000762939453,23.950000762939453,23.950000762939453,100.0
2024-02-16,22.75334358215332,23.950000762939453,23.950000762939453,23.950000762939453,23.950000762939453,700.0
2024-02-20,22.75334358215332,23.950000762939453,23.950000762939453,23.950000762939453,23.950000762939453,0.0
2024-02-21,22.75334358215332,23.950000762939453,23.950000762939453,23.950000762939453,23.950000762939453,0.0
2024-02-22,22.515832901000977,23.700000762939453,23.920000076293945,23.700000762939453,23.920000076293945,2100.0
2024-02-23,22.515832901000977,23.700000762939453,23.700000762939453,23.700000762939453,23.700000762939453,0.0
2024-02-26,22.515832901000977,23.700000762939453,23.700000762939453,23.700000762939453,23.700000762939453,0.0
2024-02-27,22.515832901000977,23.700000762939453,23.700000762939453,23.700000762939453,23.700000762939453,0.0
2024-02-28,22.515832901000977,23.700000762939453,23.700000762939453,23.700000762939453,23.700000762939453,0.0
2024-02-29,22.610836029052734,23.799999237060547,23.799999237060547,23.799999237060547,23.799999237060547,200.0
2024-03-01,22.876848220825195,24.079999923706055,24.079999923706055,23.799999237060547,23.799999237060547,300.0
2024-03-04,22.620338439941406,23.809999465942383,23.809999465942383,23.809999465942383,23.809999465942383,500.0
2024-03-05,22.620338439941406,23.809999465942383,23.809999465942383,23.809999465942383,23.809999465942383,0.0
2024-03-06,22.610836029052734,23.799999237060547,23.850000381469727,23.799999237060547,23.850000381469727,2200.0
2024-03-07,22.610836029052734,23.799999237060547,23.799999237060547,23.799999237060547,23.799999237060547,0.0
2024-03-08,22.610836029052734,23.799999237060547,23.799999237060547,23.799999237060547,23.799999237060547,0.0
2024-03-11,22.610836029052734,23.799999237060547,23.799999237060547,23.799999237060547,23.799999237060547,0.0
2024-03-12,22.610836029052734,23.799999237060547,23.799999237060547,23.799999237060547,23.799999237060547,0.0
2024-03-13,22.610836029052734,23.799999237060547,23.799999237060547,23.799999237060547,23.799999237060547,0.0
2024-03-14,22.90435791015625,23.799999237060547,23.799999237060547,23.799999237060547,23.799999237060547,0.0
2024-03-15,22.89473533630371,23.790000915527344,23.790000915527344,23.790000915527344,23.790000915527344,700.0
2024-03-18,22.826406478881836,23.7189998626709,23.799999237060547,23.5,23.799999237060547,2700.0
2024-03-19,22.826406478881836,23.7189998626709,23.7189998626709,23.7189998626709,23.7189998626709,0.0
2024-03-20,22.826406478881836,23.7189998626709,23.7189998626709,23.7189998626709,23.7189998626709,0.0
2024-03-21,22.826406478881836,23.7189998626709,23.7189998626709,23.7189998626709,23.7189998626709,0.0
2024-03-22,22.90917205810547,23.80500030517578,23.80500030517578,23.80500030517578,23.80500030517578,1000.0
2024-03-25,23.183446884155273,24.09000015258789,24.09000015258789,23.610000610351562,23.610000610351562,600.0
2024-03-26,22.663766860961914,23.549999237060547,23.80500030517578,23.549999237060547,23.80500030517578,900.0
2024-03-27,23.024654388427734,23.924999237060547,23.924999237060547,23.6200008392334,23.6200008392334,1200.0
2024-03-28,23.024654388427734,23.924999237060547,23.924999237060547,23.924999237060547,23.924999237060547,0.0
2024-04-01,23.024654388427734,23.924999237060547,23.924999237060547,23.924999237060547,23.924999237060547,0.0
2024-04-02,22.41355323791504,23.290000915527344,23.649999618530273,23.290000915527344,23.649999618530273,1000.0
2024-04-03,22.808122634887695,23.700000762939453,23.700000762939453,23.690000534057617,23.690000534057617,600.0
2024-04-04,22.808122634887695,23.700000762939453,23.700000762939453,23.700000762939453,23.700000762939453,0.0
2024-04-05,22.697450637817383,23.584999084472656,23.584999084472656,23.584999084472656,23.584999084472656,100.0
2024-04-08,22.697450637817383,23.584999084472656,23.584999084472656,23.584999084472656,23.584999084472656,0.0
2024-04-09,22.808122634887695,23.700000762939453,23.700000762939453,23.700000762939453,23.700000762939453,200.0
2024-04-10,22.856243133544922,23.75,23.75,23.709999084472656,23.709999084472656,400.0
2024-04-11,22.856243133544922,23.75,23.75,23.75,23.75,100.0
2024-04-12,22.856243133544922,23.75,23.75,23.75,23.75,0.0
2024-04-15,22.808122634887695,23.700000762939453,23.7549991607666,23.690000534057617,23.7549991607666,3600.0
2024-04-16,22.683013916015625,23.56999969482422,23.700000762939453,23.56999969482422,23.700000762939453,1100.0
2024-04-17,22.683013916015625,23.56999969482422,23.56999969482422,23.56999969482422,23.56999969482422,0.0
2024-04-18,22.683013916015625,23.56999969482422,23.56999969482422,23.56999969482422,23.56999969482422,0.0
2024-04-19,22.683013916015625,23.56999969482422,23.56999969482422,23.56999969482422,23.56999969482422,0.0
2024-04-22,22.500165939331055,23.3799991607666,23.6299991607666,23.364999771118164,23.6200008392334,5300.0
2024-04-23,22.577152252197266,23.459999084472656,23.459999084472656,23.350000381469727,23.399999618530273,4000.0
2024-04-24,22.79368782043457,23.684999465942383,23.684999465942383,23.100000381469727,23.350000381469727,8800.0
2024-04-25,22.79368782043457,23.684999465942383,23.684999465942383,23.684999465942383,23.684999465942383,0.0
2024-04-26,22.79368782043457,23.684999465942383,23.684999465942383,23.684999465942383,23.684999465942383,0.0
2024-04-29,22.79368782043457,23.684999465942383,23.684999465942383,23.684999465942383,23.684999465942383,0.0
2024-04-30,22.594478607177734,23.47800064086914,23.520000457763672,23.47800064086914,23.520000457763672,5700.0
2024-05-01,22.663766860961914,23.549999237060547,23.579999923706055,23.549999237060547,23.559999465942383,2000.0
2024-05-02,22.673389434814453,23.559999465942383,23.559999465942383,23.559999465942383,23.559999465942383,1000.0
2024-05-03,22.673389434814453,23.559999465942383,23.559999465942383,23.559999465942383,23.559999465942383,0.0
2024-05-06,22.60602378845215,23.489999771118164,23.559999465942383,23.489999771118164,23.559999465942383,900.0
2024-05-07,22.61564826965332,23.5,23.5,23.5,23.5,1000.0
2024-05-08,22.61564826965332,23.5,23.5,23.5,23.5,0.0
2024-05-09,22.711885452270508,23.600000381469727,23.600000381469727,23.600000381469727,23.600000381469727,200.0
2024-05-10,22.711885452270508,23.600000381469727,23.600000381469727,23.600000381469727,23.600000381469727,100.0
2024-05-13,22.711885452270508,23.600000381469727,23.600000381469727,23.600000381469727,23.600000381469727,0.0
2024-05-14,22.711885452270508,23.600000381469727,23.600000381469727,23.600000381469727,23.600000381469727,0.0
2024-05-15,22.711885452270508,23.600000381469727,23.84000015258789,23.600000381469727,23.600000381469727,6600.0
2024-05-16,22.711885452270508,23.600000381469727,23.610000610351562,23.600000381469727,23.600000381469727,900.0
2024-05-17,22.711885452270508,23.600000381469727,23.600000381469727,23.600000381469727,23.600000381469727,0.0
2024-05-20,22.83218002319336,23.725000381469727,23.72800064086914,23.725000381469727,23.72800064086914,800.0
2024-05-21,22.868751525878906,23.76300048828125,23.76300048828125,23.76300048828125,23.76300048828125,200.0
2024-05-22,22.87548828125,23.770000457763672,23.770000457763672,23.770000457763672,23.770000457763672,200.0
2024-05-23,22.87548828125,23.770000457763672,23.770000457763672,23.770000457763672,23.770000457763672,0.0
2024-05-24,22.87548828125,23.770000457763672,23.770000457763672,23.770000457763672,23.770000457763672,0.0
2024-05-28,22.87548828125,23.770000457763672,23.770000457763672,23.770000457763672,23.770000457763672,0.0
2024-05-29,22.87548828125,23.770000457763672,23.770000457763672,23.770000457763672,23.770000457763672,100.0
2024-05-30,22.87548828125,23.770000457763672,23.770000457763672,23.770000457763672,23.770000457763672,100.0
2024-05-31,22.87548828125,23.770000457763672,23.770000457763672,23.770000457763672,23.770000457763672,0.0
2024-06-03,22.87548828125,23.770000457763672,23.770000457763672,23.770000457763672,23.770000457763672,0.0
2024-06-04,22.856243133544922,23.75,23.81999969482422,23.75,23.81999969482422,600.0
2024-06-05,22.856243133544922,23.75,23.75,23.75,23.75,0.0
2024-06-06,22.943815231323242,23.840999603271484,23.840999603271484,23.840999603271484,23.840999603271484,300.0
2024-06-07,22.943815231323242,23.840999603271484,23.840999603271484,23.840999603271484,23.840999603271484,0.0
2024-06-10,22.90435791015625,23.799999237060547,23.799999237060547,23.799999237060547,23.799999237060547,200.0
2024-06-11,22.942855834960938,23.84000015258789,23.850000381469727,23.700000762939453,23.75,3500.0
2024-06-12,22.90435791015625,23.799999237060547,23.799999237060547,23.799999237060547,23.799999237060547,800.0
2024-06-13,22.9168701171875,23.812999725341797,23.812999725341797,23.812999725341797,23.812999725341797,300.0
2024-06-14,23.214200973510742,23.812999725341797,23.812999725341797,23.812999725341797,23.812999725341797,0.0
2024-06-17,23.23077392578125,23.829999923706055,23.829999923706055,23.829999923706055,23.829999923706055,200.0
2024-06-18,23.240522384643555,23.84000015258789,23.84000015258789,23.84000015258789,23.84000015258789,100.0
2024-06-20,23.240522384643555,23.84000015258789,23.84000015258789,23.700000762939453,23.809999465942383,3400.0
2024-06-21,23.25027084350586,23.850000381469727,23.850000381469727,23.777999877929688,23.84000015258789,900.0
2024-06-24,23.152786254882812,23.75,23.75,23.6200008392334,23.6200008392334,700.0
2024-06-25,23.079669952392578,23.674999237060547,23.674999237060547,23.674999237060547,23.674999237060547,500.0
2024-06-26,23.152786254882812,23.75,23.75,23.75,23.75,600.0
2024-06-27,23.60121726989746,24.209999084472656,24.209999084472656,23.84000015258789,23.84000015258789,1400.0
2024-06-28,23.60121726989746,24.209999084472656,24.209999084472656,24.209999084472656,24.209999084472656,0.0
2024-07-01,23.60121726989746,24.209999084472656,24.209999084472656,24.209999084472656,24.209999084472656,0.0
2024-07-02,23.063100814819336,23.658000946044922,23.658000946044922,23.658000946044922,23.658000946044922,400.0
2024-07-03,23.063100814819336,23.658000946044922,23.658000946044922,23.658000946044922,23.658000946044922,0.0
2024-07-05,23.299013137817383,23.899999618530273,23.899999618530273,23.670000076293945,23.690000534057617,2600.0
2024-07-08,23.59147071838379,24.200000762939453,24.200000762939453,24.200000762939453,24.200000762939453,100.0
2024-07-09,23.59147071838379,24.200000762939453,24.200000762939453,24.200000762939453,24.200000762939453,0.0
2024-07-10,23.64021110534668,24.25,24.25,24.200000762939453,24.229999542236328,900.0
2024-07-11,23.64021110534668,24.25,24.25,24.25,24.25,200.0
2024-07-12,23.64021110534668,24.25,24.25,24.25,24.25,0.0
2024-07-15,23.64021110534668,24.25,24.25,24.25,24.25,0.0
2024-07-16,23.49398422241211,24.100000381469727,24.100000381469727,24.100000381469727,24.100000381469727,200.0
2024-07-17,23.49398422241211,24.100000381469727,24.100000381469727,24.100000381469727,24.100000381469727,0.0
2024-07-18,23.445240020751953,24.049999237060547,24.049999237060547,24.049999237060547,24.049999237060547,200.0
2024-07-19,23.445240020751953,24.049999237060547,24.049999237060547,24.049999237060547,24.049999237060547,0.0
2024-07-22,23.445240020751953,24.049999237060547,24.049999237060547,24.049999237060547,24.049999237060547,0.0
2024-07-23,23.445240020751953,24.049999237060547,24.049999237060547,24.049999237060547,24.049999237060547,0.0
2024-07-24,23.445240020751953,24.049999237060547,24.049999237060547,24.049999237060547,24.049999237060547,0.0
2024-07-25,23.542726516723633,24.149999618530273,24.149999618530273,24.149999618530273,24.149999618530273,200.0
2024-07-26,23.11379051208496,23.709999084472656,24.0,23.700000762939453,24.0,1100.0
2024-07-29,24.020404815673828,24.639999389648438,24.639999389648438,24.450000762939453,24.450000762939453,400.0
2024-07-30,24.020404815673828,24.639999389648438,24.639999389648438,24.639999389648438,24.639999389648438,0.0
2024-07-31,24.020404815673828,24.639999389648438,24.639999389648438,24.639999389648438,24.639999389648438,0.0
2024-08-01,24.020404815673828,24.639999389648438,24.639999389648438,24.639999389648438,24.639999389648438,0.0
2024-08-02,24.020404815673828,24.639999389648438,24.639999389648438,24.639999389648438,24.639999389648438,0.0
2024-08-05,23.055299758911133,23.649999618530273,23.649999618530273,23.649999618530273,23.649999618530273,100.0
2024-08-06,23.055299758911133,23.649999618530273,23.649999618530273,23.649999618530273,23.649999618530273,0.0
2024-08-07,23.055299758911133,23.649999618530273,23.649999618530273,23.649999618530273,23.649999618530273,0.0
2024-08-08,23.055299758911133,23.649999618530273,23.649999618530273,23.649999618530273,23.649999618530273,0.0
2024-08-09,23.055299758911133,23.649999618530273,23.649999618530273,23.649999618530273,23.649999618530273,0.0
2024-08-12,23.055299758911133,23.649999618530273,23.649999618530273,23.649999618530273,23.649999618530273,0.0
2024-08-13,23.055299758911133,23.649999618530273,23.649999618530273,23.649999618530273,23.649999618530273,0.0
2024-08-14,23.25027084350586,23.850000381469727,24.059999465942383,23.850000381469727,24.0,1200.0
2024-08-15,23.25027084350586,23.850000381469727,23.850000381469727,23.850000381469727,23.850000381469727,0.0
2024-08-16,23.25027084350586,23.850000381469727,23.850000381469727,23.850000381469727,23.850000381469727,0.0
2024-08-19,23.44719123840332,24.052000045776367,24.052000045776367,24.052000045776367,24.052000045776367,200.0
2024-08-20,23.44719123840332,24.052000045776367,24.052000045776367,24.052000045776367,24.052000045776367,0.0
2024-08-21,23.44719123840332,24.052000045776367,24.052000045776367,24.052000045776367,24.052000045776367,0.0
2024-08-22,23.542726516723633,24.149999618530273,24.299999237060547,24.149999618530273,24.209999084472656,1200.0
2024-08-23,23.557350158691406,24.165000915527344,24.208999633789062,23.43000030517578,24.149999618530273,2600.0
2024-08-26,23.201526641845703,23.799999237060547,23.799999237060547,23.729999542236328,23.729999542236328,200.0
2024-08-27,23.201526641845703,23.799999237060547,23.799999237060547,23.799999237060547,23.799999237060547,0.0
2024-08-28,23.59147071838379,24.200000762939453,24.200000762939453,23.81999969482422,23.81999969482422,1200.0
2024-08-29,23.59147071838379,24.200000762939453,24.200000762939453,24.200000762939453,24.200000762939453,0.0
2024-08-30,23.59147071838379,24.200000762939453,24.200000762939453,24.200000762939453,24.200000762939453,0.0
2024-09-03,23.57197380065918,24.18000030517578,24.18000030517578,23.700000762939453,23.700000762939453,300.0
2024-09-04,23.57197380065918,24.18000030517578,24.18000030517578,24.18000030517578,24.18000030517578,0.0
2024-09-05,23.396499633789062,24.0,24.170000076293945,24.0,24.0,2300.0
2024-09-06,23.396499633789062,24.0,24.0,24.0,24.0,0.0
2024-09-09,23.437442779541016,24.04199981689453,24.15999984741211,24.020000457763672,24.15999984741211,2600.0
2024-09-10,23.396499633789062,24.0,24.0,24.0,24.0,200.0
2024-09-11,23.396499633789062,24.0,24.0,24.0,24.0,0.0
2024-09-12,23.49398422241211,24.100000381469727,24.100000381469727,24.100000381469727,24.100000381469727,400.0
2024-09-13,23.79512596130371,24.100000381469727,24.100000381469727,24.100000381469727,24.100000381469727,0.0
2024-09-16,23.79512596130371,24.100000381469727,24.100000381469727,24.100000381469727,24.100000381469727,0.0
2024-09-17,23.79512596130371,24.100000381469727,24.100000381469727,24.100000381469727,24.100000381469727,0.0
2024-09-18,23.79512596130371,24.100000381469727,24.100000381469727,24.100000381469727,24.100000381469727,0.0
2024-09-19,23.893861770629883,24.200000762939453,24.200000762939453,24.200000762939453,24.200000762939453,500.0
2024-09-20,23.893861770629883,24.200000762939453,24.200000762939453,24.200000762939453,24.200000762939453,0.0
2024-09-23,23.893861770629883,24.200000762939453,24.200000762939453,24.200000762939453,24.200000762939453,100.0
2024-09-24,23.893861770629883,24.200000762939453,24.200000762939453,24.200000762939453,24.200000762939453,0.0
2024-09-25,23.943227767944336,24.25,24.25,24.25,24.25,1000.0
2024-09-26,23.943227767944336,24.25,24.25,24.25,24.25,0.0
2024-09-27,23.943227767944336,24.25,24.25,24.25,24.25,0.0
2024-09-30,23.498920440673828,23.799999237060547,24.25,23.799999237060547,24.25,2500.0
2024-10-01,23.498920440673828,23.799999237060547,23.799999237060547,23.799999237060547,23.799999237060547,0.0
2024-10-02,23.498920440673828,23.799999237060547,23.799999237060547,23.799999237060547,23.799999237060547,0.0
2024-10-03,23.88892364501953,24.19499969482422,24.19499969482422,24.19499969482422,24.19499969482422,200.0
2024-10-04,23.943227767944336,24.25,24.299999237060547,24.25,24.299999237060547,1000.0
2024-10-07,23.844493865966797,24.149999618530273,24.149999618530273,24.049999237060547,24.049999237060547,200.0
2024-10-08,23.844493865966797,24.149999618530273,24.149999618530273,24.149999618530273,24.149999618530273,0.0
2024-10-09,23.844493865966797,24.149999618530273,24.200000762939453,24.149999618530273,24.200000762939453,1000.0
2024-10-10,23.844493865966797,24.149999618530273,24.190000534057617,24.149999618530273,24.190000534057617,800.0
2024-10-11,23.91854476928711,24.225000381469727,24.225000381469727,24.225000381469727,24.225000381469727,500.0
2024-10-14,23.943227767944336,24.25,24.25,24.235000610351562,24.243999481201172,600.0
2024-10-15,23.943227767944336,24.25,24.25,24.25,24.25,0.0
2024-10-16,23.9333553314209,24.239999771118164,24.239999771118164,24.239999771118164,24.239999771118164,400.0
2024-10-17,24.170318603515625,24.479999542236328,24.479999542236328,24.479999542236328,24.479999542236328,1300.0
2024-10-18,24.170318603515625,24.479999542236328,24.479999542236328,24.479999542236328,24.479999542236328,200.0
2024-10-21,24.170318603515625,24.479999542236328,24.479999542236328,24.479999542236328,24.479999542236328,0.0
2024-10-22,24.170318603515625,24.479999542236328,24.479999542236328,24.450000762939453,24.450000762939453,1100.0
2024-10-23,24.170318603515625,24.479999542236328,24.479999542236328,24.479999542236328,24.479999542236328,400.0
2024-10-24,24.170318603515625,24.479999542236328,24.479999542236328,24.479999542236328,24.479999542236328,0.0
2024-10-25,24.170318603515625,24.479999542236328,24.479999542236328,24.479999542236328,24.479999542236328,0.0
2024-10-28,24.170318603515625,24.479999542236328,24.479999542236328,24.479999542236328,24.479999542236328,0.0
2024-10-29,24.269054412841797,24.579999923706055,24.579999923706055,24.579999923706055,24.579999923706055,1600.0
2024-10-30,24.269054412841797,24.579999923706055,24.606000900268555,24.579999923706055,24.606000900268555,800.0
2024-10-31,24.269054412841797,24.579999923706055,24.579999923706055,24.579999923706055,24.579999923706055,0.0
2024-11-01,24.14069938659668,24.450000762939453,24.61199951171875,24.450000762939453,24.61199951171875,1500.0
2024-11-04,24.23943328857422,24.549999237060547,24.639999389648438,24.549999237060547,24.6299991607666,2700.0
2024-11-05,24.23943328857422,24.549999237060547,24.549999237060547,24.549999237060547,24.549999237060547,0.0
2024-11-06,24.23943328857422,24.549999237060547,24.600000381469727,24.549999237060547,24.600000381469727,1000.0
2024-11-07,24.23943328857422,24.549999237060547,24.549999237060547,24.549999237060547,24.549999237060547,0.0
2024-11-08,24.23943328857422,24.549999237060547,24.549999237060547,24.549999237060547,24.549999237060547,0.0
2024-11-11,24.190065383911133,24.5,24.549999237060547,24.5,24.549999237060547,1000.0
2024-11-12,24.190065383911133,24.5,24.5,24.5,24.5,0.0
2024-11-13,24.190065383911133,24.5,24.5,24.5,24.5,0.0
2024-11-14,23.67466926574707,23.97800064086914,24.489999771118164,23.97800064086914,24.459999084472656,1000.0
2024-11-15,23.745758056640625,24.049999237060547,24.049999237060547,24.049999237060547,24.049999237060547,1300.0
2024-11-18,23.745758056640625,24.049999237060547,24.049999237060547,24.049999237060547,24.049999237060547,0.0
2024-11-19,23.745758056640625,24.049999237060547,24.049999237060547,24.049999237060547,24.049999237060547,0.0
2024-11-20,23.765504837036133,24.06999969482422,24.100000381469727,24.06999969482422,24.09000015258789,600.0
2024-11-21,23.696392059326172,24.0,24.0,23.850000381469727,23.850000381469727,1000.0
2024-11-22,23.696392059326172,24.0,24.0,24.0,24.0,0.0
2024-11-25,23.696392059326172,24.0,24.0,24.0,24.0,0.0
2024-11-26,23.696392059326172,24.0,24.0,24.0,24.0,0.0
2024-11-27,23.696392059326172,24.0,24.0,24.0,24.0,0.0
2024-11-29,23.696392059326172,24.0,24.0,24.0,24.0,0.0
2024-12-02,24.081457138061523,24.389999389648438,24.389999389648438,24.285999298095703,24.285999298095703,2100.0
2024-12-03,24.081457138061523,24.389999389648438,24.389999389648438,24.389999389648438,24.389999389648438,0.0
2024-12-04,24.081457138061523,24.389999389648438,24.389999389648438,24.389999389648438,24.389999389648438,0.0
2024-12-05,24.041963577270508,24.350000381469727,24.350000381469727,24.350000381469727,24.350000381469727,200.0
2024-12-06,24.041963577270508,24.350000381469727,24.350000381469727,24.350000381469727,24.350000381469727,0.0
2024-12-09,23.80500030517578,24.110000610351562,24.350000381469727,24.110000610351562,24.350000381469727,1200.0
2024-12-10,23.80500030517578,24.110000610351562,24.110000610351562,24.110000610351562,24.110000610351562,0.0
2024-12-11,23.80500030517578,24.110000610351562,24.110000610351562,24.110000610351562,24.110000610351562,0.0
2024-12-12,23.80500030517578,24.110000610351562,24.110000610351562,24.110000610351562,24.110000610351562,0.0
2024-12-13,24.110000610351562,24.110000610351562,24.110000610351562,24.110000610351562,24.110000610351562,0.0
2024-12-16,24.110000610351562,24.110000610351562,24.110000610351562,24.110000610351562,24.110000610351562,0.0
2024-12-17,24.18000030517578,24.18000030517578,24.18000030517578,24.149999618530273,24.149999618530273,800.0
2024-12-18,24.200000762939453,24.200000762939453,24.209999084472656,24.200000762939453,24.209999084472656,2400.0
2024-12-19,24.149999618530273,24.149999618530273,24.200000762939453,24.149999618530273,24.200000762939453,2400.0
2024-12-20,24.242000579833984,24.242000579833984,24.242000579833984,24.242000579833984,24.242000579833984,600.0
2024-12-23,24.270000457763672,24.270000457763672,24.270000457763672,24.270000457763672,24.270000457763672,200.0
2024-12-24,24.270000457763672,24.270000457763672,24.270000457763672,24.270000457763672,24.270000457763672,0.0
2024-12-26,24.219999313354492,24.219999313354492,24.219999313354492,24.219999313354492,24.219999313354492,1000.0
2024-12-27,24.219999313354492,24.219999313354492,24.219999313354492,24.219999313354492,24.219999313354492,0.0
2024-12-30,24.229999542236328,24.229999542236328,24.229999542236328,24.219999313354492,24.219999313354492,2100.0
2024-12-31,24.219999313354492,24.219999313354492,24.219999313354492,24.219999313354492,24.219999313354492,100.0
2025-01-02,24.219999313354492,24.219999313354492,24.219999313354492,24.219999313354492,24.219999313354492,300.0
2025-01-03,24.25,24.25,24.25,24.25,24.25,700.0
2025-01-06,24.43000030517578,24.43000030517578,24.47599983215332,24.299999237060547,24.47599983215332,600.0
2025-01-07,24.29400062561035,24.29400062561035,24.29400062561035,24.274999618530273,24.290000915527344,1200.0
2025-01-08,24.299999237060547,24.299999237060547,24.299999237060547,24.299999237060547,24.299999237060547,300.0
2025-01-10,24.299999237060547,24.299999237060547,24.299999237060547,24.299999237060547,24.299999237060547,0.0
2025-01-13,24.25,24.25,24.25,24.25,24.25,400.0
2025-01-14,24.25,24.25,24.25,24.25,24.25,0.0
2025-01-15,24.25,24.25,24.25,24.25,24.25,0.0
2025-01-16,24.284000396728516,24.284000396728516,24.284000396728516,24.284000396728516,24.284000396728516,1000.0
2025-01-17,24.25,24.25,24.25,24.25,24.25,300.0
2025-01-21,24.25,24.25,24.25,24.25,24.25,0.0
2025-01-22,24.450000762939453,24.450000762939453,24.450000762939453,24.450000762939453,24.450000762939453,700.0
2025-01-23,24.450000762939453,24.450000762939453,24.450000762939453,24.450000762939453,24.450000762939453,0.0
2025-01-24,24.450000762939453,24.450000762939453,24.450000762939453,24.450000762939453,24.450000762939453,0.0
2025-01-27,24.450000762939453,24.450000762939453,24.450000762939453,24.450000762939453,24.450000762939453,0.0
2025-01-28,24.450000762939453,24.450000762939453,24.450000762939453,24.450000762939453,24.450000762939453,0.0
2025-01-29,24.450000762939453,24.450000762939453,24.450000762939453,24.450000762939453,24.450000762939453,0.0
2025-01-30,24.450000762939453,24.450000762939453,24.450000762939453,24.450000762939453,24.450000762939453,0.0
2025-01-31,24.450000762939453,24.450000762939453,24.450000762939453,24.450000762939453,24.450000762939453,0.0
2025-02-03,24.450000762939453,24.450000762939453,24.450000762939453,24.450000762939453,24.450000762939453,0.0
2025-02-04,24.450000762939453,24.450000762939453,24.450000762939453,24.450000762939453,24.450000762939453,100.0
