Date,Adj Close,Close,High,Low,Open,Volume
2007-05-30,15.039239883422852,26.2450008392334,26.2450008392334,26.2450008392334,26.2450008392334,6000.0
2007-05-31,15.039239883422852,26.2450008392334,26.2450008392334,26.2450008392334,26.2450008392334,0.0
2007-06-01,15.039239883422852,26.2450008392334,26.2450008392334,26.2450008392334,26.2450008392334,0.0
2007-06-04,15.039239883422852,26.2450008392334,26.2450008392334,26.2450008392334,26.2450008392334,0.0
2007-06-05,14.964743614196777,26.114999771118164,26.114999771118164,26.114999771118164,26.114999771118164,2000.0
2007-06-06,14.976200103759766,26.135000228881836,26.135000228881836,26.125,26.125,2400.0
2007-06-07,14.976200103759766,26.135000228881836,26.135000228881836,26.135000228881836,26.135000228881836,0.0
2007-06-08,14.864455223083496,25.940000534057617,25.940000534057617,25.940000534057617,25.940000534057617,200.0
2007-06-11,14.861592292785645,25.934999465942383,25.934999465942383,25.93000030517578,25.934999465942383,11600.0
2007-06-12,14.767047882080078,25.770000457763672,25.815000534057617,25.770000457763672,25.78499984741211,7400.0
2007-06-13,14.79856014251709,25.825000762939453,25.829999923706055,25.825000762939453,25.829999923706055,2400.0
2007-06-14,14.79856014251709,25.825000762939453,25.825000762939453,25.825000762939453,25.825000762939453,0.0
2007-06-15,14.855873107910156,25.924999237060547,25.93000030517578,25.895000457763672,25.895000457763672,7200.0
2007-06-18,14.841533660888672,25.899999618530273,25.899999618530273,25.899999618530273,25.899999618530273,200.0
2007-06-19,14.841533660888672,25.899999618530273,25.899999618530273,25.899999618530273,25.899999618530273,0.0
2007-06-20,14.87019157409668,25.950000762939453,25.950000762939453,25.950000762939453,25.950000762939453,1400.0
2007-06-21,14.87019157409668,25.950000762939453,25.950000762939453,25.950000762939453,25.950000762939453,800.0
2007-06-22,14.87019157409668,25.950000762939453,25.950000762939453,25.950000762939453,25.950000762939453,0.0
2007-06-25,14.87019157409668,25.950000762939453,25.950000762939453,25.950000762939453,25.950000762939453,0.0
2007-06-26,14.90456485748291,26.010000228881836,26.010000228881836,26.010000228881836,26.010000228881836,200.0
2007-06-27,14.90456485748291,26.010000228881836,26.010000228881836,26.010000228881836,26.010000228881836,0.0
2007-06-28,14.921770095825195,26.040000915527344,26.040000915527344,26.040000915527344,26.040000915527344,2600.0
2007-06-29,14.936092376708984,26.065000534057617,26.065000534057617,26.030000686645508,26.030000686645508,116000.0
2007-07-02,15.004889488220215,26.065000534057617,26.065000534057617,26.065000534057617,26.065000534057617,0.0
2007-07-03,14.961703300476074,25.989999771118164,25.989999771118164,25.959999084472656,25.96500015258789,7200.0
2007-07-05,14.901248931884766,25.885000228881836,25.895000457763672,25.885000228881836,25.895000457763672,600.0
2007-07-06,14.875358581542969,25.84000015258789,25.84000015258789,25.84000015258789,25.84000015258789,1200.0
2007-07-09,14.875358581542969,25.84000015258789,25.84000015258789,25.84000015258789,25.84000015258789,0.0
2007-07-10,14.932928085327148,25.940000534057617,25.940000534057617,25.940000534057617,25.940000534057617,400.0
2007-07-11,14.93579387664795,25.94499969482422,25.9950008392334,25.94499969482422,25.9950008392334,800.0
2007-07-12,14.93579387664795,25.94499969482422,25.94499969482422,25.94499969482422,25.94499969482422,0.0
2007-07-13,14.930041313171387,25.934999465942383,25.94499969482422,25.924999237060547,25.924999237060547,23600.0
2007-07-16,14.95307445526123,25.975000381469727,25.975000381469727,25.959999084472656,25.96500015258789,3600.0
2007-07-17,14.938681602478027,25.950000762939453,25.950000762939453,25.950000762939453,25.950000762939453,200.0
2007-07-18,14.984735488891602,26.030000686645508,26.030000686645508,26.0,26.0,2800.0
2007-07-19,14.973215103149414,26.010000228881836,26.010000228881836,25.9950008392334,25.9950008392334,1000.0
2007-07-20,14.973215103149414,26.010000228881836,26.010000228881836,26.010000228881836,26.010000228881836,0.0
2007-07-23,14.990496635437012,26.040000915527344,26.040000915527344,26.024999618530273,26.024999618530273,21400.0
2007-07-24,14.993365287780762,26.045000076293945,26.05500030517578,26.045000076293945,26.05500030517578,1400.0
2007-07-25,15.004889488220215,26.065000534057617,26.065000534057617,26.065000534057617,26.065000534057617,34400.0
2007-07-26,15.042309761047363,26.1299991607666,26.139999389648438,26.110000610351562,26.110000610351562,1800.0
2007-07-27,15.079726219177246,26.19499969482422,26.19499969482422,26.19499969482422,26.19499969482422,1600.0
2007-07-30,15.027902603149414,26.104999542236328,26.18000030517578,26.104999542236328,26.18000030517578,23000.0
2007-07-31,15.027902603149414,26.104999542236328,26.104999542236328,26.104999542236328,26.104999542236328,0.0
2007-08-01,15.051337242126465,26.030000686645508,26.030000686645508,26.030000686645508,26.030000686645508,200.0
2007-08-02,15.077345848083496,26.075000762939453,26.084999084472656,26.045000076293945,26.045000076293945,3800.0
2007-08-03,15.129396438598633,26.165000915527344,26.165000915527344,26.165000915527344,26.165000915527344,200.0
2007-08-06,15.138065338134766,26.18000030517578,26.190000534057617,26.18000030517578,26.190000534057617,1000.0
2007-08-07,15.109153747558594,26.1299991607666,26.155000686645508,26.1299991607666,26.155000686645508,1000.0
2007-08-08,15.068680763244629,26.059999465942383,26.059999465942383,26.059999465942383,26.059999465942383,1000.0
2007-08-09,15.068680763244629,26.059999465942383,26.059999465942383,26.059999465942383,26.059999465942383,0.0
2007-08-10,15.09758472442627,26.110000610351562,26.110000610351562,26.110000610351562,26.110000610351562,800.0
2007-08-13,15.057107925415039,26.040000915527344,26.045000076293945,26.014999389648438,26.014999389648438,2600.0
2007-08-14,15.149632453918457,26.200000762939453,26.200000762939453,26.200000762939453,26.200000762939453,400.0
2007-08-15,15.135175704956055,26.174999237060547,26.174999237060547,26.125,26.165000915527344,6600.0
2007-08-16,15.135175704956055,26.174999237060547,26.174999237060547,26.174999237060547,26.174999237060547,0.0
2007-08-17,15.143848419189453,26.190000534057617,26.235000610351562,26.190000534057617,26.209999084472656,3400.0
2007-08-20,15.143848419189453,26.190000534057617,26.190000534057617,26.190000534057617,26.190000534057617,0.0
2007-08-21,15.20745849609375,26.299999237060547,26.299999237060547,26.299999237060547,26.299999237060547,800.0
2007-08-22,15.219017028808594,26.31999969482422,26.31999969482422,26.280000686645508,26.280000686645508,43600.0
2007-08-23,15.19299602508545,26.274999618530273,26.274999618530273,26.274999618530273,26.274999618530273,200.0
2007-08-24,15.195891380310059,26.280000686645508,26.299999237060547,26.280000686645508,26.290000915527344,1800.0
2007-08-27,15.250824928283691,26.375,26.389999389648438,26.360000610351562,26.360000610351562,1800.0
2007-08-28,15.282626152038574,26.43000030517578,26.440000534057617,26.3700008392334,26.3700008392334,7400.0
2007-08-29,15.273950576782227,26.415000915527344,26.450000762939453,26.405000686645508,26.43000030517578,4000.0
2007-08-30,15.302855491638184,26.46500015258789,26.46500015258789,26.44499969482422,26.44499969482422,3800.0
2007-08-31,15.311538696289062,26.479999542236328,26.479999542236328,26.405000686645508,26.405000686645508,5200.0
2007-09-04,15.2984619140625,26.34000015258789,26.399999618530273,26.34000015258789,26.399999618530273,60600.0
2007-09-05,15.344937324523926,26.420000076293945,26.420000076293945,26.354999542236328,26.354999542236328,400.0
2007-09-06,15.336221694946289,26.405000686645508,26.405000686645508,26.405000686645508,26.405000686645508,30000.0
2007-09-07,15.382676124572754,26.485000610351562,26.485000610351562,26.485000610351562,26.485000610351562,30000.0
2007-09-10,15.440757751464844,26.584999084472656,26.625,26.584999084472656,26.625,3400.0
2007-09-11,15.423346519470215,26.55500030517578,26.55500030517578,26.549999237060547,26.549999237060547,1600.0
2007-09-12,15.423346519470215,26.55500030517578,26.559999465942383,26.55500030517578,26.559999465942383,4000.0
2007-09-13,15.391401290893555,26.5,26.510000228881836,26.46500015258789,26.4950008392334,4000.0
2007-09-14,15.391401290893555,26.5,26.5,26.5,26.5,200.0
2007-09-17,15.336221694946289,26.405000686645508,26.405000686645508,26.405000686645508,26.405000686645508,1400.0
2007-09-18,15.403007507324219,26.520000457763672,26.520000457763672,26.420000076293945,26.440000534057617,1400.0
2007-09-19,15.391401290893555,26.5,26.5,26.5,26.5,200.0
2007-09-20,15.283945083618164,26.315000534057617,26.424999237060547,26.315000534057617,26.424999237060547,17000.0
2007-09-21,15.30428409576416,26.350000381469727,26.350000381469727,26.34000015258789,26.34000015258789,600.0
2007-09-24,15.324604034423828,26.385000228881836,26.395000457763672,26.385000228881836,26.395000457763672,600.0
2007-09-25,15.373968124389648,26.469999313354492,26.469999313354492,26.440000534057617,26.440000534057617,2600.0
2007-09-26,15.336221694946289,26.405000686645508,26.46500015258789,26.3700008392334,26.3700008392334,63600.0
2007-09-27,15.376871109008789,26.475000381469727,26.475000381469727,26.415000915527344,26.415000915527344,2000.0
2007-09-28,15.385584831237793,26.489999771118164,26.510000228881836,26.485000610351562,26.485000610351562,3000.0
2007-10-01,15.376253128051758,26.354999542236328,26.364999771118164,26.334999084472656,26.334999084472656,2600.0
2007-10-02,15.38792896270752,26.375,26.375,26.375,26.375,400.0
2007-10-03,15.399585723876953,26.395000457763672,26.395000457763672,26.395000457763672,26.395000457763672,600.0
2007-10-04,15.446256637573242,26.475000381469727,26.475000381469727,26.415000915527344,26.415000915527344,5200.0
2007-10-05,15.408336639404297,26.40999984741211,26.40999984741211,26.395000457763672,26.395000457763672,3600.0
2007-10-08,15.414172172546387,26.420000076293945,26.420000076293945,26.420000076293945,26.420000076293945,5000.0
2007-10-09,15.385009765625,26.3700008392334,26.385000228881836,26.3700008392334,26.385000228881836,2200.0
2007-10-10,15.390840530395508,26.3799991607666,26.3799991607666,26.34000015258789,26.344999313354492,2000.0
2007-10-11,15.367499351501465,26.34000015258789,26.34000015258789,26.34000015258789,26.34000015258789,200.0
2007-10-12,15.361671447753906,26.329999923706055,26.329999923706055,26.329999923706055,26.329999923706055,200.0
2007-10-15,15.373332023620605,26.350000381469727,26.350000381469727,26.344999313354492,26.344999313354492,800.0
2007-10-16,15.385009765625,26.3700008392334,26.3700008392334,26.329999923706055,26.329999923706055,600.0
2007-10-17,15.431683540344238,26.450000762939453,26.450000762939453,26.440000534057617,26.440000534057617,2600.0
2007-10-18,15.431683540344238,26.450000762939453,26.450000762939453,26.450000762939453,26.450000762939453,0.0
2007-10-19,15.574612617492676,26.69499969482422,26.700000762939453,26.68000030517578,26.684999465942383,2400.0
2007-10-22,15.56003189086914,26.670000076293945,26.674999237060547,26.670000076293945,26.674999237060547,1000.0
2007-10-23,15.56003189086914,26.670000076293945,26.670000076293945,26.670000076293945,26.670000076293945,0.0
2007-10-24,15.609621047973633,26.7549991607666,26.7549991607666,26.7549991607666,26.7549991607666,1600.0
2007-10-25,15.650463104248047,26.825000762939453,26.834999084472656,26.815000534057617,26.834999084472656,1800.0
2007-10-26,15.597949981689453,26.735000610351562,26.735000610351562,26.735000610351562,26.735000610351562,600.0
2007-10-29,15.571700096130371,26.690000534057617,26.690000534057617,26.6299991607666,26.649999618530273,9800.0
2007-10-30,15.592120170593262,26.725000381469727,26.725000381469727,26.610000610351562,26.610000610351562,16600.0
2007-10-31,15.592120170593262,26.725000381469727,26.735000610351562,26.71500015258789,26.71500015258789,2400.0
2007-11-01,15.650138854980469,26.704999923706055,26.75,26.635000228881836,26.65999984741211,71600.0
2007-11-02,15.647195816040039,26.700000762939453,26.700000762939453,26.700000762939453,26.700000762939453,1000.0
2007-11-05,15.629626274108887,26.670000076293945,26.700000762939453,26.670000076293945,26.700000762939453,2600.0
2007-11-06,15.597390174865723,26.614999771118164,26.645000457763672,26.610000610351562,26.610000610351562,600.0
2007-11-07,15.620844841003418,26.655000686645508,26.655000686645508,26.594999313354492,26.594999313354492,14000.0
2007-11-08,15.612043380737305,26.639999389648438,26.639999389648438,26.639999389648438,26.639999389648438,200.0
2007-11-09,15.670649528503418,26.739999771118164,26.739999771118164,26.690000534057617,26.71500015258789,8400.0
2007-11-12,15.726324081420898,26.834999084472656,26.834999084472656,26.81999969482422,26.81999969482422,3600.0
2007-11-13,15.661861419677734,26.725000381469727,26.725000381469727,26.704999923706055,26.719999313354492,35600.0
2007-11-14,15.661861419677734,26.725000381469727,26.770000457763672,26.65999984741211,26.65999984741211,301800.0
2007-11-15,15.685297012329102,26.764999389648438,26.764999389648438,26.7549991607666,26.7549991607666,6000.0
2007-11-16,15.720464706420898,26.825000762939453,26.825000762939453,26.815000534057617,26.825000762939453,10200.0
2007-11-19,15.75855827331543,26.889999389648438,26.895000457763672,26.790000915527344,26.809999465942383,21000.0
2007-11-20,15.73803997039795,26.854999542236328,26.8799991607666,26.825000762939453,26.8799991607666,1800.0
2007-11-21,15.779065132141113,26.924999237060547,26.934999465942383,26.844999313354492,26.844999313354492,39600.0
2007-11-23,15.770276069641113,26.90999984741211,26.915000915527344,26.895000457763672,26.895000457763672,8000.0
2007-11-26,15.881630897521973,27.100000381469727,27.100000381469727,26.950000762939453,26.950000762939453,82000.0
2007-11-27,15.823014259338379,27.0,27.040000915527344,26.96500015258789,27.03499984741211,27800.0
2007-11-28,15.823014259338379,27.0,27.014999389648438,26.924999237060547,26.93000030517578,1129800.0
2007-11-29,15.825949668884277,27.0049991607666,27.020000457763672,27.0049991607666,27.010000228881836,11600.0
2007-11-30,15.861109733581543,27.065000534057617,27.065000534057617,26.940000534057617,26.940000534057617,54400.0
2007-12-03,15.932565689086914,27.09000015258789,27.094999313354492,27.020000457763672,27.040000915527344,28400.0
2007-12-04,15.923755645751953,27.075000762939453,27.104999542236328,27.030000686645508,27.104999542236328,6400.0
2007-12-05,15.885514259338379,27.010000228881836,27.014999389648438,26.989999771118164,27.0,9200.0
2007-12-06,15.812000274658203,26.885000228881836,26.950000762939453,26.885000228881836,26.950000762939453,23400.0
2007-12-07,15.767889976501465,26.809999465942383,26.864999771118164,26.774999618530273,26.864999771118164,20600.0
2007-12-10,15.720843315124512,26.729999542236328,26.7549991607666,26.700000762939453,26.709999084472656,47200.0
2007-12-11,15.803181648254395,26.8700008392334,26.8700008392334,26.7549991607666,26.7549991607666,19600.0
2007-12-12,15.779656410217285,26.829999923706055,26.84000015258789,26.7549991607666,26.790000915527344,14200.0
2007-12-13,15.717903137207031,26.725000381469727,26.7549991607666,26.709999084472656,26.7549991607666,25600.0
2007-12-14,15.650256156921387,26.610000610351562,26.665000915527344,26.610000610351562,26.645000457763672,12200.0
2007-12-17,15.726723670959473,26.739999771118164,26.739999771118164,26.690000534057617,26.69499969482422,11600.0
2007-12-18,15.782596588134766,26.834999084472656,26.834999084472656,26.760000228881836,26.760000228881836,31000.0
2007-12-19,15.835525512695312,26.924999237060547,26.924999237060547,26.850000381469727,26.8700008392334,12400.0
2007-12-20,15.820821762084961,26.899999618530273,26.969999313354492,26.864999771118164,26.8700008392334,43000.0
2007-12-21,15.782596588134766,26.834999084472656,26.844999313354492,26.80500030517578,26.844999313354492,27200.0
2007-12-24,15.764957427978516,26.80500030517578,26.80500030517578,26.760000228881836,26.790000915527344,21400.0
2007-12-26,15.703185081481934,26.700000762939453,26.815000534057617,26.684999465942383,26.725000381469727,19000.0
2007-12-27,15.756138801574707,26.790000915527344,26.790000915527344,26.614999771118164,26.71500015258789,37000.0
2007-12-28,15.843236923217773,26.829999923706055,26.829999923706055,26.709999084472656,26.770000457763672,46600.0
2007-12-31,15.86095142364502,26.860000610351562,26.905000686645508,26.774999618530273,26.84000015258789,17000.0
2008-01-02,15.922952651977539,26.96500015258789,27.020000457763672,26.860000610351562,26.8799991607666,16200.0
2008-01-03,15.934758186340332,26.985000610351562,27.03499984741211,26.96500015258789,26.96500015258789,23600.0
2008-01-04,16.008569717407227,27.110000610351562,27.15999984741211,27.075000762939453,27.15999984741211,12600.0
2008-01-07,16.032188415527344,27.149999618530273,27.149999618530273,27.09000015258789,27.09000015258789,20200.0
2008-01-08,16.07352066040039,27.219999313354492,27.614999771118164,27.114999771118164,27.614999771118164,54800.0
2008-01-09,16.044002532958984,27.170000076293945,27.18000030517578,27.170000076293945,27.18000030517578,7400.0
2008-01-10,16.01447105407715,27.1200008392334,27.165000915527344,27.104999542236328,27.165000915527344,11000.0
2008-01-11,16.03514289855957,27.155000686645508,27.15999984741211,27.100000381469727,27.110000610351562,14400.0
2008-01-14,16.088294982910156,27.2450008392334,27.274999618530273,27.219999313354492,27.219999313354492,6800.0
2008-01-15,16.13553237915039,27.325000762939453,27.325000762939453,27.274999618530273,27.28499984741211,7800.0
2008-01-16,16.10896110534668,27.280000686645508,27.354999542236328,27.280000686645508,27.344999313354492,12000.0
2008-01-17,16.185726165771484,27.40999984741211,27.40999984741211,27.290000915527344,27.309999465942383,17400.0
2008-01-18,16.179819107055664,27.399999618530273,27.399999618530273,27.19499969482422,27.19499969482422,12000.0
2008-01-22,16.25362777709961,27.524999618530273,27.524999618530273,23.5,27.225000381469727,54200.0
2008-01-23,16.221149444580078,27.469999313354492,27.770000457763672,27.399999618530273,27.770000457763672,24200.0
2008-01-24,16.188671112060547,27.415000915527344,27.520000457763672,27.395000457763672,27.520000457763672,26400.0
2008-01-25,16.2418212890625,27.5049991607666,27.5049991607666,27.309999465942383,27.315000534057617,11800.0
2008-01-28,16.182775497436523,27.405000686645508,27.450000762939453,27.399999618530273,27.434999465942383,3200.0
2008-01-29,16.15620231628418,27.360000610351562,27.364999771118164,27.274999618530273,27.364999771118164,6200.0
2008-01-30,16.13553237915039,27.325000762939453,27.375,27.299999237060547,27.354999542236328,23400.0
2008-01-31,16.16504669189453,27.375,27.440000534057617,27.350000381469727,27.440000534057617,11200.0
2008-02-01,16.24272346496582,27.399999618530273,27.44499969482422,27.395000457763672,27.440000534057617,27000.0
2008-02-04,16.207141876220703,27.34000015258789,27.434999465942383,27.270000457763672,27.299999237060547,44600.0
2008-02-05,16.230863571166992,27.3799991607666,27.405000686645508,27.3700008392334,27.405000686645508,9000.0
2008-02-06,16.239744186401367,27.395000457763672,27.399999618530273,27.325000762939453,27.3700008392334,14800.0
2008-02-07,16.097469329833984,27.155000686645508,27.375,27.155000686645508,27.375,11200.0
2008-02-08,16.168615341186523,27.274999618530273,27.30500030517578,27.209999084472656,27.2549991607666,12600.0
2008-02-11,16.23678207397461,27.389999389648438,27.43000030517578,27.149999618530273,27.149999618530273,264200.0
2008-02-12,16.210102081298828,27.344999313354492,27.969999313354492,27.209999084472656,27.969999313354492,18200.0
2008-02-13,16.165651321411133,27.270000457763672,27.325000762939453,27.239999771118164,27.239999771118164,19200.0
2008-02-14,16.091543197631836,27.145000457763672,27.18000030517578,27.104999542236328,27.18000030517578,6200.0
2008-02-15,16.076730728149414,27.1200008392334,27.135000228881836,27.084999084472656,27.135000228881836,62200.0
2008-02-19,16.008541107177734,27.0049991607666,27.104999542236328,26.979999542236328,27.075000762939453,22200.0
2008-02-20,15.990777015686035,26.975000381469727,26.9950008392334,26.940000534057617,26.9950008392334,20600.0
2008-02-21,16.050050735473633,27.075000762939453,27.110000610351562,26.969999313354492,26.969999313354492,35000.0
2008-02-22,16.050050735473633,27.075000762939453,27.139999389648438,27.03499984741211,27.075000762939453,22800.0
2008-02-25,16.002635955810547,26.9950008392334,27.045000076293945,26.950000762939453,27.03499984741211,11200.0
2008-02-26,16.008541107177734,27.0049991607666,27.010000228881836,26.934999465942383,26.959999084472656,13200.0
2008-02-27,16.01744270324707,27.020000457763672,27.059999465942383,26.985000610351562,27.030000686645508,63400.0
2008-02-28,16.11525535583496,27.184999465942383,27.184999465942383,27.094999313354492,27.125,16800.0
2008-02-29,16.23381805419922,27.385000228881836,27.385000228881836,27.290000915527344,27.325000762939453,24000.0
2008-03-03,16.168659210205078,27.170000076293945,27.280000686645508,27.100000381469727,27.280000686645508,12400.0
2008-03-04,16.115095138549805,27.079999923706055,27.2549991607666,27.079999923706055,27.225000381469727,22000.0
2008-03-05,16.040706634521484,26.954999923706055,27.1299991607666,26.954999923706055,27.1299991607666,33200.0
2008-03-06,16.002031326293945,26.889999389648438,27.030000686645508,26.889999389648438,26.975000381469727,4200.0
2008-03-07,16.100217819213867,27.05500030517578,27.260000228881836,26.94499969482422,27.065000534057617,118000.0
2008-03-10,16.153772354125977,27.145000457763672,27.149999618530273,27.049999237060547,27.09000015258789,27000.0
2008-03-11,16.082380294799805,27.024999618530273,27.03499984741211,26.969999313354492,26.975000381469727,20800.0
2008-03-12,16.198408126831055,27.219999313354492,27.219999313354492,27.0049991607666,27.05500030517578,38200.0
2008-03-13,16.153772354125977,27.145000457763672,27.200000762939453,27.114999771118164,27.174999237060547,45400.0
2008-03-14,16.29064178466797,27.375,27.665000915527344,27.200000762939453,27.25,71800.0
2008-03-17,16.400747299194336,27.559999465942383,27.559999465942383,27.350000381469727,27.350000381469727,89200.0
2008-03-18,16.275772094726562,27.350000381469727,27.655000686645508,27.329999923706055,27.405000686645508,26800.0
2008-03-19,16.356122970581055,27.485000610351562,27.4950008392334,27.424999237060547,27.43000030517578,42200.0
2008-03-20,16.37099266052246,27.510000228881836,27.510000228881836,27.325000762939453,27.3799991607666,9000.0
2008-03-24,16.219247817993164,27.2549991607666,27.325000762939453,27.204999923706055,27.325000762939453,33400.0
2008-03-25,16.234119415283203,27.280000686645508,27.28499984741211,27.200000762939453,27.219999313354492,10200.0
2008-03-26,16.177583694458008,27.184999465942383,27.30500030517578,27.174999237060547,27.274999618530273,33000.0
2008-03-27,16.177583694458008,27.184999465942383,27.264999389648438,27.184999465942383,27.225000381469727,19600.0
2008-03-28,16.20137596130371,27.225000381469727,27.28499984741211,27.21500015258789,27.21500015258789,46400.0
2008-03-31,16.183536529541016,27.19499969482422,27.350000381469727,27.19499969482422,27.290000915527344,115600.0
2008-04-01,16.13780403137207,27.0,27.114999771118164,27.0,27.114999771118164,46000.0
2008-04-02,16.20355987548828,27.110000610351562,27.125,26.9950008392334,27.104999542236328,72400.0
2008-04-03,16.17367172241211,27.059999465942383,27.114999771118164,27.059999465942383,27.114999771118164,9600.0
2008-04-04,16.2991943359375,27.270000457763672,27.399999618530273,27.229999542236328,27.399999618530273,35800.0
2008-04-07,16.242393493652344,27.174999237060547,27.219999313354492,27.165000915527344,27.190000534057617,12000.0
2008-04-08,16.26929473876953,27.219999313354492,27.260000228881836,27.219999313354492,27.2450008392334,28200.0
2008-04-09,16.344017028808594,27.344999313354492,27.354999542236328,27.235000610351562,27.235000610351562,22600.0
2008-04-10,16.278263092041016,27.235000610351562,27.325000762939453,27.190000534057617,27.290000915527344,25000.0
2008-04-11,16.338031768798828,27.334999084472656,27.395000457763672,27.280000686645508,27.280000686645508,170800.0
2008-04-14,16.347017288208008,27.350000381469727,27.3700008392334,27.299999237060547,27.299999237060547,26600.0
2008-04-15,16.281253814697266,27.239999771118164,27.28499984741211,27.190000534057617,27.21500015258789,22400.0
2008-04-16,16.209524154663086,27.1200008392334,27.225000381469727,27.100000381469727,27.19499969482422,35800.0
2008-04-17,16.14378547668457,27.010000228881836,27.010000228881836,26.954999923706055,27.0,11600.0
2008-04-18,16.182634353637695,27.075000762939453,27.170000076293945,26.90999984741211,27.170000076293945,19000.0
2008-04-21,16.26929473876953,27.219999313354492,27.219999313354492,26.989999771118164,26.989999771118164,167000.0
2008-04-22,16.22746467590332,27.149999618530273,27.155000686645508,27.065000534057617,27.110000610351562,19400.0
2008-04-23,16.194589614868164,27.094999313354492,27.114999771118164,27.059999465942383,27.110000610351562,26800.0
2008-04-24,16.140792846679688,27.0049991607666,27.125,26.940000534057617,26.9950008392334,188800.0
2008-04-25,16.10493278503418,26.94499969482422,26.954999923706055,26.93000030517578,26.94499969482422,8000.0
2008-04-28,16.107934951782227,26.950000762939453,26.989999771118164,26.895000457763672,26.899999618530273,139000.0
2008-04-29,16.155746459960938,27.030000686645508,27.045000076293945,26.934999465942383,27.030000686645508,39200.0
2008-04-30,16.212520599365234,27.125,27.125,26.924999237060547,27.040000915527344,37000.0
2008-05-01,16.13338279724121,26.90999984741211,27.125,26.875,27.065000534057617,206400.0
2008-05-02,16.205320358276367,27.030000686645508,27.05500030517578,26.954999923706055,26.985000610351562,75400.0
2008-05-05,16.23230743408203,27.075000762939453,27.079999923706055,26.854999542236328,26.854999542236328,44200.0
2008-05-06,16.172353744506836,26.975000381469727,27.079999923706055,26.969999313354492,27.079999923706055,24600.0
2008-05-07,16.205320358276367,27.030000686645508,27.030000686645508,26.905000686645508,27.0,25800.0
2008-05-08,16.247297286987305,27.100000381469727,27.104999542236328,27.0049991607666,27.075000762939453,49600.0
2008-05-09,16.24429702758789,27.094999313354492,27.165000915527344,27.05500030517578,27.165000915527344,43000.0
2008-05-12,16.226308822631836,27.065000534057617,27.15999984741211,27.03499984741211,27.104999542236328,137000.0
2008-05-13,16.14537239074707,26.93000030517578,27.014999389648438,26.93000030517578,26.989999771118164,23200.0
2008-05-14,16.148365020751953,26.934999465942383,26.985000610351562,26.8700008392334,26.985000610351562,27000.0
2008-05-15,16.205320358276367,27.030000686645508,27.030000686645508,26.950000762939453,26.959999084472656,39000.0
2008-05-16,16.205320358276367,27.030000686645508,27.1200008392334,27.020000457763672,27.03499984741211,20600.0
2008-05-19,16.23530387878418,27.079999923706055,27.084999084472656,27.020000457763672,27.075000762939453,10800.0
2008-05-20,16.268274307250977,27.135000228881836,27.135000228881836,27.030000686645508,27.104999542236328,96000.0
2008-05-21,16.22330665588379,27.059999465942383,27.06999969482422,27.020000457763672,27.06999969482422,20600.0
2008-05-22,16.14238166809082,26.924999237060547,27.155000686645508,26.8799991607666,27.155000686645508,31800.0
2008-05-23,16.22330665588379,27.059999465942383,27.06999969482422,26.985000610351562,27.0,59800.0
2008-05-27,16.187341690063477,27.0,27.020000457763672,26.985000610351562,26.9950008392334,81800.0
2008-05-28,16.112394332885742,26.875,26.94499969482422,26.81999969482422,26.924999237060547,431600.0
2008-05-29,16.052446365356445,26.774999618530273,26.790000915527344,26.709999084472656,26.790000915527344,23800.0
2008-05-30,16.028457641601562,26.735000610351562,26.844999313354492,26.71500015258789,26.844999313354492,77400.0
2008-06-02,16.11723518371582,26.780000686645508,26.799999237060547,26.68000030517578,26.68000030517578,26200.0
2008-06-03,16.150339126586914,26.834999084472656,26.8700008392334,26.700000762939453,26.7450008392334,33000.0
2008-06-04,16.102191925048828,26.7549991607666,26.895000457763672,26.700000762939453,26.895000457763672,15200.0
2008-06-05,16.051027297973633,26.670000076293945,26.709999084472656,26.670000076293945,26.700000762939453,9000.0
2008-06-06,16.126262664794922,26.795000076293945,26.809999465942383,26.760000228881836,26.760000228881836,6400.0
2008-06-09,16.066085815429688,26.69499969482422,26.75,26.649999618530273,26.75,43000.0
2008-06-10,15.963764190673828,26.524999618530273,26.6200008392334,26.524999618530273,26.59000015258789,10600.0
2008-06-11,15.972807884216309,26.540000915527344,26.584999084472656,26.46500015258789,26.559999465942383,49800.0
2008-06-12,15.876495361328125,26.3799991607666,26.5,26.3799991607666,26.5,31800.0
2008-06-13,15.831367492675781,26.30500030517578,26.44499969482422,26.30500030517578,26.3700008392334,14800.0
2008-06-16,15.864476203918457,26.360000610351562,26.395000457763672,26.299999237060547,26.375,9600.0
2008-06-17,15.90058422088623,26.420000076293945,26.434999465942383,26.260000228881836,26.424999237060547,12600.0
2008-06-18,15.963764190673828,26.524999618530273,26.530000686645508,26.475000381469727,26.475000381469727,4600.0
2008-06-19,15.927650451660156,26.46500015258789,26.520000457763672,26.424999237060547,26.469999313354492,20400.0
2008-06-20,15.972807884216309,26.540000915527344,26.59000015258789,26.5049991607666,26.59000015258789,15000.0
2008-06-23,15.939685821533203,26.485000610351562,26.520000457763672,26.475000381469727,26.520000457763672,4000.0
2008-06-24,15.966777801513672,26.530000686645508,26.549999237060547,26.520000457763672,26.520000457763672,5000.0
2008-06-25,15.948722839355469,26.5,26.524999618530273,26.479999542236328,26.524999618530273,5200.0
2008-06-26,15.996871948242188,26.579999923706055,26.639999389648438,26.579999923706055,26.6200008392334,22200.0
2008-06-27,16.020938873291016,26.6200008392334,26.670000076293945,26.6200008392334,26.665000915527344,27400.0
2008-06-30,16.05404281616211,26.674999237060547,26.7450008392334,26.625,26.7450008392334,19000.0
2008-07-01,16.073381423950195,26.610000610351562,26.719999313354492,26.579999923706055,26.649999618530273,52400.0
2008-07-02,16.003908157348633,26.4950008392334,26.565000534057617,26.485000610351562,26.485000610351562,18400.0
2008-07-03,16.04619026184082,26.565000534057617,26.59000015258789,26.389999389648438,26.59000015258789,11400.0
2008-07-07,16.034116744995117,26.545000076293945,26.604999542236328,26.475000381469727,26.604999542236328,39800.0
2008-07-08,16.09451675415039,26.645000457763672,26.645000457763672,26.565000534057617,26.565000534057617,2400.0
2008-07-09,16.13982391357422,26.719999313354492,26.795000076293945,26.709999084472656,26.71500015258789,20800.0
2008-07-10,16.14283561706543,26.725000381469727,26.844999313354492,26.69499969482422,26.844999313354492,36800.0
2008-07-11,16.160959243774414,26.7549991607666,26.889999389648438,26.700000762939453,26.725000381469727,219400.0
2008-07-14,16.182092666625977,26.790000915527344,26.834999084472656,26.725000381469727,26.739999771118164,29800.0
2008-07-15,16.163976669311523,26.760000228881836,26.854999542236328,26.760000228881836,26.795000076293945,13200.0
2008-07-16,16.13378143310547,26.709999084472656,26.709999084472656,26.665000915527344,26.700000762939453,53000.0
2008-07-17,15.98577880859375,26.46500015258789,26.649999618530273,26.420000076293945,26.649999618530273,16800.0
2008-07-18,15.949538230895996,26.405000686645508,26.4950008392334,26.395000457763672,26.4950008392334,7000.0
2008-07-21,15.96464729309082,26.43000030517578,26.43000030517578,26.280000686645508,26.354999542236328,5400.0
2008-07-22,15.94048023223877,26.389999389648438,26.450000762939453,26.295000076293945,26.450000762939453,13000.0
2008-07-23,15.919349670410156,26.354999542236328,26.354999542236328,26.28499984741211,26.299999237060547,14800.0
2008-07-24,16.034116744995117,26.545000076293945,26.545000076293945,26.440000534057617,26.44499969482422,4600.0
2008-07-25,15.95861530303955,26.420000076293945,26.46500015258789,26.420000076293945,26.46500015258789,7000.0
2008-07-28,16.03110122680664,26.540000915527344,26.565000534057617,26.395000457763672,26.395000457763672,8200.0
2008-07-29,16.058263778686523,26.584999084472656,26.584999084472656,26.454999923706055,26.46500015258789,92800.0
2008-07-30,16.067331314086914,26.600000381469727,26.614999771118164,26.454999923706055,26.5049991607666,8400.0
2008-07-31,16.136802673339844,26.71500015258789,26.71500015258789,26.639999389648438,26.665000915527344,9400.0
2008-08-01,16.12618637084961,26.594999313354492,26.604999542236328,26.559999465942383,26.559999465942383,7000.0
2008-08-04,16.050384521484375,26.469999313354492,26.594999313354492,26.469999313354492,26.594999313354492,25400.0
2008-08-05,16.0291690826416,26.434999465942383,26.479999542236328,26.415000915527344,26.479999542236328,20200.0
2008-08-06,16.03220558166504,26.440000534057617,26.475000381469727,26.34000015258789,26.475000381469727,56000.0
2008-08-07,16.08980941772461,26.53499984741211,26.549999237060547,26.424999237060547,26.424999237060547,84200.0
2008-08-08,16.08980941772461,26.53499984741211,26.575000762939453,26.450000762939453,26.55500030517578,644600.0
2008-08-11,15.986714363098145,26.364999771118164,26.645000457763672,26.30500030517578,26.645000457763672,76200.0
2008-08-12,16.080705642700195,26.520000457763672,26.549999237060547,26.364999771118164,26.364999771118164,248600.0
2008-08-13,16.059478759765625,26.485000610351562,26.584999084472656,26.46500015258789,26.584999084472656,18600.0
2008-08-14,16.077678680419922,26.514999389648438,26.524999618530273,26.485000610351562,26.5049991607666,9200.0
2008-08-15,16.117090225219727,26.579999923706055,26.594999313354492,26.55500030517578,26.55500030517578,23400.0
2008-08-18,16.14739418029785,26.6299991607666,26.645000457763672,26.56999969482422,26.594999313354492,12600.0
2008-08-19,16.114063262939453,26.575000762939453,26.645000457763672,26.545000076293945,26.645000457763672,18400.0
2008-08-20,16.150440216064453,26.635000228881836,26.8799991607666,26.610000610351562,26.635000228881836,441600.0
2008-08-21,16.150440216064453,26.635000228881836,26.655000686645508,26.579999923706055,26.649999618530273,109000.0
2008-08-22,16.135278701782227,26.610000610351562,26.6299991607666,26.56999969482422,26.6299991607666,10400.0
2008-08-25,16.159528732299805,26.649999618530273,26.704999923706055,26.649999618530273,26.700000762939453,94800.0
2008-08-26,16.198942184448242,26.71500015258789,26.71500015258789,26.584999084472656,26.59000015258789,96600.0
2008-08-27,16.198942184448242,26.71500015258789,26.719999313354492,26.6200008392334,26.649999618530273,43400.0
2008-08-28,16.20500946044922,26.725000381469727,26.774999618530273,26.645000457763672,26.684999465942383,95400.0
2008-08-29,16.16863250732422,26.665000915527344,26.7450008392334,26.450000762939453,26.450000762939453,43800.0
2008-09-02,16.244400024414062,26.690000534057617,26.690000534057617,26.514999389648438,26.545000076293945,31800.0
2008-09-03,16.26572036743164,26.725000381469727,26.739999771118164,26.69499969482422,26.69499969482422,65400.0
2008-09-04,16.302223205566406,26.78499984741211,26.825000762939453,26.704999923706055,26.704999923706055,37400.0
2008-09-05,16.293088912963867,26.770000457763672,26.934999465942383,26.764999389648438,26.829999923706055,93800.0
2008-09-08,16.36612319946289,26.889999389648438,26.959999084472656,26.735000610351562,26.735000610351562,46400.0
2008-09-09,16.433095932006836,27.0,27.0049991607666,26.84000015258789,26.84000015258789,56400.0
2008-09-10,16.430049896240234,26.9950008392334,27.024999618530273,26.94499969482422,26.94499969482422,59400.0
2008-09-11,16.39961051940918,26.94499969482422,26.975000381469727,26.854999542236328,26.8700008392334,68400.0
2008-09-12,16.290050506591797,26.764999389648438,27.100000381469727,26.764999389648438,27.100000381469727,11200.0
2008-09-15,16.427001953125,26.989999771118164,27.0049991607666,26.3799991607666,26.3799991607666,61200.0
2008-09-16,16.241365432739258,26.684999465942383,27.0,26.600000381469727,26.825000762939453,75200.0
2008-09-17,16.271785736083984,26.735000610351562,26.760000228881836,26.645000457763672,26.704999923706055,37400.0
2008-09-18,16.13789176940918,26.514999389648438,26.860000610351562,26.274999618530273,26.700000762939453,166400.0
2008-09-19,16.39961051940918,26.94499969482422,27.104999542236328,26.424999237060547,26.854999542236328,92400.0
2008-09-22,16.043563842773438,26.360000610351562,26.979999542236328,26.299999237060547,26.395000457763672,53800.0
2008-09-23,15.99487018585205,26.280000686645508,26.46500015258789,25.975000381469727,25.975000381469727,29600.0
2008-09-24,16.0861759185791,26.43000030517578,26.469999313354492,26.344999313354492,26.415000915527344,26000.0
2008-09-25,16.095293045043945,26.44499969482422,26.454999923706055,26.2450008392334,26.40999984741211,87400.0
2008-09-26,15.958353996276855,26.219999313354492,26.329999923706055,26.110000610351562,26.329999923706055,18200.0
2008-09-29,15.8853178024292,26.100000381469727,26.530000686645508,25.25,25.774999618530273,73200.0
2008-09-30,15.888359069824219,26.104999542236328,26.434999465942383,26.030000686645508,26.3799991607666,72800.0
2008-10-01,15.95800495147705,26.1200008392334,26.709999084472656,25.649999618530273,26.59000015258789,55600.0
2008-10-02,16.11990737915039,26.385000228881836,26.385000228881836,26.065000534057617,26.28499984741211,66200.0
2008-10-03,16.10768699645996,26.364999771118164,26.475000381469727,26.18000030517578,26.475000381469727,26200.0
2008-10-06,15.991602897644043,26.174999237060547,26.5,25.860000610351562,25.860000610351562,101600.0
2008-10-07,16.000774383544922,26.190000534057617,26.364999771118164,26.174999237060547,26.295000076293945,38800.0
2008-10-08,15.893851280212402,26.014999389648438,26.469999313354492,25.954999923706055,25.954999923706055,46400.0
2008-10-09,15.411199569702148,25.225000381469727,26.639999389648438,25.225000381469727,26.09000015258789,175800.0
2008-10-10,14.174040794372559,23.200000762939453,25.75,22.600000381469727,25.75,61600.0
2008-10-13,15.09045124053955,24.700000762939453,24.950000762939453,23.459999084472656,23.565000534057617,118200.0
2008-10-14,15.82359504699707,25.899999618530273,33.70000076293945,25.225000381469727,25.225000381469727,103600.0
2008-10-15,15.783879280090332,25.834999084472656,25.834999084472656,25.375,25.375,15400.0
2008-10-16,15.359272003173828,25.139999389648438,26.040000915527344,25.06999969482422,25.920000076293945,112200.0
2008-10-17,15.31956958770752,25.075000762939453,25.90999984741211,24.850000381469727,25.90999984741211,15400.0
2008-10-20,15.872467994689941,25.979999542236328,25.989999771118164,25.25,25.25,127600.0
2008-10-21,15.979379653930664,26.155000686645508,26.469999313354492,26.075000762939453,26.139999389648438,49600.0
2008-10-22,16.150455474853516,26.434999465942383,26.469999313354492,26.170000076293945,26.170000076293945,50800.0
2008-10-23,15.646424293518066,25.610000610351562,26.209999084472656,25.270000457763672,26.209999084472656,117400.0
2008-10-24,15.680023193359375,25.665000915527344,26.03499984741211,25.40999984741211,26.03499984741211,67400.0
2008-10-27,15.2706880569458,24.9950008392334,25.8700008392334,24.90999984741211,25.8700008392334,75200.0
2008-10-28,15.579217910766602,25.5,25.690000534057617,25.360000610351562,25.459999084472656,27200.0
2008-10-29,15.939678192138672,26.09000015258789,26.1200008392334,25.299999237060547,25.600000381469727,71200.0
2008-10-30,15.863302230834961,25.96500015258789,26.049999237060547,25.540000915527344,25.69499969482422,28600.0
2008-10-31,15.994662284851074,26.18000030517578,26.325000762939453,25.905000686645508,25.905000686645508,63800.0
2008-11-03,15.857288360595703,25.854999542236328,26.225000381469727,25.665000915527344,25.665000915527344,26600.0
2008-11-04,16.093402862548828,26.239999771118164,26.239999771118164,25.7450008392334,26.174999237060547,14600.0
2008-11-05,16.400068283081055,26.739999771118164,26.7450008392334,26.200000762939453,26.209999084472656,126800.0
2008-11-06,16.396989822387695,26.735000610351562,26.735000610351562,26.149999618530273,26.149999618530273,29000.0
2008-11-07,16.37552833557129,26.700000762939453,26.834999084472656,26.3700008392334,26.834999084472656,41400.0
2008-11-10,16.436864852905273,26.799999237060547,26.915000915527344,26.375,26.915000915527344,96400.0
2008-11-11,16.335674285888672,26.635000228881836,26.69499969482422,26.454999923706055,26.454999923706055,52600.0
2008-11-12,15.949281692504883,26.0049991607666,26.829999923706055,26.0049991607666,26.829999923706055,31800.0
2008-11-13,16.289663314819336,26.559999465942383,26.7450008392334,26.079999923706055,26.7450008392334,74800.0
2008-11-14,16.320335388183594,26.610000610351562,26.735000610351562,26.219999313354492,26.34000015258789,83600.0
2008-11-17,16.28352928161621,26.549999237060547,26.6299991607666,26.325000762939453,26.325000762939453,25400.0
2008-11-18,16.354053497314453,26.665000915527344,26.674999237060547,26.364999771118164,26.524999618530273,44200.0
2008-11-19,16.36326789855957,26.68000030517578,26.770000457763672,26.200000762939453,26.610000610351562,31200.0
2008-11-20,16.139402389526367,26.315000534057617,27.104999542236328,26.309999465942383,27.104999542236328,25400.0
2008-11-21,16.044340133666992,26.15999984741211,26.405000686645508,25.889999389648438,25.989999771118164,78800.0
2008-11-24,16.182342529296875,26.385000228881836,26.454999923706055,26.030000686645508,26.454999923706055,54000.0
2008-11-25,16.651527404785156,27.149999618530273,27.149999618530273,26.53499984741211,26.81999969482422,52000.0
2008-11-26,16.623910903930664,27.104999542236328,27.56999969482422,26.770000457763672,27.040000915527344,59200.0
2008-11-28,16.461395263671875,26.84000015258789,27.024999618530273,26.635000228881836,27.0,29400.0
2008-12-01,16.546947479248047,26.885000228881836,27.280000686645508,26.71500015258789,27.280000686645508,26600.0
2008-12-02,16.697734832763672,27.1299991607666,27.174999237060547,26.780000686645508,26.959999084472656,37600.0
2008-12-03,16.753116607666016,27.219999313354492,27.510000228881836,26.875,27.024999618530273,106800.0
2008-12-04,16.799291610717773,27.295000076293945,27.295000076293945,27.079999923706055,27.125,14600.0
2008-12-05,16.93468475341797,27.514999389648438,27.979999542236328,27.219999313354492,27.274999618530273,159200.0
2008-12-08,17.01470184326172,27.645000457763672,27.80500030517578,27.325000762939453,27.344999313354492,121000.0
2008-12-09,17.128557205200195,27.829999923706055,27.90999984741211,27.375,27.459999084472656,75000.0
2008-12-10,17.11934471130371,27.815000534057617,27.959999084472656,27.040000915527344,27.709999084472656,56000.0
2008-12-11,17.20241928100586,27.950000762939453,27.989999771118164,27.764999389648438,27.875,26400.0
2008-12-12,17.14702796936035,27.860000610351562,27.924999237060547,27.209999084472656,27.885000228881836,70200.0
2008-12-15,17.14087677001953,27.850000381469727,27.875,27.375,27.875,42000.0
2008-12-16,17.405527114868164,28.280000686645508,28.280000686645508,27.299999237060547,28.280000686645508,98200.0
2008-12-17,17.371688842773438,28.225000381469727,28.28499984741211,27.475000381469727,28.235000610351562,97400.0
2008-12-18,17.4178409576416,28.299999237060547,28.360000610351562,27.905000686645508,28.184999465942383,33200.0
2008-12-19,17.113178253173828,27.80500030517578,28.200000762939453,27.80500030517578,28.155000686645508,39400.0
2008-12-22,17.100872039794922,27.78499984741211,28.03499984741211,27.7549991607666,28.03499984741211,34600.0
2008-12-23,17.18394660949707,27.920000076293945,28.049999237060547,27.78499984741211,27.954999923706055,45800.0
2008-12-24,17.20241928100586,27.950000762939453,28.170000076293945,27.8700008392334,28.135000228881836,32400.0
2008-12-26,17.100872039794922,27.78499984741211,28.094999313354492,27.78499984741211,28.09000015258789,28800.0
2008-12-29,17.312252044677734,28.010000228881836,28.149999618530273,27.575000762939453,28.0,70200.0
2008-12-30,17.324613571166992,28.030000686645508,28.030000686645508,27.655000686645508,27.889999389648438,31800.0
2008-12-31,17.19481658935547,27.81999969482422,28.139999389648438,27.719999313354492,27.719999313354492,34400.0
2009-01-02,17.126832962036133,27.709999084472656,28.18000030517578,27.329999923706055,28.170000076293945,96400.0
2009-01-05,17.256616592407227,27.920000076293945,28.09000015258789,27.655000686645508,27.915000915527344,63800.0
2009-01-06,17.34316635131836,28.059999465942383,28.059999465942383,27.739999771118164,27.75,69200.0
2009-01-07,17.222633361816406,27.864999771118164,28.110000610351562,27.75,28.110000610351562,31600.0
2009-01-08,17.182443618774414,27.799999237060547,28.045000076293945,27.735000610351562,27.899999618530273,44000.0
2009-01-09,17.408044815063477,28.165000915527344,28.200000762939453,27.84000015258789,28.084999084472656,143600.0
2009-01-12,17.398784637451172,28.149999618530273,28.149999618530273,27.915000915527344,28.139999389648438,40400.0
2009-01-13,17.16700553894043,27.774999618530273,28.399999618530273,27.774999618530273,28.165000915527344,65200.0
2009-01-14,17.448230743408203,28.229999542236328,28.350000381469727,27.69499969482422,27.905000686645508,54200.0
2009-01-15,17.466772079467773,28.260000228881836,28.31999969482422,28.065000534057617,28.299999237060547,61200.0
2009-01-16,17.442045211791992,28.219999313354492,28.274999618530273,28.100000381469727,28.235000610351562,18200.0
2009-01-20,17.46986198425293,28.264999389648438,28.264999389648438,27.850000381469727,28.05500030517578,128800.0
2009-01-21,17.324613571166992,28.030000686645508,28.1200008392334,27.899999618530273,28.05500030517578,89400.0
2009-01-22,17.256616592407227,27.920000076293945,28.049999237060547,27.56999969482422,28.049999237060547,81800.0
2009-01-23,17.142290115356445,27.735000610351562,28.045000076293945,27.735000610351562,27.915000915527344,58600.0
2009-01-26,16.984668731689453,27.479999542236328,27.93000030517578,27.479999542236328,27.93000030517578,34600.0
2009-01-27,17.259719848632812,27.924999237060547,27.924999237060547,27.459999084472656,27.8799991607666,77600.0
2009-01-28,17.108293533325195,27.68000030517578,27.950000762939453,27.450000762939453,27.950000762939453,60000.0
2009-01-29,17.0588436126709,27.600000381469727,27.684999465942383,27.549999237060547,27.645000457763672,24000.0
2009-01-30,17.03103256225586,27.55500030517578,27.709999084472656,27.139999389648438,27.600000381469727,84800.0
2009-02-02,16.99197006225586,27.405000686645508,27.68000030517578,27.385000228881836,27.68000030517578,40800.0
2009-02-03,17.05086326599121,27.5,27.670000076293945,27.364999771118164,27.540000915527344,106600.0
2009-02-04,16.91446876525879,27.280000686645508,27.405000686645508,27.030000686645508,27.329999923706055,70400.0
2009-02-05,17.016759872436523,27.44499969482422,27.55500030517578,27.1200008392334,27.329999923706055,85400.0
2009-02-06,16.821453094482422,27.1299991607666,27.40999984741211,27.1299991607666,27.3799991607666,19800.0
2009-02-09,16.815242767333984,27.1200008392334,27.350000381469727,27.1200008392334,27.329999923706055,58800.0
2009-02-10,16.861757278442383,27.19499969482422,27.5,27.05500030517578,27.5,80000.0
2009-02-11,16.902067184448242,27.260000228881836,27.469999313354492,27.204999923706055,27.360000610351562,50400.0
2009-02-12,17.029178619384766,27.46500015258789,27.530000686645508,27.350000381469727,27.46500015258789,64400.0
2009-02-13,16.864856719970703,27.200000762939453,27.479999542236328,27.075000762939453,27.434999465942383,70600.0
2009-02-17,16.929962158203125,27.30500030517578,27.5,27.25,27.4950008392334,58000.0
2009-02-18,16.911367416381836,27.274999618530273,27.485000610351562,27.18000030517578,27.295000076293945,70400.0
2009-02-19,16.790451049804688,27.079999923706055,27.290000915527344,27.079999923706055,27.2450008392334,28200.0
2009-02-20,16.898963928222656,27.2549991607666,27.309999465942383,27.149999618530273,27.149999618530273,50400.0
2009-02-23,16.818347930908203,27.125,27.290000915527344,27.020000457763672,27.239999771118164,101400.0
2009-02-24,16.867961883544922,27.204999923706055,27.3799991607666,27.139999389648438,27.3799991607666,65800.0
2009-02-25,16.858654022216797,27.190000534057617,27.2450008392334,27.06999969482422,27.2450008392334,73600.0
2009-02-26,16.787351608276367,27.075000762939453,27.174999237060547,26.985000610351562,27.174999237060547,29200.0
2009-02-27,16.790451049804688,27.079999923706055,27.110000610351562,26.735000610351562,27.03499984741211,66600.0
2009-03-02,16.66575813293457,26.795000076293945,27.05500030517578,26.795000076293945,26.915000915527344,106000.0
2009-03-03,16.650205612182617,26.770000457763672,26.96500015258789,26.649999618530273,26.90999984741211,115000.0
2009-03-04,16.746612548828125,26.924999237060547,26.954999923706055,26.78499984741211,26.850000381469727,57000.0
2009-03-05,16.811918258666992,27.030000686645508,27.079999923706055,26.770000457763672,26.885000228881836,38000.0
2009-03-06,16.780820846557617,26.979999542236328,27.03499984741211,26.815000534057617,26.815000534057617,48600.0
2009-03-09,16.35165786743164,26.290000915527344,26.950000762939453,26.290000915527344,26.90999984741211,473200.0
2009-03-10,16.345430374145508,26.280000686645508,26.524999618530273,26.239999771118164,26.40999984741211,318200.0
2009-03-11,16.597333908081055,26.684999465942383,26.829999923706055,26.399999618530273,26.6200008392334,139600.0
2009-03-12,16.74349021911621,26.920000076293945,26.920000076293945,26.649999618530273,26.825000762939453,49600.0
2009-03-13,16.793264389038086,27.0,27.0049991607666,26.78499984741211,26.81999969482422,44400.0
2009-03-16,16.833690643310547,27.065000534057617,28.299999237060547,26.850000381469727,26.850000381469727,227400.0
2009-03-17,16.777708053588867,26.975000381469727,27.045000076293945,26.850000381469727,26.864999771118164,65800.0
2009-03-18,17.119783401489258,27.524999618530273,27.524999618530273,26.844999313354492,26.844999313354492,99400.0
2009-03-19,17.05759620666504,27.424999237060547,27.614999771118164,27.239999771118164,27.469999313354492,70200.0
2009-03-20,16.998502731323242,27.329999923706055,27.395000457763672,27.110000610351562,27.30500030517578,46800.0
2009-03-23,16.90209197998047,27.174999237060547,27.559999465942383,27.165000915527344,27.375,43400.0
2009-03-24,16.951862335205078,27.2549991607666,27.350000381469727,27.079999923706055,27.280000686645508,58000.0
2009-03-25,16.86787986755371,27.1200008392334,27.30500030517578,27.065000534057617,27.30500030517578,21600.0
2009-03-26,16.836788177490234,27.06999969482422,27.229999542236328,27.059999465942383,27.200000762939453,27200.0
2009-03-27,16.917646408081055,27.200000762939453,27.209999084472656,27.05500030517578,27.170000076293945,117200.0
2009-03-30,16.989173889160156,27.315000534057617,27.329999923706055,27.204999923706055,27.270000457763672,15400.0
2009-03-31,17.004718780517578,27.34000015258789,27.34000015258789,27.235000610351562,27.315000534057617,8400.0
2009-04-01,16.98849105834961,27.229999542236328,27.30500030517578,27.059999465942383,27.30500030517578,22600.0
2009-04-02,16.90428352355957,27.094999313354492,27.2549991607666,27.075000762939453,27.2549991607666,28000.0
2009-04-03,16.854366302490234,27.014999389648438,27.114999771118164,26.915000915527344,27.104999542236328,78200.0
2009-04-06,16.77638053894043,26.889999389648438,27.09000015258789,26.889999389648438,27.020000457763672,68600.0
2009-04-07,16.854366302490234,27.014999389648438,27.024999618530273,26.905000686645508,27.0,31000.0
2009-04-08,16.85124969482422,27.010000228881836,27.110000610351562,26.975000381469727,27.110000610351562,20600.0
2009-04-09,16.810707092285156,26.94499969482422,27.149999618530273,26.924999237060547,27.135000228881836,21800.0
2009-04-13,17.010334014892578,27.264999389648438,27.264999389648438,26.985000610351562,27.0,94400.0
2009-04-14,17.032175064086914,27.299999237060547,27.354999542236328,27.155000686645508,27.19499969482422,84600.0
2009-04-15,17.100799560546875,27.40999984741211,27.415000915527344,27.235000610351562,27.235000610351562,92600.0
2009-04-16,17.088321685791016,27.389999389648438,27.395000457763672,27.19499969482422,27.31999969482422,38400.0
2009-04-17,16.922988891601562,27.125,27.40999984741211,27.1200008392334,27.40999984741211,26800.0
2009-04-20,17.10391616821289,27.415000915527344,27.44499969482422,27.184999465942383,27.184999465942383,48200.0
2009-04-21,17.100799560546875,27.40999984741211,27.5,27.280000686645508,27.485000610351562,47200.0
2009-04-22,17.07273292541504,27.364999771118164,27.440000534057617,27.309999465942383,27.43000030517578,18400.0
2009-04-23,17.00722312927246,27.260000228881836,27.40999984741211,27.170000076293945,27.40999984741211,65800.0
2009-04-24,17.069599151611328,27.360000610351562,27.3799991607666,27.235000610351562,27.375,15000.0
2009-04-27,17.082080841064453,27.3799991607666,27.3799991607666,27.2450008392334,27.334999084472656,15000.0
2009-04-28,17.013446807861328,27.270000457763672,27.375,27.2549991607666,27.2549991607666,42000.0
2009-04-29,16.98537826538086,27.225000381469727,27.40999984741211,27.1200008392334,27.40999984741211,19000.0
2009-04-30,17.019699096679688,27.280000686645508,27.405000686645508,27.084999084472656,27.34000015258789,57000.0
2009-05-01,16.987468719482422,27.149999618530273,27.2450008392334,26.924999237060547,27.204999923706055,70800.0
2009-05-04,16.92491340637207,27.049999237060547,27.200000762939453,26.989999771118164,26.989999771118164,93400.0
2009-05-05,16.987468719482422,27.149999618530273,27.190000534057617,27.020000457763672,27.020000457763672,23000.0
2009-05-06,17.06882095336914,27.280000686645508,27.325000762939453,27.209999084472656,27.325000762939453,20600.0
2009-05-07,17.07819366455078,27.295000076293945,27.344999313354492,27.149999618530273,27.295000076293945,27600.0
2009-05-08,17.06882095336914,27.280000686645508,27.635000228881836,27.024999618530273,27.635000228881836,72000.0
2009-05-11,17.15641975402832,27.420000076293945,27.420000076293945,27.170000076293945,27.299999237060547,42600.0
2009-05-12,17.16266441345215,27.43000030517578,27.469999313354492,27.225000381469727,27.389999389648438,51400.0
2009-05-13,17.17831039428711,27.454999923706055,27.545000076293945,27.40999984741211,27.475000381469727,54400.0
2009-05-14,17.165794372558594,27.434999465942383,27.549999237060547,27.415000915527344,27.520000457763672,40600.0
2009-05-15,17.212724685668945,27.510000228881836,27.549999237060547,27.354999542236328,27.354999542236328,41400.0
2009-05-18,17.062545776367188,27.270000457763672,27.545000076293945,27.235000610351562,27.545000076293945,78800.0
2009-05-19,17.153287887573242,27.415000915527344,27.420000076293945,27.264999389648438,27.399999618530273,85000.0
2009-05-20,17.168926239013672,27.440000534057617,27.4950008392334,27.344999313354492,27.399999618530273,38000.0
2009-05-21,17.06882095336914,27.280000686645508,27.540000915527344,27.280000686645508,27.53499984741211,42000.0
2009-05-22,17.065690994262695,27.274999618530273,27.440000534057617,27.260000228881836,27.260000228881836,55600.0
2009-05-26,17.040660858154297,27.235000610351562,27.399999618530273,27.19499969482422,27.399999618530273,55600.0
2009-05-27,16.92491340637207,27.049999237060547,27.295000076293945,27.010000228881836,27.295000076293945,43600.0
2009-05-28,17.065690994262695,27.274999618530273,27.274999618530273,27.079999923706055,27.104999542236328,51400.0
2009-05-29,17.16266441345215,27.43000030517578,27.43000030517578,27.155000686645508,27.274999618530273,50600.0
2009-06-01,17.047834396362305,27.170000076293945,27.399999618530273,27.049999237060547,27.399999618530273,90600.0
2009-06-02,17.11373519897461,27.274999618530273,27.274999618530273,27.094999313354492,27.235000610351562,25800.0
2009-06-03,17.101184844970703,27.2549991607666,27.31999969482422,27.065000534057617,27.065000534057617,58200.0
2009-06-04,16.98196792602539,27.065000534057617,27.34000015258789,27.065000534057617,27.239999771118164,46400.0
2009-06-05,16.93804359436035,26.9950008392334,27.079999923706055,26.93000030517578,26.979999542236328,39400.0
2009-06-08,16.815683364868164,26.799999237060547,26.975000381469727,26.790000915527344,26.920000076293945,75000.0
2009-06-09,16.90981101989746,26.950000762939453,27.0,26.8700008392334,26.90999984741211,25000.0
2009-06-10,16.906675338745117,26.94499969482422,27.010000228881836,26.8700008392334,26.979999542236328,67400.0
2009-06-11,16.96314239501953,27.03499984741211,27.079999923706055,26.8799991607666,26.885000228881836,15200.0
2009-06-12,16.97882843017578,27.059999465942383,27.149999618530273,26.940000534057617,27.135000228881836,99800.0
2009-06-15,17.000791549682617,27.094999313354492,27.110000610351562,27.049999237060547,27.094999313354492,91200.0
2009-06-16,17.035287857055664,27.149999618530273,27.15999984741211,26.950000762939453,27.145000457763672,142400.0
2009-06-17,17.013334274291992,27.114999771118164,27.235000610351562,27.100000381469727,27.15999984741211,70600.0
2009-06-18,16.884708404541016,26.90999984741211,27.135000228881836,26.864999771118164,27.114999771118164,28400.0
2009-06-19,16.985095977783203,27.06999969482422,27.06999969482422,26.989999771118164,27.045000076293945,26000.0
2009-06-22,17.013334274291992,27.114999771118164,27.19499969482422,27.05500030517578,27.05500030517578,12600.0
2009-06-23,17.088632583618164,27.235000610351562,27.28499984741211,27.100000381469727,27.165000915527344,19400.0
2009-06-24,17.13254165649414,27.30500030517578,27.600000381469727,27.204999923706055,27.424999237060547,244600.0
2009-06-25,17.21725845336914,27.440000534057617,27.440000534057617,27.225000381469727,27.225000381469727,37000.0
2009-06-26,17.220394134521484,27.44499969482422,27.469999313354492,27.325000762939453,27.389999389648438,69400.0
2009-06-29,17.16704750061035,27.360000610351562,27.514999389648438,27.334999084472656,27.389999389648438,222000.0
2009-06-30,17.17647361755371,27.375,27.399999618530273,27.309999465942383,27.309999465942383,31600.0
2009-07-01,17.149404525756836,27.25,27.344999313354492,27.229999542236328,27.295000076293945,27400.0
2009-07-02,17.250106811523438,27.40999984741211,27.420000076293945,27.290000915527344,27.354999542236328,32400.0
2009-07-06,17.18401527404785,27.30500030517578,27.389999389648438,27.274999618530273,27.389999389648438,15200.0
2009-07-07,17.26898765563965,27.440000534057617,27.450000762939453,27.34000015258789,27.350000381469727,42600.0
2009-07-08,17.328773498535156,27.53499984741211,27.604999542236328,27.399999618530273,27.454999923706055,34800.0
2009-07-09,17.158855438232422,27.264999389648438,27.540000915527344,27.200000762939453,27.485000610351562,508200.0
2009-07-10,17.26898765563965,27.440000534057617,27.44499969482422,27.315000534057617,27.364999771118164,101600.0
2009-07-13,17.316190719604492,27.514999389648438,27.59000015258789,27.475000381469727,27.575000762939453,54600.0
2009-07-14,17.26898765563965,27.440000534057617,27.524999618530273,27.420000076293945,27.524999618530273,83400.0
2009-07-15,17.212345123291016,27.350000381469727,27.46500015258789,27.30500030517578,27.43000030517578,28400.0
2009-07-16,17.281572341918945,27.459999084472656,27.475000381469727,27.364999771118164,27.424999237060547,29600.0
2009-07-17,17.243818283081055,27.399999618530273,27.424999237060547,27.25,27.40999984741211,39600.0
2009-07-20,17.29100799560547,27.475000381469727,27.475000381469727,27.344999313354492,27.424999237060547,11800.0
2009-07-21,17.347660064697266,27.565000534057617,27.59000015258789,27.459999084472656,27.46500015258789,88000.0
2009-07-22,17.284727096557617,27.46500015258789,27.684999465942383,27.459999084472656,27.684999465942383,84800.0
2009-07-23,17.32246971130371,27.524999618530273,27.56999969482422,27.415000915527344,27.56999969482422,132000.0
2009-07-24,17.32246971130371,27.524999618530273,27.549999237060547,27.440000534057617,27.485000610351562,33400.0
2009-07-27,17.27527618408203,27.450000762939453,27.459999084472656,27.389999389648438,27.454999923706055,13400.0
2009-07-28,17.26268768310547,27.43000030517578,27.524999618530273,27.40999984741211,27.4950008392334,16000.0
2009-07-29,17.319326400756836,27.520000457763672,27.600000381469727,27.43000030517578,27.5,60400.0
2009-07-30,17.347660064697266,27.565000534057617,27.59000015258789,27.40999984741211,27.545000076293945,50600.0
2009-07-31,17.429466247558594,27.69499969482422,27.719999313354492,27.545000076293945,27.594999313354492,50000.0
2009-08-03,17.35405731201172,27.5,27.735000610351562,27.325000762939453,27.594999313354492,261000.0
2009-08-04,17.294109344482422,27.405000686645508,27.639999389648438,27.350000381469727,27.639999389648438,143200.0
2009-08-05,17.3193359375,27.44499969482422,27.454999923706055,27.364999771118164,27.454999923706055,37000.0
2009-08-06,17.294109344482422,27.405000686645508,27.469999313354492,27.360000610351562,27.46500015258789,32600.0
2009-08-07,17.205759048461914,27.264999389648438,27.364999771118164,27.229999542236328,27.364999771118164,27400.0
2009-08-10,17.316192626953125,27.440000534057617,27.4950008392334,27.309999465942383,27.385000228881836,134600.0
2009-08-11,17.407691955566406,27.584999084472656,27.584999084472656,27.46500015258789,27.46500015258789,45600.0
2009-08-12,17.391910552978516,27.559999465942383,27.59000015258789,27.424999237060547,27.584999084472656,59200.0
2009-08-13,17.47395896911621,27.690000534057617,27.690000534057617,27.524999618530273,27.56999969482422,171400.0
2009-08-14,17.48341941833496,27.704999923706055,27.735000610351562,27.655000686645508,27.68000030517578,38600.0
2009-08-17,17.49919319152832,27.729999542236328,27.75,27.65999984741211,27.719999313354492,20000.0
2009-08-18,17.391910552978516,27.559999465942383,27.790000915527344,27.559999465942383,27.790000915527344,41000.0
2009-08-19,17.46763801574707,27.68000030517578,27.7549991607666,27.649999618530273,27.71500015258789,35400.0
2009-08-20,17.527597427368164,27.774999618530273,27.774999618530273,27.684999465942383,27.770000457763672,34600.0
2009-08-21,17.423465728759766,27.610000610351562,27.795000076293945,27.610000610351562,27.795000076293945,41600.0
2009-08-24,17.51497459411621,27.7549991607666,27.774999618530273,27.520000457763672,27.520000457763672,35600.0
2009-08-25,17.439245223999023,27.635000228881836,27.774999618530273,27.625,27.625,32000.0
2009-08-26,17.543373107910156,27.799999237060547,27.809999465942383,27.729999542236328,27.739999771118164,45200.0
2009-08-27,17.54021644592285,27.795000076293945,27.825000762939453,27.729999542236328,27.799999237060547,52800.0
2009-08-28,17.559146881103516,27.825000762939453,27.825000762939453,27.700000762939453,27.704999923706055,27200.0
2009-08-31,17.606473922729492,27.899999618530273,27.899999618530273,27.7450008392334,27.7450008392334,43400.0
2009-09-01,17.620718002319336,27.844999313354492,27.860000610351562,27.770000457763672,27.770000457763672,30600.0
2009-09-02,17.67133903503418,27.924999237060547,27.96500015258789,27.704999923706055,27.81999969482422,71400.0
2009-09-03,17.58907699584961,27.795000076293945,27.93000030517578,27.795000076293945,27.834999084472656,26000.0
2009-09-04,17.592241287231445,27.799999237060547,27.885000228881836,27.7450008392334,27.78499984741211,40000.0
2009-09-08,17.522628784179688,27.690000534057617,27.875,27.690000534057617,27.809999465942383,22200.0
2009-09-09,17.592241287231445,27.799999237060547,27.809999465942383,27.719999313354492,27.795000076293945,44200.0
2009-09-10,17.687158584594727,27.950000762939453,27.954999923706055,27.7549991607666,27.7549991607666,84000.0
2009-09-11,17.687158584594727,27.950000762939453,28.045000076293945,27.94499969482422,28.0049991607666,32400.0
2009-09-14,17.620718002319336,27.844999313354492,27.969999313354492,27.844999313354492,27.885000228881836,121200.0
2009-09-15,17.639698028564453,27.875,27.899999618530273,27.795000076293945,27.795000076293945,28000.0
2009-09-16,17.63336753845215,27.864999771118164,27.915000915527344,27.799999237060547,27.850000381469727,50400.0
2009-09-17,17.70931625366211,27.985000610351562,27.985000610351562,27.825000762939453,27.829999923706055,126400.0
2009-09-18,17.639698028564453,27.875,27.9950008392334,27.864999771118164,27.915000915527344,73200.0
2009-09-21,17.652359008789062,27.895000457763672,27.940000534057617,27.834999084472656,27.885000228881836,32400.0
2009-09-22,17.66501235961914,27.915000915527344,27.94499969482422,27.809999465942383,27.809999465942383,174800.0
2009-09-23,17.693485260009766,27.959999084472656,27.959999084472656,27.799999237060547,27.799999237060547,71000.0
2009-09-24,17.718809127807617,28.0,28.05500030517578,27.985000610351562,28.0049991607666,215800.0
2009-09-25,17.74095344543457,28.03499984741211,28.06999969482422,27.975000381469727,27.975000381469727,38000.0
2009-09-28,17.766265869140625,28.075000762939453,28.079999923706055,27.975000381469727,28.05500030517578,76000.0
2009-09-29,17.778928756713867,28.094999313354492,28.100000381469727,27.985000610351562,27.985000610351562,19400.0
2009-09-30,17.778928756713867,28.094999313354492,28.1200008392334,28.040000915527344,28.079999923706055,34000.0
2009-10-01,17.822696685791016,28.084999084472656,28.135000228881836,28.040000915527344,28.040000915527344,18800.0
2009-10-02,17.822696685791016,28.084999084472656,28.354999542236328,28.06999969482422,28.114999771118164,49400.0
2009-10-05,17.80366325378418,28.05500030517578,28.149999618530273,28.0,28.075000762939453,51000.0
2009-10-06,17.768770217895508,28.0,28.079999923706055,28.0,28.049999237060547,56000.0
2009-10-07,17.83223533630371,28.100000381469727,28.139999389648438,28.0,28.09000015258789,153600.0
2009-10-08,17.810012817382812,28.065000534057617,28.190000534057617,28.03499984741211,28.125,34800.0
2009-10-09,17.698957443237305,27.889999389648438,28.049999237060547,27.889999389648438,27.954999923706055,36400.0
2009-10-12,17.762409210205078,27.989999771118164,28.014999389648438,27.915000915527344,27.915000915527344,53000.0
2009-10-13,17.81319236755371,28.06999969482422,28.06999969482422,27.940000534057617,27.950000762939453,38000.0
2009-10-14,17.746545791625977,27.96500015258789,28.010000228881836,27.90999984741211,27.934999465942383,25200.0
2009-10-15,17.724349975585938,27.93000030517578,27.9950008392334,27.844999313354492,27.860000610351562,35000.0
2009-10-16,17.740211486816406,27.954999923706055,27.96500015258789,27.899999618530273,27.899999618530273,61200.0
2009-10-19,17.77193260192871,28.0049991607666,28.014999389648438,27.899999618530273,27.94499969482422,55400.0
2009-10-20,17.737035751342773,27.950000762939453,28.110000610351562,27.950000762939453,28.03499984741211,191400.0
2009-10-21,17.78463363647461,28.024999618530273,28.03499984741211,27.924999237060547,27.934999465942383,57400.0
2009-10-22,17.752897262573242,27.975000381469727,27.989999771118164,27.899999618530273,27.950000762939453,23600.0
2009-10-23,17.708473205566406,27.905000686645508,27.959999084472656,27.889999389648438,27.924999237060547,23800.0
2009-10-26,17.692615509033203,27.8799991607666,27.93000030517578,27.815000534057617,27.899999618530273,30200.0
2009-10-27,17.756072998046875,27.979999542236328,27.979999542236328,27.864999771118164,27.950000762939453,37800.0
2009-10-28,17.768770217895508,28.0,28.03499984741211,27.93000030517578,28.03499984741211,23400.0
2009-10-29,17.752897262573242,27.975000381469727,27.989999771118164,27.90999984741211,27.989999771118164,23200.0
2009-10-30,17.82588005065918,28.09000015258789,28.09000015258789,27.989999771118164,28.030000686645508,35200.0
2009-11-02,17.807111740112305,27.979999542236328,28.045000076293945,27.954999923706055,28.010000228881836,57200.0
2009-11-03,17.78800392150879,27.950000762939453,27.9950008392334,27.889999389648438,27.9950008392334,14800.0
2009-11-04,17.73390769958496,27.864999771118164,28.010000228881836,27.81999969482422,27.864999771118164,29800.0
2009-11-05,17.759366989135742,27.905000686645508,27.989999771118164,27.850000381469727,27.850000381469727,20800.0
2009-11-06,17.807111740112305,27.979999542236328,28.030000686645508,27.934999465942383,27.969999313354492,47200.0
2009-11-09,17.813472747802734,27.989999771118164,28.024999618530273,27.950000762939453,27.985000610351562,32800.0
2009-11-10,17.826202392578125,28.010000228881836,28.075000762939453,27.9950008392334,28.010000228881836,22000.0
2009-11-11,17.8612003326416,28.065000534057617,28.094999313354492,27.975000381469727,27.975000381469727,64600.0
2009-11-12,17.877111434936523,28.09000015258789,28.09000015258789,27.989999771118164,27.9950008392334,27400.0
2009-11-13,17.896207809448242,28.1200008392334,28.139999389648438,28.040000915527344,28.065000534057617,21800.0
2009-11-16,17.931211471557617,28.174999237060547,28.219999313354492,28.079999923706055,28.125,38200.0
2009-11-17,18.010761260986328,28.299999237060547,28.299999237060547,28.110000610351562,28.110000610351562,370400.0
2009-11-18,17.94074821472168,28.190000534057617,28.25,28.15999984741211,28.200000762939453,38400.0
2009-11-19,17.972562789916992,28.239999771118164,28.2450008392334,28.200000762939453,28.200000762939453,12000.0
2009-11-20,17.931211471557617,28.174999237060547,28.2450008392334,28.170000076293945,28.209999084472656,43800.0
2009-11-23,17.972562789916992,28.239999771118164,28.239999771118164,28.170000076293945,28.170000076293945,21200.0
2009-11-24,17.985307693481445,28.260000228881836,28.344999313354492,28.219999313354492,28.309999465942383,144400.0
2009-11-25,18.048948287963867,28.360000610351562,28.360000610351562,28.239999771118164,28.274999618530273,40400.0
2009-11-27,18.061677932739258,28.3799991607666,28.43000030517578,28.375,28.43000030517578,5400.0
2009-11-30,18.06485366821289,28.385000228881836,28.415000915527344,28.334999084472656,28.389999389648438,27800.0
2009-12-01,18.03516960144043,28.2549991607666,28.350000381469727,28.239999771118164,28.239999771118164,198000.0
2009-12-02,18.03516960144043,28.2549991607666,28.280000686645508,28.21500015258789,28.260000228881836,30800.0
2009-12-03,18.006450653076172,28.209999084472656,28.21500015258789,28.155000686645508,28.19499969482422,25000.0
2009-12-04,17.929847717285156,28.09000015258789,28.135000228881836,27.8700008392334,28.104999542236328,77800.0
2009-12-07,17.98091697692871,28.170000076293945,28.18000030517578,28.06999969482422,28.145000457763672,26600.0
2009-12-08,18.04155731201172,28.264999389648438,28.270000457763672,28.225000381469727,28.225000381469727,65000.0
2009-12-09,18.00006675720215,28.200000762939453,28.260000228881836,28.174999237060547,28.260000228881836,24200.0
2009-12-10,17.977741241455078,28.165000915527344,28.174999237060547,28.125,28.125,17000.0
2009-12-11,17.95537757873535,28.1299991607666,28.149999618530273,28.084999084472656,28.09000015258789,31400.0
2009-12-14,17.9681453704834,28.149999618530273,28.170000076293945,28.104999542236328,28.170000076293945,61200.0
2009-12-15,17.894744873046875,28.03499984741211,28.100000381469727,28.03499984741211,28.05500030517578,52000.0
2009-12-16,17.93304443359375,28.094999313354492,28.1299991607666,28.065000534057617,28.079999923706055,18400.0
2009-12-17,17.9681453704834,28.149999618530273,28.155000686645508,28.1200008392334,28.1200008392334,65000.0
2009-12-18,17.97453498840332,28.15999984741211,28.190000534057617,28.145000457763672,28.190000534057617,19400.0
2009-12-21,17.89794158935547,28.040000915527344,28.094999313354492,28.024999618530273,28.065000534057617,20000.0
2009-12-22,17.85007095336914,27.96500015258789,27.985000610351562,27.84000015258789,27.954999923706055,51400.0
2009-12-23,17.83730125427246,27.94499969482422,27.959999084472656,27.90999984741211,27.90999984741211,82200.0
2009-12-24,17.80219268798828,27.889999389648438,27.96500015258789,27.8799991607666,27.905000686645508,42600.0
2009-12-28,17.738367080688477,27.790000915527344,27.854999542236328,27.770000457763672,27.80500030517578,19600.0
2009-12-29,17.82950782775879,27.385000228881836,27.385000228881836,27.260000228881836,27.264999389648438,85200.0
2009-12-30,17.777433395385742,27.30500030517578,27.350000381469727,27.239999771118164,27.325000762939453,58200.0
2009-12-31,17.80347442626953,27.344999313354492,27.344999313354492,27.21500015258789,27.2450008392334,31400.0
2010-01-04,17.79696273803711,27.334999084472656,27.360000610351562,27.2549991607666,27.325000762939453,60000.0
2010-01-05,17.845787048339844,27.40999984741211,27.469999313354492,27.389999389648438,27.395000457763672,61600.0
2010-01-06,17.871835708618164,27.450000762939453,27.475000381469727,27.3700008392334,27.440000534057617,22400.0
2010-01-07,17.816495895385742,27.364999771118164,27.440000534057617,27.344999313354492,27.43000030517578,472000.0
2010-01-08,17.832775115966797,27.389999389648438,27.475000381469727,27.354999542236328,27.459999084472656,98000.0
2010-01-11,17.842544555664062,27.405000686645508,27.44499969482422,27.375,27.43000030517578,50800.0
2010-01-12,17.966232299804688,27.594999313354492,27.594999313354492,27.469999313354492,27.489999771118164,79600.0
2010-01-13,17.90437889099121,27.5,27.55500030517578,27.459999084472656,27.55500030517578,43400.0
2010-01-14,17.940202713012695,27.55500030517578,27.575000762939453,27.469999313354492,27.5,18600.0
2010-01-15,17.943450927734375,27.559999465942383,27.6299991607666,27.559999465942383,27.614999771118164,31000.0
2010-01-19,17.962993621826172,27.59000015258789,27.600000381469727,27.5049991607666,27.55500030517578,87000.0
2010-01-20,17.985774993896484,27.625,27.645000457763672,27.584999084472656,27.604999542236328,37400.0
2010-01-21,17.998798370361328,27.645000457763672,27.709999084472656,27.549999237060547,27.635000228881836,28800.0
2010-01-22,18.028099060058594,27.690000534057617,27.719999313354492,27.625,27.65999984741211,37000.0
2010-01-25,17.99553871154785,27.639999389648438,27.68000030517578,27.55500030517578,27.55500030517578,32200.0
2010-01-26,17.998798370361328,27.645000457763672,27.7549991607666,27.645000457763672,27.704999923706055,59800.0
2010-01-27,17.998798370361328,27.645000457763672,27.719999313354492,27.614999771118164,27.700000762939453,72400.0
2010-01-28,18.00530242919922,27.655000686645508,27.670000076293945,27.610000610351562,27.65999984741211,25800.0
2010-01-29,18.028099060058594,27.690000534057617,27.704999923706055,27.6299991607666,27.69499969482422,32000.0
2010-02-01,18.01503562927246,27.600000381469727,27.635000228881836,27.524999618530273,27.635000228881836,30800.0
2010-02-02,18.050935745239258,27.655000686645508,27.655000686645508,27.55500030517578,27.614999771118164,80800.0
2010-02-03,17.988929748535156,27.559999465942383,27.625,27.530000686645508,27.6200008392334,76400.0
2010-02-04,18.041147232055664,27.639999389648438,27.690000534057617,27.594999313354492,27.594999313354492,47600.0
2010-02-05,18.04767417907715,27.649999618530273,27.739999771118164,27.604999542236328,27.604999542236328,100000.0
2010-02-08,18.044416427612305,27.645000457763672,27.704999923706055,27.610000610351562,27.610000610351562,19200.0
2010-02-09,17.979143142700195,27.545000076293945,27.665000915527344,27.540000915527344,27.604999542236328,66800.0
2010-02-10,17.988929748535156,27.559999465942383,27.6299991607666,27.510000228881836,27.600000381469727,29200.0
2010-02-11,17.94650650024414,27.4950008392334,27.530000686645508,27.43000030517578,27.520000457763672,124800.0
2010-02-12,17.949756622314453,27.5,27.540000915527344,27.475000381469727,27.5,20000.0
2010-02-16,17.953020095825195,27.5049991607666,27.545000076293945,27.43000030517578,27.524999618530273,19000.0
2010-02-17,17.953020095825195,27.5049991607666,27.565000534057617,27.475000381469727,27.540000915527344,37200.0
2010-02-18,17.936708450317383,27.479999542236328,27.520000457763672,27.3700008392334,27.469999313354492,56200.0
2010-02-19,17.90407371520996,27.43000030517578,27.479999542236328,27.399999618530273,27.415000915527344,30200.0
2010-02-22,17.91712760925293,27.450000762939453,27.510000228881836,27.40999984741211,27.40999984741211,59400.0
2010-02-23,17.94650650024414,27.4950008392334,27.559999465942383,27.475000381469727,27.510000228881836,52200.0
2010-02-24,18.00851821899414,27.59000015258789,27.600000381469727,27.510000228881836,27.510000228881836,27600.0
2010-02-25,18.031354904174805,27.625,27.6299991607666,27.575000762939453,27.594999313354492,50200.0
2010-02-26,18.050935745239258,27.655000686645508,27.704999923706055,27.614999771118164,27.639999389648438,27600.0
2010-03-01,18.071876525878906,27.614999771118164,27.65999984741211,27.584999084472656,27.6200008392334,79200.0
2010-03-02,18.088245391845703,27.639999389648438,27.645000457763672,27.53499984741211,27.53499984741211,167200.0
2010-03-03,18.045692443847656,27.575000762939453,27.625,27.559999465942383,27.6200008392334,14200.0
2010-03-04,18.11441993713379,27.68000030517578,27.68000030517578,27.6200008392334,27.6200008392334,28400.0
2010-03-05,18.084972381591797,27.635000228881836,27.65999984741211,27.549999237060547,27.65999984741211,35400.0
2010-03-08,18.045692443847656,27.575000762939453,27.639999389648438,27.545000076293945,27.639999389648438,72000.0
2010-03-09,18.091508865356445,27.645000457763672,27.665000915527344,27.584999084472656,27.665000915527344,32200.0
2010-03-10,18.081695556640625,27.6299991607666,27.665000915527344,27.56999969482422,27.665000915527344,27200.0
2010-03-11,18.084972381591797,27.635000228881836,27.655000686645508,27.545000076293945,27.655000686645508,320600.0
2010-03-12,18.094791412353516,27.649999618530273,27.674999237060547,27.604999542236328,27.6299991607666,19000.0
2010-03-15,18.081695556640625,27.6299991607666,27.684999465942383,27.614999771118164,27.614999771118164,48800.0
2010-03-16,18.147140502929688,27.729999542236328,27.729999542236328,27.645000457763672,27.65999984741211,67000.0
2010-03-17,18.11441993713379,27.68000030517578,27.729999542236328,27.670000076293945,27.719999313354492,24400.0
2010-03-18,18.12096405029297,27.690000534057617,27.729999542236328,27.68000030517578,27.684999465942383,41600.0
2010-03-19,18.12750244140625,27.700000762939453,27.725000381469727,27.649999618530273,27.700000762939453,16400.0
2010-03-22,18.143869400024414,27.725000381469727,27.75,27.684999465942383,27.75,20400.0
2010-03-23,18.10132598876953,27.65999984741211,27.7450008392334,27.65999984741211,27.71500015258789,89000.0
2010-03-24,18.029346466064453,27.549999237060547,27.665000915527344,27.524999618530273,27.665000915527344,18000.0
2010-03-25,17.999889373779297,27.5049991607666,27.600000381469727,27.475000381469727,27.510000228881836,40600.0
2010-03-26,18.006439208984375,27.514999389648438,27.584999084472656,27.5,27.55500030517578,35000.0
2010-03-29,18.019515991210938,27.53499984741211,27.579999923706055,27.510000228881836,27.510000228881836,29000.0
2010-03-30,18.048969268798828,27.579999923706055,27.59000015258789,27.514999389648438,27.59000015258789,31800.0
2010-03-31,18.055526733398438,27.59000015258789,27.6299991607666,27.579999923706055,27.6299991607666,10000.0
2010-04-01,18.065019607543945,27.530000686645508,27.530000686645508,27.454999923706055,27.520000457763672,56000.0
2010-04-05,17.950197219848633,27.354999542236328,27.405000686645508,27.309999465942383,27.364999771118164,98400.0
2010-04-06,17.950197219848633,27.354999542236328,27.395000457763672,27.309999465942383,27.309999465942383,34400.0
2010-04-07,18.012535095214844,27.450000762939453,27.510000228881836,27.389999389648438,27.415000915527344,30600.0
2010-04-08,18.015819549560547,27.454999923706055,27.55500030517578,27.44499969482422,27.469999313354492,27200.0
2010-04-09,18.058469772338867,27.520000457763672,27.524999618530273,27.454999923706055,27.510000228881836,26200.0
2010-04-12,18.084718704223633,27.559999465942383,27.559999465942383,27.489999771118164,27.489999771118164,21200.0
2010-04-13,18.133934020996094,27.635000228881836,27.645000457763672,27.584999084472656,27.645000457763672,65000.0
2010-04-14,18.07160186767578,27.540000915527344,27.645000457763672,27.524999618530273,27.645000457763672,66800.0
2010-04-15,18.09128761291504,27.56999969482422,27.6200008392334,27.514999389648438,27.575000762939453,193400.0
2010-04-16,18.094558715820312,27.575000762939453,27.6299991607666,27.545000076293945,27.55500030517578,112800.0
2010-04-19,18.10768699645996,27.594999313354492,27.674999237060547,27.59000015258789,27.670000076293945,22800.0
2010-04-20,18.1109676361084,27.600000381469727,27.68000030517578,27.549999237060547,27.68000030517578,14800.0
2010-04-21,18.133934020996094,27.635000228881836,27.649999618530273,27.59000015258789,27.645000457763672,32600.0
2010-04-22,18.117536544799805,27.610000610351562,27.690000534057617,27.604999542236328,27.649999618530273,35600.0
2010-04-23,18.104408264160156,27.59000015258789,27.6299991607666,27.514999389648438,27.6299991607666,47200.0
2010-04-26,18.12737464904785,27.625,27.625,27.55500030517578,27.594999313354492,89400.0
2010-04-27,18.18642807006836,27.71500015258789,27.71500015258789,27.600000381469727,27.684999465942383,48200.0
2010-04-28,18.14706039428711,27.655000686645508,27.68000030517578,27.614999771118164,27.674999237060547,26400.0
2010-04-29,18.16017723083496,27.674999237060547,27.690000534057617,27.604999542236328,27.625,42800.0
2010-04-30,18.222522735595703,27.770000457763672,27.774999618530273,27.700000762939453,27.704999923706055,62000.0
2010-05-03,18.18798065185547,27.639999389648438,27.709999084472656,27.614999771118164,27.709999084472656,29000.0
2010-05-04,18.25377655029297,27.739999771118164,27.760000228881836,27.674999237060547,27.709999084472656,18600.0
2010-05-05,18.237321853637695,27.71500015258789,27.799999237060547,27.690000534057617,27.799999237060547,23000.0
2010-05-06,18.306427001953125,27.81999969482422,27.854999542236328,27.725000381469727,27.780000686645508,37000.0
2010-05-07,18.19454574584961,27.649999618530273,27.8799991607666,27.6299991607666,27.795000076293945,159200.0
2010-05-10,18.181396484375,27.6299991607666,27.674999237060547,27.610000610351562,27.645000457763672,87600.0
2010-05-11,18.207717895507812,27.670000076293945,27.704999923706055,27.614999771118164,27.704999923706055,180200.0
2010-05-12,18.181396484375,27.6299991607666,27.729999542236328,27.610000610351562,27.729999542236328,55800.0
2010-05-13,18.22416877746582,27.69499969482422,27.774999618530273,27.625,27.7549991607666,71200.0
2010-05-14,18.283397674560547,27.78499984741211,27.844999313354492,27.700000762939453,27.7549991607666,60000.0
2010-05-17,18.313013076782227,27.829999923706055,27.8700008392334,27.780000686645508,27.860000610351562,12600.0
2010-05-18,18.36236000061035,27.905000686645508,27.905000686645508,27.80500030517578,27.829999923706055,50200.0
2010-05-19,18.365646362304688,27.90999984741211,27.920000076293945,27.864999771118164,27.920000076293945,34000.0
2010-05-20,18.3787841796875,27.93000030517578,28.014999389648438,27.899999618530273,27.959999084472656,81200.0
2010-05-21,18.42485237121582,28.0,28.05500030517578,27.954999923706055,28.05500030517578,57200.0
2010-05-24,18.45117950439453,28.040000915527344,28.065000534057617,28.0049991607666,28.05500030517578,318400.0
2010-05-25,18.3886775970459,27.94499969482422,28.065000534057617,27.940000534057617,28.05500030517578,231600.0
2010-05-26,18.391965866088867,27.950000762939453,28.03499984741211,27.854999542236328,27.989999771118164,45200.0
2010-05-27,18.345895767211914,27.8799991607666,27.969999313354492,27.834999084472656,27.920000076293945,34000.0
2010-05-28,18.41170883178711,27.979999542236328,27.979999542236328,27.80500030517578,27.850000381469727,61800.0
2010-06-01,18.401151657104492,27.885000228881836,27.985000610351562,27.8700008392334,27.975000381469727,106800.0
2010-06-02,18.364849090576172,27.829999923706055,27.954999923706055,27.829999923706055,27.854999542236328,114200.0
2010-06-03,18.384658813476562,27.860000610351562,27.905000686645508,27.81999969482422,27.905000686645508,75400.0
2010-06-04,18.480329513549805,28.0049991607666,28.065000534057617,27.920000076293945,27.920000076293945,107200.0
2010-06-07,18.50342559814453,28.040000915527344,28.1200008392334,27.979999542236328,28.100000381469727,101000.0
2010-06-08,18.496835708618164,28.030000686645508,28.059999465942383,27.989999771118164,28.05500030517578,41600.0
2010-06-09,18.4836368560791,28.010000228881836,28.125,27.989999771118164,28.125,42400.0
2010-06-10,18.44734764099121,27.954999923706055,28.049999237060547,27.905000686645508,27.969999313354492,117600.0
2010-06-11,18.45723533630371,27.969999313354492,28.0049991607666,27.940000534057617,28.0049991607666,127400.0
2010-06-14,18.460542678833008,27.975000381469727,28.010000228881836,27.924999237060547,28.010000228881836,16800.0
2010-06-15,18.44734764099121,27.954999923706055,27.979999542236328,27.920000076293945,27.934999465942383,100400.0
2010-06-16,18.463829040527344,27.979999542236328,28.0,27.934999465942383,28.0,52600.0
2010-06-17,18.52982521057129,28.079999923706055,28.100000381469727,27.985000610351562,27.985000610351562,28600.0
2010-06-18,18.506731033325195,28.045000076293945,28.09000015258789,28.045000076293945,28.06999969482422,34000.0
2010-06-21,18.543025970458984,28.100000381469727,28.104999542236328,28.014999389648438,28.045000076293945,15400.0
2010-06-22,18.572723388671875,28.145000457763672,28.170000076293945,28.09000015258789,28.1200008392334,31600.0
2010-06-23,18.612314224243164,28.204999923706055,28.204999923706055,28.139999389648438,28.174999237060547,87600.0
2010-06-24,18.585912704467773,28.165000915527344,28.270000457763672,28.135000228881836,28.270000457763672,11400.0
2010-06-25,18.60902214050293,28.200000762939453,28.229999542236328,28.09000015258789,28.219999313354492,18200.0
2010-06-28,18.64531898498535,28.2549991607666,28.334999084472656,28.219999313354492,28.334999084472656,15600.0
2010-06-29,18.688194274902344,28.31999969482422,28.354999542236328,28.235000610351562,28.2549991607666,34600.0
2010-06-30,18.68158721923828,28.309999465942383,28.405000686645508,28.264999389648438,28.405000686645508,38000.0
2010-07-01,18.70046615600586,28.260000228881836,28.315000534057617,28.21500015258789,28.315000534057617,90800.0
2010-07-02,18.69054412841797,28.2450008392334,28.290000915527344,28.239999771118164,28.274999618530273,68800.0
2010-07-06,18.73352813720703,28.309999465942383,28.34000015258789,28.184999465942383,28.184999465942383,69000.0
2010-07-07,18.730236053466797,28.30500030517578,28.364999771118164,28.280000686645508,28.350000381469727,62800.0
2010-07-08,18.70376968383789,28.264999389648438,28.290000915527344,28.219999313354492,28.260000228881836,25000.0
2010-07-09,18.67731475830078,28.225000381469727,28.274999618530273,28.225000381469727,28.25,36600.0
2010-07-12,18.683916091918945,28.235000610351562,28.309999465942383,28.235000610351562,28.295000076293945,30600.0
2010-07-13,18.657445907592773,28.19499969482422,28.295000076293945,28.190000534057617,28.295000076293945,35200.0
2010-07-14,18.70376968383789,28.264999389648438,28.354999542236328,28.209999084472656,28.315000534057617,24400.0
2010-07-15,18.746776580810547,28.329999923706055,28.360000610351562,28.31999969482422,28.360000610351562,42000.0
2010-07-16,18.79642105102539,28.405000686645508,28.415000915527344,28.3700008392334,28.389999389648438,16000.0
2010-07-19,18.779876708984375,28.3799991607666,28.454999923706055,28.360000610351562,28.454999923706055,21600.0
2010-07-20,18.793106079101562,28.399999618530273,28.469999313354492,28.375,28.469999313354492,50400.0
2010-07-21,18.84273338317871,28.475000381469727,28.479999542236328,28.364999771118164,28.364999771118164,24800.0
2010-07-22,18.80964469909668,28.424999237060547,28.4950008392334,28.395000457763672,28.489999771118164,26200.0
2010-07-23,18.806344985961914,28.420000076293945,28.5049991607666,28.415000915527344,28.5049991607666,14600.0
2010-07-26,18.819578170776367,28.440000534057617,28.46500015258789,28.375,28.46500015258789,63800.0
2010-07-27,18.783184051513672,28.385000228881836,28.454999923706055,28.3799991607666,28.454999923706055,18400.0
2010-07-28,18.849353790283203,28.485000610351562,28.4950008392334,28.40999984741211,28.46500015258789,42800.0
2010-07-29,18.852663040161133,28.489999771118164,28.524999618530273,28.469999313354492,28.469999313354492,22000.0
2010-07-30,18.918825149536133,28.59000015258789,28.600000381469727,28.549999237060547,28.600000381469727,25600.0
2010-08-02,18.884321212768555,28.459999084472656,28.5049991607666,28.434999465942383,28.434999465942383,35200.0
2010-08-03,18.90424156188965,28.489999771118164,28.520000457763672,28.454999923706055,28.475000381469727,193800.0
2010-08-04,18.884321212768555,28.459999084472656,28.520000457763672,28.405000686645508,28.520000457763672,108600.0
2010-08-05,18.910869598388672,28.5,28.530000686645508,28.469999313354492,28.530000686645508,36400.0
2010-08-06,18.957317352294922,28.56999969482422,28.600000381469727,28.514999389648438,28.600000381469727,18800.0
2010-08-09,18.954008102416992,28.565000534057617,28.59000015258789,28.545000076293945,28.59000015258789,42400.0
2010-08-10,19.023670196533203,28.670000076293945,28.670000076293945,28.530000686645508,28.614999771118164,113600.0
2010-08-11,19.03031349182129,28.68000030517578,28.690000534057617,28.649999618530273,28.68000030517578,16800.0
2010-08-12,18.983869552612305,28.610000610351562,28.684999465942383,28.565000534057617,28.684999465942383,24800.0
2010-08-13,19.013710021972656,28.655000686645508,28.69499969482422,28.600000381469727,28.645000457763672,143800.0
2010-08-16,19.1198787689209,28.815000534057617,28.815000534057617,28.75,28.75,41400.0
2010-08-17,19.070117950439453,28.739999771118164,28.774999618530273,28.71500015258789,28.75,75000.0
2010-08-18,19.076749801635742,28.75,28.815000534057617,28.729999542236328,28.815000534057617,18400.0
2010-08-19,19.1198787689209,28.815000534057617,28.81999969482422,28.704999923706055,28.704999923706055,26200.0
2010-08-20,19.093334197998047,28.774999618530273,28.825000762939453,28.739999771118164,28.825000762939453,15400.0
2010-08-23,19.093334197998047,28.774999618530273,28.809999465942383,28.719999313354492,28.719999313354492,17000.0
2010-08-24,19.156375885009766,28.8700008392334,28.895000457763672,28.795000076293945,28.795000076293945,30600.0
2010-08-25,19.13646697998047,28.84000015258789,28.934999465942383,28.825000762939453,28.895000457763672,27800.0
2010-08-26,19.156375885009766,28.8700008392334,28.875,28.829999923706055,28.84000015258789,28200.0
2010-08-27,19.05022621154785,28.709999084472656,28.8799991607666,28.704999923706055,28.875,45000.0
2010-08-30,19.16632843017578,28.885000228881836,28.885000228881836,28.75,28.774999618530273,30200.0
2010-08-31,19.14643096923828,28.854999542236328,28.885000228881836,28.834999084472656,28.864999771118164,64400.0
2010-09-01,19.095531463623047,28.704999923706055,28.809999465942383,28.579999923706055,28.795000076293945,40800.0
2010-09-02,19.082237243652344,28.684999465942383,28.790000915527344,28.649999618530273,28.790000915527344,38800.0
2010-09-03,19.048967361450195,28.635000228881836,28.665000915527344,28.549999237060547,28.665000915527344,164000.0
2010-09-07,19.155410766601562,28.795000076293945,28.795000076293945,28.700000762939453,28.78499984741211,96600.0
2010-09-08,19.122135162353516,28.7450008392334,28.760000228881836,28.709999084472656,28.725000381469727,13600.0
2010-09-09,19.025680541992188,28.600000381469727,28.700000762939453,28.594999313354492,28.68000030517578,20600.0
2010-09-10,18.995756149291992,28.55500030517578,28.610000610351562,28.55500030517578,28.600000381469727,21600.0
2010-09-13,19.042316436767578,28.625,28.635000228881836,28.559999465942383,28.635000228881836,65600.0
2010-09-14,19.07891273498535,28.68000030517578,28.729999542236328,28.635000228881836,28.729999542236328,24200.0
2010-09-15,19.06226921081543,28.655000686645508,28.725000381469727,28.6200008392334,28.700000762939453,43400.0
2010-09-16,19.022361755371094,28.594999313354492,28.65999984741211,28.579999923706055,28.59000015258789,14800.0
2010-09-17,19.07558250427246,28.674999237060547,28.690000534057617,28.625,28.690000534057617,148200.0
2010-09-20,19.098865509033203,28.709999084472656,28.709999084472656,28.6299991607666,28.704999923706055,33800.0
2010-09-21,19.17537498474121,28.825000762939453,28.834999084472656,28.665000915527344,28.670000076293945,47000.0
2010-09-22,19.165380477905273,28.809999465942383,28.860000610351562,28.80500030517578,28.854999542236328,16000.0
2010-09-23,19.178686141967773,28.829999923706055,28.885000228881836,28.764999389648438,28.885000228881836,98800.0
2010-09-24,19.13545036315918,28.764999389648438,28.795000076293945,28.704999923706055,28.704999923706055,38200.0
2010-09-27,19.191991806030273,28.850000381469727,28.860000610351562,28.774999618530273,28.774999618530273,57000.0
2010-09-28,19.231908798217773,28.90999984741211,28.924999237060547,28.8700008392334,28.8700008392334,63200.0
2010-09-29,19.21527671813965,28.885000228881836,28.90999984741211,28.860000610351562,28.860000610351562,26400.0
2010-09-30,19.21527671813965,28.885000228881836,28.889999389648438,28.815000534057617,28.889999389648438,36400.0
2010-10-01,19.190601348876953,28.780000686645508,28.80500030517578,28.739999771118164,28.795000076293945,30800.0
2010-10-04,19.23394203186035,28.844999313354492,28.844999313354492,28.764999389648438,28.764999389648438,25400.0
2010-10-05,19.21394157409668,28.815000534057617,28.889999389648438,28.809999465942383,28.8799991607666,61400.0
2010-10-06,19.27062225341797,28.899999618530273,29.010000228881836,28.875,28.985000610351562,42800.0
2010-10-07,19.29729461669922,28.940000534057617,28.985000610351562,28.905000686645508,28.985000610351562,42200.0
2010-10-08,19.303955078125,28.950000762939453,29.010000228881836,28.93000030517578,28.94499969482422,18200.0
2010-10-11,19.280620574951172,28.915000915527344,28.985000610351562,28.905000686645508,28.934999465942383,43200.0
2010-10-12,19.28395652770996,28.920000076293945,28.989999771118164,28.895000457763672,28.989999771118164,15600.0
2010-10-13,19.280620574951172,28.915000915527344,28.94499969482422,28.850000381469727,28.93000030517578,31200.0
2010-10-14,19.223939895629883,28.829999923706055,28.959999084472656,28.81999969482422,28.850000381469727,64400.0
2010-10-15,19.190601348876953,28.780000686645508,28.825000762939453,28.719999313354492,28.7549991607666,107400.0
2010-10-18,19.253950119018555,28.875,28.8799991607666,28.760000228881836,28.844999313354492,67800.0
2010-10-19,19.27062225341797,28.899999618530273,28.90999984741211,28.829999923706055,28.844999313354492,84000.0
2010-10-20,19.263948440551758,28.889999389648438,28.940000534057617,28.8799991607666,28.899999618530273,76400.0
2010-10-21,19.263948440551758,28.889999389648438,28.94499969482422,28.860000610351562,28.90999984741211,30200.0
2010-10-22,19.263948440551758,28.889999389648438,28.920000076293945,28.834999084472656,28.864999771118164,48800.0
2010-10-25,19.237276077270508,28.850000381469727,28.9950008392334,28.844999313354492,28.94499969482422,48800.0
2010-10-26,19.190601348876953,28.780000686645508,28.850000381469727,28.760000228881836,28.760000228881836,52400.0
2010-10-27,19.157257080078125,28.729999542236328,28.80500030517578,28.670000076293945,28.764999389648438,26600.0
2010-10-28,19.18059730529785,28.764999389648438,28.799999237060547,28.729999542236328,28.729999542236328,75400.0
2010-10-29,19.21729278564453,28.81999969482422,28.864999771118164,28.795000076293945,28.799999237060547,68400.0
2010-11-01,19.177860260009766,28.700000762939453,28.795000076293945,28.700000762939453,28.760000228881836,48600.0
2010-11-02,19.2513484954834,28.809999465942383,28.815000534057617,28.760000228881836,28.760000228881836,49400.0
2010-11-03,19.311492919921875,28.899999618530273,28.954999923706055,28.834999084472656,28.875,830800.0
2010-11-04,19.36495018005371,28.979999542236328,29.0,28.875,28.90999984741211,27000.0
2010-11-05,19.311492919921875,28.899999618530273,28.940000534057617,28.850000381469727,28.864999771118164,119600.0
2010-11-08,19.341571807861328,28.94499969482422,28.96500015258789,28.829999923706055,28.829999923706055,196400.0
2010-11-09,19.204578399658203,28.739999771118164,28.950000762939453,28.719999313354492,28.8799991607666,67000.0
2010-11-10,19.241342544555664,28.795000076293945,28.799999237060547,28.684999465942383,28.774999618530273,33800.0
2010-11-11,19.201244354248047,28.735000610351562,28.75,28.635000228881836,28.69499969482422,29200.0
2010-11-12,19.171175003051758,28.690000534057617,28.780000686645508,28.6299991607666,28.735000610351562,13000.0
2010-11-15,19.017480850219727,28.459999084472656,28.645000457763672,28.459999084472656,28.600000381469727,82200.0
2010-11-16,19.057567596435547,28.520000457763672,28.545000076293945,28.385000228881836,28.479999542236328,151600.0
2010-11-17,19.054237365722656,28.514999389648438,28.6299991607666,28.514999389648438,28.6200008392334,31400.0
2010-11-18,19.054237365722656,28.514999389648438,28.559999465942383,28.46500015258789,28.46500015258789,26600.0
2010-11-19,19.10769271850586,28.594999313354492,28.594999313354492,28.489999771118164,28.489999771118164,94400.0
2010-11-22,19.121044158935547,28.614999771118164,28.65999984741211,28.540000915527344,28.540000915527344,76600.0
2010-11-23,19.144439697265625,28.649999618530273,28.719999313354492,28.6299991607666,28.6299991607666,15800.0
2010-11-24,19.060903549194336,28.524999618530273,28.625,28.514999389648438,28.6200008392334,47000.0
2010-11-26,19.0976619720459,28.579999923706055,28.59000015258789,28.514999389648438,28.575000762939453,20200.0
2010-11-29,19.0976619720459,28.579999923706055,28.665000915527344,28.565000534057617,28.665000915527344,13000.0
2010-11-30,19.057567596435547,28.520000457763672,28.684999465942383,28.520000457763672,28.655000686645508,411400.0
2010-12-01,19.022417068481445,28.40999984741211,28.545000076293945,28.364999771118164,28.434999465942383,37800.0
2010-12-02,19.019081115722656,28.405000686645508,28.459999084472656,28.354999542236328,28.450000762939453,52000.0
2010-12-03,19.012372970581055,28.395000457763672,28.469999313354492,28.264999389648438,28.354999542236328,38600.0
2010-12-06,19.055898666381836,28.459999084472656,28.565000534057617,28.440000534057617,28.454999923706055,109400.0
2010-12-07,18.955463409423828,28.309999465942383,28.415000915527344,28.25,28.354999542236328,62000.0
2010-12-08,18.834936141967773,28.1299991607666,28.190000534057617,28.049999237060547,28.139999389648438,72600.0
2010-12-09,18.844980239868164,28.145000457763672,28.21500015258789,28.104999542236328,28.21500015258789,54200.0
2010-12-10,18.794771194458008,28.06999969482422,28.18000030517578,28.06999969482422,28.18000030517578,38200.0
2010-12-13,18.794771194458008,28.06999969482422,28.149999618530273,28.0049991607666,28.0049991607666,251600.0
2010-12-14,18.69098663330078,27.915000915527344,28.100000381469727,27.899999618530273,28.100000381469727,800800.0
2010-12-15,18.647462844848633,27.850000381469727,28.010000228881836,27.84000015258789,28.010000228881836,202800.0
2010-12-16,18.6541690826416,27.860000610351562,27.895000457763672,27.78499984741211,27.829999923706055,153400.0
2010-12-17,18.76798439025879,28.030000686645508,28.049999237060547,27.895000457763672,27.895000457763672,24400.0
2010-12-20,18.84163475036621,28.139999389648438,28.184999465942383,28.06999969482422,28.15999984741211,52400.0
2010-12-21,18.84163475036621,28.139999389648438,28.149999618530273,28.065000534057617,28.135000228881836,43000.0
2010-12-22,18.818204879760742,28.104999542236328,28.190000534057617,28.094999313354492,28.190000534057617,51000.0
2010-12-23,18.821556091308594,28.110000610351562,28.139999389648438,28.065000534057617,28.139999389648438,22800.0
2010-12-27,18.838287353515625,28.135000228881836,28.135000228881836,28.045000076293945,28.079999923706055,22800.0
2010-12-28,18.721113204956055,27.959999084472656,28.1299991607666,27.959999084472656,28.100000381469727,153400.0
2010-12-29,18.845413208007812,27.670000076293945,27.71500015258789,27.510000228881836,27.614999771118164,25800.0
2010-12-30,18.85563087463379,27.684999465942383,27.725000381469727,27.584999084472656,27.584999084472656,39800.0
2010-12-31,18.92032241821289,27.780000686645508,27.780000686645508,27.690000534057617,27.7450008392334,19400.0
2011-01-03,18.91351890563965,27.770000457763672,27.780000686645508,27.690000534057617,27.704999923706055,21000.0
2011-01-04,18.886266708374023,27.729999542236328,27.799999237060547,27.729999542236328,27.790000915527344,22000.0
2011-01-05,18.82158088684082,27.635000228881836,27.684999465942383,27.575000762939453,27.684999465942383,69000.0
2011-01-06,18.80795669555664,27.614999771118164,27.665000915527344,27.559999465942383,27.559999465942383,31000.0
2011-01-07,18.886266708374023,27.729999542236328,27.774999618530273,27.665000915527344,27.709999084472656,38800.0
2011-01-10,18.96459197998047,27.844999313354492,27.844999313354492,27.780000686645508,27.834999084472656,40400.0
2011-01-11,18.896493911743164,27.7450008392334,27.854999542236328,27.719999313354492,27.854999542236328,25800.0
2011-01-12,18.899890899658203,27.75,27.844999313354492,27.69499969482422,27.764999389648438,82800.0
2011-01-13,18.961200714111328,27.84000015258789,27.854999542236328,27.704999923706055,27.704999923706055,32800.0
2011-01-14,18.94756507873535,27.81999969482422,27.94499969482422,27.809999465942383,27.94499969482422,106600.0
2011-01-18,18.927148818969727,27.790000915527344,27.799999237060547,27.725000381469727,27.780000686645508,31200.0
2011-01-19,18.927148818969727,27.790000915527344,27.834999084472656,27.760000228881836,27.834999084472656,23600.0
2011-01-20,18.882883071899414,27.725000381469727,27.790000915527344,27.670000076293945,27.719999313354492,43400.0
2011-01-21,18.889677047729492,27.735000610351562,27.75,27.649999618530273,27.665000915527344,34000.0
2011-01-24,18.876070022583008,27.71500015258789,27.78499984741211,27.700000762939453,27.71500015258789,35400.0
2011-01-25,18.923742294311523,27.78499984741211,27.875,27.704999923706055,27.729999542236328,71200.0
2011-01-26,18.879453659057617,27.719999313354492,27.885000228881836,27.709999084472656,27.885000228881836,134600.0
2011-01-27,18.896493911743164,27.7450008392334,27.790000915527344,27.700000762939453,27.790000915527344,48600.0
2011-01-28,18.93394660949707,27.799999237060547,27.8799991607666,27.719999313354492,27.854999542236328,41400.0
2011-01-31,18.92032241821289,27.780000686645508,27.860000610351562,27.354999542236328,27.799999237060547,67800.0
2011-02-01,18.902597427368164,27.69499969482422,27.825000762939453,27.665000915527344,27.815000534057617,67000.0
2011-02-02,18.851396560668945,27.6200008392334,27.69499969482422,27.594999313354492,27.665000915527344,75600.0
2011-02-03,18.786542892456055,27.524999618530273,27.635000228881836,27.524999618530273,27.6200008392334,64800.0
2011-02-04,18.742177963256836,27.459999084472656,27.604999542236328,27.415000915527344,27.4950008392334,113600.0
2011-02-07,18.725128173828125,27.434999465942383,27.510000228881836,27.395000457763672,27.510000228881836,26600.0
2011-02-08,18.694406509399414,27.389999389648438,27.4950008392334,27.375,27.4950008392334,73600.0
2011-02-09,18.72171974182129,27.43000030517578,27.4950008392334,27.325000762939453,27.325000762939453,78800.0
2011-02-10,18.691003799438477,27.385000228881836,27.485000610351562,27.385000228881836,27.485000610351562,37400.0
2011-02-11,18.74899673461914,27.469999313354492,27.485000610351562,27.389999389648438,27.405000686645508,62800.0
2011-02-14,18.766075134277344,27.4950008392334,27.514999389648438,27.40999984741211,27.40999984741211,36800.0
2011-02-15,18.783140182495117,27.520000457763672,27.530000686645508,27.479999542236328,27.5049991607666,14200.0
2011-02-16,18.77290153503418,27.5049991607666,27.594999313354492,27.469999313354492,27.594999313354492,54400.0
2011-02-17,18.824094772338867,27.579999923706055,27.600000381469727,27.545000076293945,27.545000076293945,28800.0
2011-02-18,18.807039260864258,27.55500030517578,27.579999923706055,27.520000457763672,27.565000534057617,31200.0
2011-02-22,18.905994415283203,27.700000762939453,27.704999923706055,27.584999084472656,27.635000228881836,44800.0
2011-02-23,18.90941047668457,27.704999923706055,27.725000381469727,27.6299991607666,27.700000762939453,53600.0
2011-02-24,18.885528564453125,27.670000076293945,27.725000381469727,27.670000076293945,27.670000076293945,24800.0
2011-02-25,18.923072814941406,27.725000381469727,27.7549991607666,27.690000534057617,27.690000534057617,78200.0
2011-02-28,18.970834732055664,27.795000076293945,27.815000534057617,27.729999542236328,27.815000534057617,28600.0
2011-03-01,18.972545623779297,27.735000610351562,27.7549991607666,27.684999465942383,27.75,28000.0
2011-03-02,18.938344955444336,27.684999465942383,27.7549991607666,27.68000030517578,27.704999923706055,24600.0
2011-03-03,18.86651611328125,27.579999923706055,27.635000228881836,27.55500030517578,27.635000228881836,44600.0
2011-03-04,18.900714874267578,27.6299991607666,27.65999984741211,27.600000381469727,27.604999542236328,37800.0
2011-03-07,18.92125129699707,27.65999984741211,27.704999923706055,27.565000534057617,27.565000534057617,46400.0
2011-03-08,18.88361930847168,27.604999542236328,27.665000915527344,27.600000381469727,27.6200008392334,47600.0
2011-03-09,18.952022552490234,27.704999923706055,27.729999542236328,27.635000228881836,27.704999923706055,19000.0
2011-03-10,18.999908447265625,27.774999618530273,27.809999465942383,27.690000534057617,27.774999618530273,48800.0
2011-03-11,19.017004013061523,27.799999237060547,27.895000457763672,27.7450008392334,27.84000015258789,65200.0
2011-03-14,19.061477661132812,27.864999771118164,27.889999389648438,27.834999084472656,27.875,41200.0
2011-03-15,19.023853302001953,27.809999465942383,27.96500015258789,27.809999465942383,27.8799991607666,54000.0
2011-03-16,19.10936164855957,27.934999465942383,28.010000228881836,27.864999771118164,27.905000686645508,22600.0
2011-03-17,19.085420608520508,27.899999618530273,27.950000762939453,27.875,27.950000762939453,20800.0
2011-03-18,19.075164794921875,27.885000228881836,27.90999984741211,27.8799991607666,27.899999618530273,12200.0
2011-03-21,19.034122467041016,27.825000762939453,27.924999237060547,27.81999969482422,27.924999237060547,12800.0
2011-03-22,19.020427703857422,27.80500030517578,27.8700008392334,27.780000686645508,27.84000015258789,53200.0
2011-03-23,19.05463981628418,27.854999542236328,27.915000915527344,27.760000228881836,27.829999923706055,495400.0
2011-03-24,18.996490478515625,27.770000457763672,27.829999923706055,27.770000457763672,27.81999969482422,28800.0
2011-03-25,18.982797622680664,27.75,27.84000015258789,27.725000381469727,27.809999465942383,45800.0
2011-03-28,18.972545623779297,27.735000610351562,27.760000228881836,27.725000381469727,27.760000228881836,15000.0
2011-03-29,18.9486083984375,27.700000762939453,27.7450008392334,27.649999618530273,27.7450008392334,77400.0
2011-03-30,18.962268829345703,27.719999313354492,27.760000228881836,27.69499969482422,27.729999542236328,39200.0
2011-03-31,18.955448150634766,27.709999084472656,27.799999237060547,27.709999084472656,27.799999237060547,76600.0
2011-04-01,19.013723373413086,27.729999542236328,27.735000610351562,27.639999389648438,27.65999984741211,22000.0
2011-04-04,19.00001335144043,27.709999084472656,27.78499984741211,27.709999084472656,27.7450008392334,35600.0
2011-04-05,18.97943878173828,27.68000030517578,27.7450008392334,27.639999389648438,27.674999237060547,108000.0
2011-04-06,18.945167541503906,27.6299991607666,27.68000030517578,27.625,27.68000030517578,29200.0
2011-04-07,18.96228790283203,27.655000686645508,27.665000915527344,27.604999542236328,27.604999542236328,55400.0
2011-04-08,18.928014755249023,27.604999542236328,27.625,27.579999923706055,27.6200008392334,34000.0
2011-04-11,18.93144416809082,27.610000610351562,27.674999237060547,27.575000762939453,27.575000762939453,39800.0
2011-04-12,18.989730834960938,27.69499969482422,27.729999542236328,27.655000686645508,27.655000686645508,76000.0
2011-04-13,19.01715660095215,27.735000610351562,27.7450008392334,27.665000915527344,27.704999923706055,35800.0
2011-04-14,18.993152618408203,27.700000762939453,27.75,27.68000030517578,27.739999771118164,48400.0
2011-04-15,19.092571258544922,27.844999313354492,27.854999542236328,27.760000228881836,27.760000228881836,35400.0
2011-04-18,19.130294799804688,27.899999618530273,27.924999237060547,27.825000762939453,27.8700008392334,57400.0
2011-04-19,19.143993377685547,27.920000076293945,28.0049991607666,27.915000915527344,27.950000762939453,341200.0
2011-04-20,19.140581130981445,27.915000915527344,27.959999084472656,27.899999618530273,27.940000534057617,42800.0
2011-04-21,19.113155364990234,27.875,27.94499969482422,27.875,27.8799991607666,30800.0
2011-04-25,19.164567947387695,27.950000762939453,27.969999313354492,27.899999618530273,27.899999618530273,49200.0
2011-04-26,19.246870040893555,28.06999969482422,28.075000762939453,27.954999923706055,27.954999923706055,56000.0
2011-04-27,19.222854614257812,28.03499984741211,28.03499984741211,27.975000381469727,27.979999542236328,113200.0
2011-04-28,19.253725051879883,28.079999923706055,28.09000015258789,28.010000228881836,28.010000228881836,19000.0
2011-04-29,19.305147171020508,28.155000686645508,28.15999984741211,28.03499984741211,28.03499984741211,44000.0
2011-05-02,19.30925941467285,28.094999313354492,28.110000610351562,28.075000762939453,28.100000381469727,40000.0
2011-05-03,19.30925941467285,28.094999313354492,28.135000228881836,28.079999923706055,28.094999313354492,74000.0
2011-05-04,19.33675193786621,28.135000228881836,28.15999984741211,28.05500030517578,28.05500030517578,50000.0
2011-05-05,19.371116638183594,28.184999465942383,28.21500015258789,28.149999618530273,28.149999618530273,19400.0
2011-05-06,19.39860725402832,28.225000381469727,28.264999389648438,28.135000228881836,28.135000228881836,21600.0
2011-05-09,19.402050018310547,28.229999542236328,28.270000457763672,28.21500015258789,28.219999313354492,76000.0
2011-05-10,19.35393524169922,28.15999984741211,28.25,28.15999984741211,28.21500015258789,65200.0
2011-05-11,19.39860725402832,28.225000381469727,28.25,28.145000457763672,28.145000457763672,56600.0
2011-05-12,19.39860725402832,28.225000381469727,28.260000228881836,28.18000030517578,28.18000030517578,48000.0
2011-05-13,19.415794372558594,28.25,28.280000686645508,28.15999984741211,28.15999984741211,50000.0
2011-05-16,19.426101684570312,28.264999389648438,28.290000915527344,28.2450008392334,28.260000228881836,123400.0
2011-05-17,19.457021713256836,28.309999465942383,28.329999923706055,28.260000228881836,28.264999389648438,55000.0
2011-05-18,19.429534912109375,28.270000457763672,28.30500030517578,28.264999389648438,28.290000915527344,62000.0
2011-05-19,19.439834594726562,28.28499984741211,28.28499984741211,28.174999237060547,28.18000030517578,59800.0
2011-05-20,19.44328498840332,28.290000915527344,28.299999237060547,28.25,28.25,54000.0
2011-05-23,19.44328498840332,28.290000915527344,28.354999542236328,28.274999618530273,28.28499984741211,92600.0
2011-05-24,19.436416625976562,28.280000686645508,28.329999923706055,28.260000228881836,28.274999618530273,48200.0
2011-05-25,19.429534912109375,28.270000457763672,28.334999084472656,28.2549991607666,28.2549991607666,158400.0
2011-05-26,19.498262405395508,28.3700008392334,28.3700008392334,28.30500030517578,28.30500030517578,12600.0
2011-05-27,19.50857162475586,28.385000228881836,28.385000228881836,28.360000610351562,28.3799991607666,26000.0
2011-05-31,19.53949737548828,28.43000030517578,28.43000030517578,28.354999542236328,28.360000610351562,52800.0
2011-06-01,19.59840202331543,28.450000762939453,28.454999923706055,28.385000228881836,28.385000228881836,67600.0
2011-06-02,19.529518127441406,28.350000381469727,28.40999984741211,28.334999084472656,28.395000457763672,45000.0
2011-06-03,19.55018424987793,28.3799991607666,28.420000076293945,28.344999313354492,28.420000076293945,29000.0
2011-06-06,19.553625106811523,28.385000228881836,28.40999984741211,28.34000015258789,28.34000015258789,50200.0
2011-06-07,19.563966751098633,28.399999618530273,28.40999984741211,28.344999313354492,28.344999313354492,24000.0
2011-06-08,19.60528564453125,28.459999084472656,28.479999542236328,28.434999465942383,28.434999465942383,40800.0
2011-06-09,19.574296951293945,28.415000915527344,28.46500015258789,28.364999771118164,28.44499969482422,29400.0
2011-06-10,19.570846557617188,28.40999984741211,28.450000762939453,28.334999084472656,28.334999084472656,10800.0
2011-06-13,19.536399841308594,28.360000610351562,28.43000030517578,28.34000015258789,28.364999771118164,74400.0
2011-06-14,19.464086532592773,28.2549991607666,28.329999923706055,28.25,28.290000915527344,83600.0
2011-06-15,19.54673957824707,28.375,28.395000457763672,28.274999618530273,28.290000915527344,65400.0
2011-06-16,19.54673957824707,28.375,28.424999237060547,28.375,28.405000686645508,103800.0
2011-06-17,19.553625106811523,28.385000228881836,28.405000686645508,28.360000610351562,28.375,21400.0
2011-06-20,19.56050682067871,28.395000457763672,28.415000915527344,28.344999313354492,28.415000915527344,41600.0
2011-06-21,19.532960891723633,28.354999542236328,28.405000686645508,28.334999084472656,28.3799991607666,47800.0
2011-06-22,19.557065963745117,28.389999389648438,28.440000534057617,28.344999313354492,28.3700008392334,48200.0
2011-06-23,19.62251853942871,28.485000610351562,28.5,28.434999465942383,28.434999465942383,612200.0
2011-06-24,19.636295318603516,28.5049991607666,28.559999465942383,28.454999923706055,28.454999923706055,103000.0
2011-06-27,19.591506958007812,28.440000534057617,28.5049991607666,28.40999984741211,28.485000610351562,36400.0
2011-06-28,19.501955032348633,28.309999465942383,28.40999984741211,28.290000915527344,28.3799991607666,46000.0
2011-06-29,19.470964431762695,28.264999389648438,28.34000015258789,28.2549991607666,28.2549991607666,48200.0
2011-06-30,19.422746658325195,28.19499969482422,28.295000076293945,28.184999465942383,28.274999618530273,204000.0
2011-07-01,19.445858001708984,28.170000076293945,28.19499969482422,28.139999389648438,28.18000030517578,34400.0
2011-07-05,19.50799560546875,28.260000228881836,28.290000915527344,28.219999313354492,28.235000610351562,41400.0
2011-07-06,19.514902114868164,28.270000457763672,28.309999465942383,28.209999084472656,28.209999084472656,39600.0
2011-07-07,19.470022201538086,28.204999923706055,28.25,28.190000534057617,28.25,60000.0
2011-07-08,19.56321907043457,28.34000015258789,28.360000610351562,28.299999237060547,28.334999084472656,208600.0
2011-07-11,19.628786087036133,28.434999465942383,28.485000610351562,28.385000228881836,28.434999465942383,46400.0
2011-07-12,19.628786087036133,28.434999465942383,28.479999542236328,28.385000228881836,28.44499969482422,90000.0
2011-07-13,19.670215606689453,28.4950008392334,28.514999389648438,28.415000915527344,28.44499969482422,106800.0
2011-07-14,19.628786087036133,28.434999465942383,28.485000610351562,28.415000915527344,28.44499969482422,97800.0
2011-07-15,19.635692596435547,28.44499969482422,28.475000381469727,28.325000762939453,28.325000762939453,18600.0
2011-07-18,19.632251739501953,28.440000534057617,28.479999542236328,28.424999237060547,28.46500015258789,40400.0
2011-07-19,19.673654556274414,28.5,28.5,28.399999618530273,28.399999618530273,37800.0
2011-07-20,19.646039962768555,28.459999084472656,28.559999465942383,28.43000030517578,28.475000381469727,25000.0
2011-07-21,19.60808563232422,28.405000686645508,28.475000381469727,28.375,28.389999389648438,45000.0
2011-07-22,19.65640640258789,28.475000381469727,28.485000610351562,28.360000610351562,28.3799991607666,51200.0
2011-07-25,19.58392333984375,28.3700008392334,28.420000076293945,28.315000534057617,28.389999389648438,173400.0
2011-07-26,19.60808563232422,28.405000686645508,28.44499969482422,28.385000228881836,28.405000686645508,24600.0
2011-07-27,19.601181030273438,28.395000457763672,28.479999542236328,28.364999771118164,28.405000686645508,66600.0
2011-07-28,19.646039962768555,28.459999084472656,28.475000381469727,28.395000457763672,28.395000457763672,34600.0
2011-07-29,19.75994873046875,28.625,28.635000228881836,28.469999313354492,28.469999313354492,49000.0
2011-08-01,19.81287384033203,28.639999389648438,28.665000915527344,28.55500030517578,28.55500030517578,47400.0
2011-08-02,19.902809143066406,28.770000457763672,28.80500030517578,28.649999618530273,28.68000030517578,45600.0
2011-08-03,19.937395095825195,28.81999969482422,28.875,28.764999389648438,28.790000915527344,95000.0
2011-08-04,20.082670211791992,29.030000686645508,29.030000686645508,28.735000610351562,28.735000610351562,341000.0
2011-08-05,19.892427444458008,28.7549991607666,28.979999542236328,28.690000534057617,28.7549991607666,94800.0
2011-08-08,19.927024841308594,28.80500030517578,28.975000381469727,28.760000228881836,28.815000534057617,50000.0
2011-08-09,20.027332305908203,28.950000762939453,29.149999618530273,28.549999237060547,28.81999969482422,266800.0
2011-08-10,20.186445236206055,29.18000030517578,29.184999465942383,29.040000915527344,29.075000762939453,229200.0
2011-08-11,19.93393898010254,28.815000534057617,29.229999542236328,28.795000076293945,29.229999542236328,139600.0
2011-08-12,19.961599349975586,28.854999542236328,28.954999923706055,28.854999542236328,28.934999465942383,194600.0
2011-08-15,19.899349212646484,28.764999389648438,28.959999084472656,28.760000228881836,28.899999618530273,213200.0
2011-08-16,19.971988677978516,28.8700008392334,28.934999465942383,28.809999465942383,28.834999084472656,77600.0
2011-08-17,20.086137771606445,29.03499984741211,29.03499984741211,28.895000457763672,28.975000381469727,35800.0
2011-08-18,20.096508026123047,29.049999237060547,29.235000610351562,28.975000381469727,29.200000762939453,48000.0
2011-08-19,20.054996490478516,28.989999771118164,29.075000762939453,28.959999084472656,29.075000762939453,111600.0
2011-08-22,20.054996490478516,28.989999771118164,29.049999237060547,28.920000076293945,29.045000076293945,173800.0
2011-08-23,20.010032653808594,28.924999237060547,28.979999542236328,28.885000228881836,28.959999084472656,18200.0
2011-08-24,19.902809143066406,28.770000457763672,28.975000381469727,28.760000228881836,28.954999923706055,26400.0
2011-08-25,19.985815048217773,28.889999389648438,29.0049991607666,28.854999542236328,28.895000457763672,55800.0
2011-08-26,20.037704467773438,28.96500015258789,28.985000610351562,28.90999984741211,28.90999984741211,15600.0
2011-08-29,19.93393898010254,28.815000534057617,28.889999389648438,28.78499984741211,28.809999465942383,418200.0
2011-08-30,20.051546096801758,28.985000610351562,29.059999465942383,28.90999984741211,28.90999984741211,43800.0
2011-08-31,20.030784606933594,28.954999923706055,29.06999969482422,28.94499969482422,29.06999969482422,29000.0
2011-09-01,20.10289764404297,28.989999771118164,28.989999771118164,28.920000076293945,28.959999084472656,23600.0
2011-09-02,20.2311954498291,29.174999237060547,29.19499969482422,29.045000076293945,29.045000076293945,134400.0
2011-09-06,20.224258422851562,29.165000915527344,29.274999618530273,29.114999771118164,29.274999618530273,90200.0
2011-09-07,20.234661102294922,29.18000030517578,29.18000030517578,29.104999542236328,29.149999618530273,86400.0
2011-09-08,20.217313766479492,29.155000686645508,29.15999984741211,29.104999542236328,29.104999542236328,49800.0
2011-09-09,20.255464553833008,29.209999084472656,29.2549991607666,29.125,29.1299991607666,20400.0
2011-09-12,20.2311954498291,29.174999237060547,29.225000381469727,29.174999237060547,29.184999465942383,104800.0
2011-09-13,20.172250747680664,29.09000015258789,29.170000076293945,29.09000015258789,29.155000686645508,46200.0
2011-09-14,20.147981643676758,29.05500030517578,29.145000457763672,29.020000457763672,29.084999084472656,270200.0
2011-09-15,20.106367111206055,28.9950008392334,29.059999465942383,28.18000030517578,29.059999465942383,256600.0
2011-09-16,20.137569427490234,29.040000915527344,29.065000534057617,28.989999771118164,28.989999771118164,35200.0
2011-09-19,20.206926345825195,29.139999389648438,29.174999237060547,29.110000610351562,29.15999984741211,133400.0
2011-09-20,20.238130569458008,29.184999465942383,29.184999465942383,29.114999771118164,29.165000915527344,32800.0
2011-09-21,20.29707145690918,29.270000457763672,29.309999465942383,29.155000686645508,29.174999237060547,219800.0
2011-09-22,20.383737564086914,29.395000457763672,29.459999084472656,29.299999237060547,29.3700008392334,166800.0
2011-09-23,20.29707145690918,29.270000457763672,29.405000686645508,29.25,29.395000457763672,90800.0
2011-09-26,20.17917251586914,29.100000381469727,29.25,29.059999465942383,29.155000686645508,261400.0
2011-09-27,20.182647705078125,29.104999542236328,29.114999771118164,29.010000228881836,29.010000228881836,82000.0
2011-09-28,20.13064193725586,29.030000686645508,29.059999465942383,28.989999771118164,28.989999771118164,81400.0
2011-09-29,20.161842346191406,29.075000762939453,29.09000015258789,29.014999389648438,29.059999465942383,29800.0
2011-09-30,20.20344352722168,29.135000228881836,29.165000915527344,29.065000534057617,29.075000762939453,91600.0
2011-10-03,20.28614616394043,29.190000534057617,29.209999084472656,29.094999313354492,29.18000030517578,78400.0
2011-10-04,20.237516403198242,29.1200008392334,29.229999542236328,29.09000015258789,29.200000762939453,117600.0
2011-10-05,20.171489715576172,29.024999618530273,29.125,29.024999618530273,29.045000076293945,113200.0
2011-10-06,20.133270263671875,28.969999313354492,29.040000915527344,28.969999313354492,29.024999618530273,146000.0
2011-10-07,20.088088989257812,28.905000686645508,28.9950008392334,28.8700008392334,28.889999389648438,182600.0
2011-10-10,20.018598556518555,28.80500030517578,28.90999984741211,28.7549991607666,28.7549991607666,80800.0
2011-10-11,20.029014587402344,28.81999969482422,28.950000762939453,28.78499984741211,28.950000762939453,208000.0
2011-10-12,20.018598556518555,28.80500030517578,28.829999923706055,28.729999542236328,28.809999465942383,89800.0
2011-10-13,20.063756942749023,28.8700008392334,28.885000228881836,28.834999084472656,28.860000610351562,53200.0
2011-10-14,20.049867630004883,28.850000381469727,28.875,28.790000915527344,28.795000076293945,59000.0
2011-10-17,20.091567993164062,28.90999984741211,28.920000076293945,28.80500030517578,28.844999313354492,40400.0
2011-10-18,20.10894012451172,28.934999465942383,28.969999313354492,28.885000228881836,28.94499969482422,45200.0
2011-10-19,20.129785537719727,28.96500015258789,28.989999771118164,28.860000610351562,28.860000610351562,84400.0
2011-10-20,20.11241340637207,28.940000534057617,29.0,28.790000915527344,28.94499969482422,68200.0
2011-10-21,20.101993560791016,28.924999237060547,29.09000015258789,28.895000457763672,28.940000534057617,82800.0
2011-10-24,20.056821823120117,28.860000610351562,28.954999923706055,28.854999542236328,28.954999923706055,255200.0
2011-10-25,20.171489715576172,29.024999618530273,29.075000762939453,28.90999984741211,28.90999984741211,122600.0
2011-10-26,20.129785537719727,28.96500015258789,29.045000076293945,28.959999084472656,29.024999618530273,53800.0
2011-10-27,20.039457321166992,28.834999084472656,29.0049991607666,28.815000534057617,29.0049991607666,146000.0
2011-10-28,20.105457305908203,28.93000030517578,28.94499969482422,28.84000015258789,28.844999313354492,72400.0
2011-10-31,20.22359848022461,29.100000381469727,29.114999771118164,29.014999389648438,29.09000015258789,41400.0
2011-11-01,20.333984375,29.200000762939453,29.225000381469727,29.100000381469727,29.135000228881836,29600.0
2011-11-02,20.30961799621582,29.165000915527344,29.184999465942383,29.094999313354492,29.125,93000.0
2011-11-03,20.2539005279541,29.084999084472656,29.15999984741211,29.06999969482422,29.104999542236328,58000.0
2011-11-04,20.27826690673828,29.1200008392334,29.149999618530273,29.09000015258789,29.094999313354492,74000.0
2011-11-07,20.30613899230957,29.15999984741211,29.204999923706055,29.06999969482422,29.06999969482422,12000.0
2011-11-08,20.27478790283203,29.114999771118164,29.18000030517578,29.084999084472656,29.139999389648438,116200.0
2011-11-09,20.32354164123535,29.184999465942383,29.219999313354492,29.125,29.200000762939453,64800.0
2011-11-10,20.27826690673828,29.1200008392334,29.145000457763672,29.049999237060547,29.075000762939453,138800.0
2011-11-11,20.246936798095703,29.075000762939453,29.125,29.0,29.05500030517578,83200.0
2011-11-14,20.271312713623047,29.110000610351562,29.1299991607666,29.059999465942383,29.110000610351562,159000.0
2011-11-15,20.271312713623047,29.110000610351562,29.135000228881836,29.045000076293945,29.100000381469727,57000.0
2011-11-16,20.26782989501953,29.104999542236328,29.135000228881836,29.030000686645508,29.114999771118164,168000.0
2011-11-17,20.285232543945312,29.1299991607666,31.094999313354492,29.020000457763672,29.229999542236328,73200.0
2011-11-18,20.26782989501953,29.104999542236328,29.43000030517578,29.040000915527344,29.045000076293945,37800.0
2011-11-21,20.236494064331055,29.059999465942383,29.235000610351562,29.010000228881836,29.155000686645508,57400.0
2011-11-22,20.264345169067383,29.100000381469727,29.139999389648438,28.975000381469727,29.100000381469727,104000.0
2011-11-23,20.285232543945312,29.1299991607666,29.145000457763672,29.045000076293945,29.100000381469727,28600.0
2011-11-25,20.226041793823242,29.045000076293945,29.260000228881836,29.045000076293945,29.260000228881836,12600.0
2011-11-28,20.233016967773438,29.05500030517578,29.075000762939453,28.950000762939453,28.979999542236328,84600.0
2011-11-29,20.22255516052246,29.040000915527344,29.329999923706055,28.959999084472656,29.149999618530273,68200.0
2011-11-30,20.208635330200195,29.020000457763672,29.045000076293945,28.920000076293945,28.920000076293945,29200.0
2011-12-01,20.213869094848633,28.969999313354492,29.114999771118164,28.8799991607666,29.114999771118164,67800.0
2011-12-02,20.217355728149414,28.975000381469727,28.9950008392334,28.875,28.9950008392334,109000.0
2011-12-05,20.241790771484375,29.010000228881836,29.03499984741211,28.915000915527344,28.940000534057617,67400.0
2011-12-06,20.220857620239258,28.979999542236328,29.014999389648438,28.924999237060547,29.014999389648438,29200.0
2011-12-07,20.26968765258789,29.049999237060547,29.06999969482422,28.975000381469727,28.975000381469727,25200.0
2011-12-08,20.33946418762207,29.149999618530273,29.155000686645508,29.024999618530273,29.059999465942383,45600.0
2011-12-09,20.255741119384766,29.030000686645508,29.135000228881836,29.030000686645508,29.135000228881836,111000.0
2011-12-12,20.26270294189453,29.040000915527344,29.104999542236328,29.030000686645508,29.030000686645508,83800.0
2011-12-13,20.2801513671875,29.065000534057617,29.114999771118164,29.0,29.059999465942383,71600.0
2011-12-14,20.377849578857422,29.204999923706055,29.204999923706055,29.104999542236328,29.15999984741211,51800.0
2011-12-15,20.349937438964844,29.165000915527344,29.18000030517578,29.110000610351562,29.110000610351562,78600.0
2011-12-16,20.395301818847656,29.229999542236328,29.2450008392334,29.145000457763672,29.145000457763672,48400.0
2011-12-19,20.426685333251953,29.274999618530273,29.295000076293945,29.165000915527344,29.165000915527344,41800.0
2011-12-20,20.349937438964844,29.165000915527344,29.225000381469727,29.165000915527344,29.209999084472656,70400.0
2011-12-21,20.32899284362793,29.135000228881836,29.184999465942383,29.104999542236328,29.114999771118164,65000.0
2011-12-22,20.33597183227539,29.145000457763672,29.19499969482422,29.1200008392334,29.19499969482422,51200.0
2011-12-23,20.27665901184082,29.059999465942383,29.100000381469727,28.9950008392334,29.06999969482422,378800.0
2011-12-27,20.315040588378906,29.114999771118164,29.114999771118164,29.045000076293945,29.094999313354492,76200.0
2011-12-28,20.364761352539062,28.875,28.90999984741211,28.799999237060547,28.81999969482422,54400.0
2011-12-29,20.396507263183594,28.920000076293945,28.959999084472656,28.815000534057617,28.815000534057617,56800.0
2011-12-30,20.41766357421875,28.950000762939453,28.989999771118164,28.895000457763672,28.96500015258789,59400.0
2012-01-03,20.357715606689453,28.864999771118164,28.90999984741211,28.844999313354492,28.899999618530273,57600.0
2012-01-04,20.347135543823242,28.850000381469727,28.90999984741211,28.815000534057617,28.90999984741211,80400.0
2012-01-05,20.333026885986328,28.829999923706055,28.905000686645508,28.78499984741211,28.854999542236328,116600.0
2012-01-06,20.35064697265625,28.854999542236328,28.915000915527344,28.81999969482422,28.8799991607666,70400.0
2012-01-09,20.37533950805664,28.889999389648438,28.934999465942383,28.854999542236328,28.934999465942383,63400.0
2012-01-10,20.368288040161133,28.8799991607666,28.954999923706055,28.834999084472656,28.889999389648438,77400.0
2012-01-11,20.35419273376465,28.860000610351562,28.954999923706055,28.860000610351562,28.885000228881836,233400.0
2012-01-12,20.392980575561523,28.915000915527344,29.010000228881836,28.875,29.010000228881836,40200.0
2012-01-13,20.438825607299805,28.979999542236328,29.0049991607666,28.959999084472656,29.0,48600.0
2012-01-17,20.452926635742188,29.0,29.024999618530273,28.975000381469727,29.010000228881836,80000.0
2012-01-18,20.347135543823242,28.850000381469727,28.9950008392334,28.834999084472656,28.985000610351562,239400.0
2012-01-19,20.311864852905273,28.799999237060547,28.8700008392334,28.78499984741211,28.850000381469727,162200.0
2012-01-20,20.280132293701172,28.7549991607666,28.834999084472656,28.7450008392334,28.770000457763672,169400.0
2012-01-23,20.29776382446289,28.780000686645508,28.825000762939453,28.719999313354492,28.809999465942383,125400.0
2012-01-24,20.29776382446289,28.780000686645508,28.795000076293945,28.7450008392334,28.780000686645508,81000.0
2012-01-25,20.32244300842285,28.815000534057617,28.934999465942383,28.770000457763672,28.770000457763672,72800.0
2012-01-26,20.38592529296875,28.905000686645508,28.969999313354492,28.895000457763672,28.954999923706055,48000.0
2012-01-27,20.41413116455078,28.94499969482422,28.969999313354492,28.889999389648438,28.889999389648438,57200.0
2012-01-30,20.44940757751465,28.9950008392334,29.1200008392334,28.989999771118164,29.1200008392334,51600.0
2012-01-31,20.51287841796875,29.084999084472656,29.084999084472656,29.0,29.05500030517578,63000.0
2012-02-01,20.495555877685547,29.0049991607666,29.05500030517578,28.96500015258789,29.05500030517578,88800.0
2012-02-02,20.520286560058594,29.040000915527344,29.049999237060547,29.0,29.024999618530273,177200.0
2012-02-03,20.481430053710938,28.985000610351562,28.989999771118164,28.920000076293945,28.96500015258789,149200.0
2012-02-06,20.502634048461914,29.014999389648438,29.040000915527344,28.959999084472656,28.975000381469727,71600.0
2012-02-07,20.45669937133789,28.950000762939453,29.020000457763672,28.90999984741211,29.020000457763672,116800.0
2012-02-08,20.49910545349121,29.010000228881836,29.020000457763672,28.94499969482422,28.94499969482422,180800.0
2012-02-09,20.470823287963867,28.969999313354492,29.0,28.924999237060547,28.950000762939453,71600.0
2012-02-10,20.467296600341797,28.96500015258789,28.9950008392334,28.924999237060547,28.924999237060547,109600.0
2012-02-13,20.470823287963867,28.969999313354492,29.014999389648438,28.94499969482422,28.94499969482422,52400.0
2012-02-14,20.502634048461914,29.014999389648438,29.045000076293945,28.989999771118164,29.045000076293945,64200.0
2012-02-15,20.495555877685547,29.0049991607666,29.065000534057617,29.0,29.065000534057617,64400.0
2012-02-16,20.488500595092773,28.9950008392334,29.059999465942383,28.989999771118164,29.059999465942383,113400.0
2012-02-17,20.4743595123291,28.975000381469727,29.0,28.954999923706055,28.985000610351562,38800.0
2012-02-21,20.460235595703125,28.954999923706055,29.010000228881836,28.94499969482422,29.010000228881836,69800.0
2012-02-22,20.513227462768555,29.030000686645508,29.059999465942383,28.950000762939453,28.950000762939453,68600.0
2012-02-23,20.545028686523438,29.075000762939453,29.104999542236328,28.96500015258789,28.96500015258789,34200.0
2012-02-24,20.566226959228516,29.104999542236328,29.1200008392334,29.049999237060547,29.075000762939453,87200.0
2012-02-27,20.6015567779541,29.155000686645508,29.190000534057617,29.1299991607666,29.139999389648438,45800.0
2012-02-28,20.608623504638672,29.165000915527344,29.200000762939453,29.139999389648438,29.170000076293945,63200.0
2012-02-29,20.587417602539062,29.135000228881836,29.174999237060547,29.100000381469727,29.174999237060547,42600.0
2012-03-01,20.560155868530273,29.040000915527344,29.045000076293945,28.985000610351562,29.03499984741211,50000.0
2012-03-02,20.588472366333008,29.079999923706055,29.094999313354492,29.040000915527344,29.040000915527344,15400.0
2012-03-05,20.538921356201172,29.010000228881836,29.094999313354492,29.010000228881836,29.079999923706055,41000.0
2012-03-06,20.581405639648438,29.06999969482422,29.084999084472656,29.030000686645508,29.075000762939453,80200.0
2012-03-07,20.574321746826172,29.059999465942383,29.100000381469727,29.020000457763672,29.06999969482422,117600.0
2012-03-08,20.53538703918457,29.0049991607666,29.045000076293945,28.950000762939453,28.985000610351562,59200.0
2012-03-09,20.517684936523438,28.979999542236328,28.9950008392334,28.954999923706055,28.9950008392334,46200.0
2012-03-12,20.517684936523438,28.979999542236328,29.045000076293945,28.979999542236328,29.030000686645508,25800.0
2012-03-13,20.475200653076172,28.920000076293945,28.985000610351562,28.905000686645508,28.940000534057617,36800.0
2012-03-14,20.3619327545166,28.760000228881836,28.850000381469727,28.7450008392334,28.844999313354492,182000.0
2012-03-15,20.376087188720703,28.780000686645508,28.799999237060547,28.700000762939453,28.700000762939453,54800.0
2012-03-16,20.372539520263672,28.774999618530273,28.774999618530273,28.69499969482422,28.760000228881836,51400.0
2012-03-19,20.32652473449707,28.709999084472656,28.760000228881836,28.69499969482422,28.7450008392334,69200.0
2012-03-20,20.31944465637207,28.700000762939453,28.764999389648438,28.665000915527344,28.75,65000.0
2012-03-21,20.372539520263672,28.774999618530273,28.809999465942383,28.579999923706055,28.770000457763672,92200.0
2012-03-22,20.422101974487305,28.844999313354492,28.844999313354492,28.75,28.84000015258789,91400.0
2012-03-23,20.432714462280273,28.860000610351562,28.885000228881836,28.760000228881836,28.760000228881836,16200.0
2012-03-26,20.450420379638672,28.885000228881836,28.899999618530273,28.829999923706055,28.899999618530273,44600.0
2012-03-27,20.478744506835938,28.924999237060547,28.93000030517578,28.8799991607666,28.889999389648438,37600.0
2012-03-28,20.475200653076172,28.920000076293945,28.959999084472656,28.854999542236328,28.854999542236328,50200.0
2012-03-29,20.471651077270508,28.915000915527344,28.969999313354492,28.915000915527344,28.934999465942383,52600.0
2012-03-30,20.44333839416504,28.875,28.96500015258789,28.8700008392334,28.915000915527344,50000.0
2012-04-02,20.46710968017578,28.854999542236328,28.875,28.81999969482422,28.81999969482422,33200.0
2012-04-03,20.374895095825195,28.725000381469727,28.899999618530273,28.725000381469727,28.899999618530273,73600.0
2012-04-04,20.43872833251953,28.815000534057617,28.815000534057617,28.75,28.75,43200.0
2012-04-05,20.456464767456055,28.84000015258789,28.854999542236328,28.815000534057617,28.844999313354492,28600.0
2012-04-09,20.54513931274414,28.96500015258789,29.0049991607666,28.959999084472656,28.985000610351562,37400.0
2012-04-10,20.584148406982422,29.020000457763672,29.05500030517578,29.0049991607666,29.03499984741211,36400.0
2012-04-11,20.573509216308594,29.0049991607666,29.065000534057617,28.979999542236328,29.03499984741211,25000.0
2012-04-12,20.566415786743164,28.9950008392334,29.030000686645508,28.985000610351562,29.030000686645508,30400.0
2012-04-13,20.640886306762695,29.100000381469727,29.100000381469727,28.9950008392334,28.9950008392334,35200.0
2012-04-16,20.65506935119629,29.1200008392334,29.145000457763672,29.09000015258789,29.110000610351562,7891600.0
2012-04-17,20.608970642089844,29.05500030517578,29.125,29.03499984741211,29.075000762939453,63800.0
2012-04-18,20.6373291015625,29.094999313354492,29.145000457763672,29.075000762939453,29.1299991607666,59600.0
2012-04-19,20.66571617126465,29.135000228881836,29.170000076293945,29.104999542236328,29.145000457763672,59000.0
2012-04-20,20.65506935119629,29.1200008392334,29.155000686645508,29.079999923706055,29.125,29000.0
2012-04-23,20.686992645263672,29.165000915527344,29.19499969482422,29.135000228881836,29.170000076293945,53800.0
2012-04-24,20.658626556396484,29.125,29.155000686645508,29.094999313354492,29.094999313354492,40400.0
2012-04-25,20.65506935119629,29.1200008392334,29.125,29.06999969482422,29.094999313354492,46200.0
2012-04-26,20.672807693481445,29.145000457763672,29.170000076293945,29.125,29.149999618530273,90600.0
2012-04-27,20.690536499023438,29.170000076293945,29.170000076293945,29.104999542236328,29.104999542236328,32400.0
2012-04-30,20.67635154724121,29.149999618530273,29.200000762939453,29.149999618530273,29.184999465942383,56000.0
2012-05-01,20.673152923583984,29.100000381469727,29.155000686645508,29.084999084472656,29.155000686645508,56800.0
2012-05-02,20.69802474975586,29.135000228881836,29.155000686645508,29.104999542236328,29.155000686645508,42000.0
2012-05-03,20.71578025817871,29.15999984741211,29.15999984741211,29.084999084472656,29.084999084472656,72000.0
2012-05-04,20.751298904418945,29.209999084472656,29.209999084472656,29.135000228881836,29.184999465942383,23200.0
2012-05-07,20.76551628112793,29.229999542236328,29.260000228881836,29.200000762939453,29.21500015258789,4042600.0
2012-05-08,20.776174545288086,29.2450008392334,29.274999618530273,29.229999542236328,29.229999542236328,52600.0
2012-05-09,20.74419593811035,29.200000762939453,29.2549991607666,29.184999465942383,29.2450008392334,324000.0
2012-05-10,20.72999382019043,29.18000030517578,29.18000030517578,29.135000228881836,29.149999618530273,543000.0
2012-05-11,20.72999382019043,29.18000030517578,29.209999084472656,29.165000915527344,29.209999084472656,68000.0
2012-05-14,20.754846572875977,29.21500015258789,29.25,29.209999084472656,29.25,273200.0
2012-05-15,20.74419593811035,29.200000762939453,29.219999313354492,29.184999465942383,29.200000762939453,48000.0
2012-05-16,20.751298904418945,29.209999084472656,29.21500015258789,29.135000228881836,29.135000228881836,65800.0
2012-05-17,20.747745513916016,29.204999923706055,29.21500015258789,29.170000076293945,29.200000762939453,51400.0
2012-05-18,20.726438522338867,29.174999237060547,29.204999923706055,29.170000076293945,29.170000076293945,33400.0
2012-05-21,20.705121994018555,29.145000457763672,29.174999237060547,29.139999389648438,29.149999618530273,620200.0
2012-05-22,20.694469451904297,29.1299991607666,29.135000228881836,29.100000381469727,29.135000228881836,46600.0
2012-05-23,20.705121994018555,29.145000457763672,29.165000915527344,29.125,29.139999389648438,42000.0
2012-05-24,20.694469451904297,29.1299991607666,29.139999389648438,29.114999771118164,29.139999389648438,39400.0
2012-05-25,20.694469451904297,29.1299991607666,29.18000030517578,29.1200008392334,29.18000030517578,18200.0
2012-05-29,20.690921783447266,29.125,29.174999237060547,29.125,29.149999618530273,88400.0
2012-05-30,20.76551628112793,29.229999542236328,29.239999771118164,29.190000534057617,29.225000381469727,36400.0
2012-05-31,20.797473907470703,29.274999618530273,29.31999969482422,29.25,29.280000686645508,62000.0
2012-06-01,20.87608528137207,29.344999313354492,29.360000610351562,29.30500030517578,29.360000610351562,253200.0
2012-06-04,20.840513229370117,29.295000076293945,29.315000534057617,29.274999618530273,29.315000534057617,46600.0
2012-06-05,20.758703231811523,29.18000030517578,29.2549991607666,29.18000030517578,29.235000610351562,84400.0
2012-06-06,20.76581573486328,29.190000534057617,29.235000610351562,29.155000686645508,29.219999313354492,134000.0
2012-06-07,20.772937774658203,29.200000762939453,29.204999923706055,29.170000076293945,29.204999923706055,49600.0
2012-06-08,20.76936912536621,29.19499969482422,29.2450008392334,29.170000076293945,29.219999313354492,251600.0
2012-06-11,20.797832489013672,29.235000610351562,29.235000610351562,29.200000762939453,29.235000610351562,37600.0
2012-06-12,20.783601760864258,29.21500015258789,29.219999313354492,29.190000534057617,29.21500015258789,88400.0
2012-06-13,20.804950714111328,29.2450008392334,29.25,29.184999465942383,29.19499969482422,142000.0
2012-06-14,20.783601760864258,29.21500015258789,29.235000610351562,29.204999923706055,29.235000610351562,79600.0
2012-06-15,20.829833984375,29.280000686645508,29.290000915527344,29.25,29.290000915527344,29400.0
2012-06-18,20.840513229370117,29.295000076293945,29.350000381469727,29.264999389648438,29.350000381469727,59200.0
2012-06-19,20.81917953491211,29.264999389648438,29.31999969482422,29.225000381469727,29.31999969482422,46400.0
2012-06-20,20.787168502807617,29.219999313354492,29.270000457763672,29.200000762939453,29.270000457763672,23600.0
2012-06-21,20.81561851501465,29.260000228881836,29.290000915527344,29.25,29.264999389648438,59400.0
2012-06-22,20.797832489013672,29.235000610351562,29.295000076293945,29.225000381469727,29.295000076293945,37800.0
2012-06-25,20.836959838867188,29.290000915527344,29.309999465942383,29.280000686645508,29.299999237060547,48800.0
2012-06-26,20.84762191772461,29.30500030517578,29.31999969482422,29.274999618530273,29.31999969482422,76600.0
2012-06-27,20.829833984375,29.280000686645508,29.34000015258789,29.274999618530273,29.34000015258789,31800.0
2012-06-28,20.868967056274414,29.334999084472656,29.360000610351562,29.325000762939453,29.360000610351562,26400.0
2012-06-29,20.85829734802246,29.31999969482422,29.325000762939453,29.274999618530273,29.28499984741211,36400.0
2012-07-02,20.88109588623047,29.309999465942383,29.354999542236328,29.28499984741211,29.295000076293945,543800.0
2012-07-03,20.898897171020508,29.334999084472656,29.385000228881836,29.299999237060547,29.364999771118164,186400.0
2012-07-05,20.934537887573242,29.385000228881836,29.385000228881836,29.315000534057617,29.350000381469727,81800.0
2012-07-06,20.966588973999023,29.43000030517578,29.450000762939453,29.354999542236328,29.354999542236328,35800.0
2012-07-09,20.9986515045166,29.475000381469727,29.479999542236328,29.40999984741211,29.420000076293945,73800.0
2012-07-10,21.023576736450195,29.510000228881836,29.514999389648438,29.475000381469727,29.5049991607666,45600.0
2012-07-11,21.02002716064453,29.5049991607666,29.575000762939453,29.4950008392334,29.514999389648438,150800.0
2012-07-12,21.05564308166504,29.55500030517578,29.565000534057617,29.5049991607666,29.565000534057617,228600.0
2012-07-13,21.048519134521484,29.545000076293945,29.56999969482422,29.514999389648438,29.55500030517578,62800.0
2012-07-16,21.066328048706055,29.56999969482422,29.6299991607666,29.565000534057617,29.6299991607666,47400.0
2012-07-17,21.06989097595215,29.575000762939453,29.600000381469727,29.559999465942383,29.600000381469727,59000.0
2012-07-18,21.087705612182617,29.600000381469727,29.600000381469727,29.524999618530273,29.524999618530273,102200.0
2012-07-19,21.0592041015625,29.559999465942383,29.635000228881836,29.530000686645508,29.600000381469727,136200.0
2012-07-20,21.14469337463379,29.68000030517578,29.68000030517578,29.56999969482422,29.56999969482422,494000.0
2012-07-23,21.126890182495117,29.655000686645508,29.69499969482422,29.645000457763672,29.68000030517578,61400.0
2012-07-24,21.15894317626953,29.700000762939453,29.719999313354492,29.645000457763672,29.645000457763672,158200.0
2012-07-25,21.14826011657715,29.684999465942383,29.704999923706055,29.68000030517578,29.704999923706055,15600.0
2012-07-26,21.141122817993164,29.674999237060547,29.684999465942383,29.65999984741211,29.684999465942383,17200.0
2012-07-27,21.101953506469727,29.6200008392334,29.6299991607666,29.540000915527344,29.594999313354492,23400.0
2012-07-30,21.10552215576172,29.625,29.625,29.559999465942383,29.600000381469727,13600.0
2012-07-31,21.11974334716797,29.645000457763672,29.670000076293945,29.6200008392334,29.6200008392334,33200.0
2012-08-01,21.128679275512695,29.614999771118164,29.68000030517578,29.579999923706055,29.579999923706055,316800.0
2012-08-02,21.11798095703125,29.600000381469727,29.649999618530273,29.575000762939453,29.639999389648438,68000.0
2012-08-03,21.068035125732422,29.530000686645508,29.575000762939453,29.524999618530273,29.559999465942383,118400.0
2012-08-06,21.075172424316406,29.540000915527344,29.594999313354492,29.53499984741211,29.584999084472656,21400.0
2012-08-07,21.057340621948242,29.514999389648438,29.55500030517578,29.489999771118164,29.55500030517578,34400.0
2012-08-08,21.025226593017578,29.469999313354492,29.540000915527344,29.459999084472656,29.53499984741211,39800.0
2012-08-09,21.03592300415039,29.485000610351562,29.489999771118164,29.424999237060547,29.46500015258789,28400.0
2012-08-10,21.0288028717041,29.475000381469727,29.5,29.46500015258789,29.5,148400.0
2012-08-13,21.0288028717041,29.475000381469727,29.524999618530273,29.469999313354492,29.469999313354492,42200.0
2012-08-14,21.000263214111328,29.434999465942383,29.485000610351562,29.40999984741211,29.469999313354492,90000.0
2012-08-15,20.957462310791016,29.375,29.420000076293945,29.350000381469727,29.350000381469727,54200.0
2012-08-16,20.921775817871094,29.325000762939453,29.3700008392334,29.295000076293945,29.354999542236328,54000.0
2012-08-17,20.914640426635742,29.315000534057617,29.354999542236328,29.315000534057617,29.329999923706055,73600.0
2012-08-20,20.946760177612305,29.360000610351562,29.3700008392334,29.274999618530273,29.274999618530273,58400.0
2012-08-21,20.93248176574707,29.34000015258789,29.3700008392334,29.295000076293945,29.350000381469727,53800.0
2012-08-22,21.010961532592773,29.450000762939453,29.459999084472656,29.344999313354492,29.344999313354492,51600.0
2012-08-23,21.043062210083008,29.4950008392334,29.5,29.459999084472656,29.5,16400.0
2012-08-24,21.010961532592773,29.450000762939453,29.524999618530273,29.44499969482422,29.524999618530273,109800.0
2012-08-27,21.03236198425293,29.479999542236328,29.53499984741211,29.469999313354492,29.53499984741211,32600.0
2012-08-28,21.068035125732422,29.530000686645508,29.565000534057617,29.485000610351562,29.545000076293945,83000.0
2012-08-29,21.075172424316406,29.540000915527344,29.545000076293945,29.475000381469727,29.485000610351562,32200.0
2012-08-30,21.07872772216797,29.545000076293945,29.565000534057617,29.530000686645508,29.540000915527344,33200.0
2012-08-31,21.1108455657959,29.59000015258789,29.614999771118164,29.540000915527344,29.55500030517578,27200.0
2012-09-04,21.140850067138672,29.59000015258789,29.635000228881836,29.565000534057617,29.635000228881836,225600.0
2012-09-05,21.11583137512207,29.55500030517578,29.600000381469727,29.549999237060547,29.565000534057617,39000.0
2012-09-06,21.112260818481445,29.549999237060547,29.559999465942383,29.5049991607666,29.559999465942383,122200.0
2012-09-07,21.09798240661621,29.530000686645508,29.59000015258789,29.524999618530273,29.579999923706055,66400.0
2012-09-10,21.094404220581055,29.524999618530273,29.545000076293945,29.485000610351562,29.485000610351562,143400.0
2012-09-11,21.04796600341797,29.459999084472656,29.545000076293945,29.454999923706055,29.485000610351562,258000.0
2012-09-12,21.044408798217773,29.454999923706055,29.4950008392334,29.420000076293945,29.4950008392334,26000.0
2012-09-13,21.015817642211914,29.415000915527344,29.489999771118164,29.364999771118164,29.46500015258789,145800.0
2012-09-14,20.944372177124023,29.315000534057617,29.450000762939453,29.315000534057617,29.434999465942383,363400.0
2012-09-17,20.97295570373535,29.354999542236328,29.399999618530273,29.350000381469727,29.360000610351562,45600.0
2012-09-18,20.994386672973633,29.385000228881836,29.489999771118164,29.354999542236328,29.489999771118164,116800.0
2012-09-19,21.008686065673828,29.405000686645508,29.454999923706055,29.375,29.450000762939453,85800.0
2012-09-20,21.0229549407959,29.424999237060547,29.510000228881836,29.399999618530273,29.510000228881836,128000.0
2012-09-21,21.04796600341797,29.459999084472656,29.475000381469727,29.405000686645508,29.405000686645508,51600.0
2012-09-24,21.06940460205078,29.489999771118164,29.520000457763672,29.469999313354492,29.4950008392334,177200.0
2012-09-25,21.10869598388672,29.545000076293945,29.55500030517578,29.479999542236328,29.5049991607666,80000.0
2012-09-26,21.137266159057617,29.584999084472656,29.59000015258789,29.549999237060547,29.575000762939453,59200.0
2012-09-27,21.12655258178711,29.56999969482422,29.575000762939453,29.549999237060547,29.549999237060547,39200.0
2012-09-28,21.140850067138672,29.59000015258789,29.600000381469727,29.53499984741211,29.600000381469727,27800.0
2012-10-01,21.172693252563477,29.594999313354492,29.594999313354492,29.5049991607666,29.5049991607666,487400.0
2012-10-02,21.169109344482422,29.59000015258789,29.604999542236328,29.559999465942383,29.559999465942383,70600.0
2012-10-03,21.16196632385254,29.579999923706055,29.594999313354492,29.55500030517578,29.559999465942383,102800.0
2012-10-04,21.140480041503906,29.549999237060547,29.59000015258789,29.545000076293945,29.59000015258789,62600.0
2012-10-05,21.10829734802246,29.5049991607666,29.53499984741211,29.489999771118164,29.53499984741211,34600.0
2012-10-08,21.122602462768555,29.524999618530273,29.549999237060547,29.510000228881836,29.549999237060547,55600.0
2012-10-09,21.10829734802246,29.5049991607666,29.524999618530273,29.4950008392334,29.510000228881836,85200.0
2012-10-10,21.13691520690918,29.545000076293945,29.549999237060547,29.489999771118164,29.5,341600.0
2012-10-11,21.14406394958496,29.55500030517578,29.584999084472656,29.530000686645508,29.540000915527344,89400.0
2012-10-12,21.16196632385254,29.579999923706055,29.645000457763672,29.575000762939453,29.575000762939453,77200.0
2012-10-15,21.2012939453125,29.635000228881836,29.645000457763672,29.584999084472656,29.59000015258789,100400.0
2012-10-16,21.169109344482422,29.59000015258789,29.635000228881836,29.565000534057617,29.614999771118164,33400.0
2012-10-17,21.11545753479004,29.514999389648438,29.584999084472656,29.5,29.520000457763672,60600.0
2012-10-18,21.079669952392578,29.46500015258789,29.524999618530273,29.46500015258789,29.520000457763672,37800.0
2012-10-19,21.122602462768555,29.524999618530273,29.530000686645508,29.454999923706055,29.454999923706055,36400.0
2012-10-22,21.10472297668457,29.5,29.530000686645508,29.479999542236328,29.5,55000.0
2012-10-23,21.140480041503906,29.549999237060547,29.55500030517578,29.485000610351562,29.55500030517578,20400.0
2012-10-24,21.126176834106445,29.530000686645508,29.540000915527344,29.5049991607666,29.524999618530273,52800.0
2012-10-25,21.10114097595215,29.4950008392334,29.520000457763672,29.46500015258789,29.514999389648438,16600.0
2012-10-26,21.133338928222656,29.540000915527344,29.540000915527344,29.479999542236328,29.510000228881836,17600.0
2012-10-31,21.16196632385254,29.579999923706055,29.59000015258789,29.530000686645508,29.53499984741211,38600.0
2012-11-01,21.11545753479004,29.514999389648438,29.559999465942383,29.475000381469727,29.559999465942383,66600.0
2012-11-02,21.11545753479004,29.514999389648438,29.540000915527344,29.5049991607666,29.540000915527344,14800.0
2012-11-05,21.1655216217041,29.584999084472656,29.59000015258789,29.549999237060547,29.549999237060547,117200.0
2012-11-06,21.1297607421875,29.53499984741211,29.59000015258789,29.5049991607666,29.59000015258789,42000.0
2012-11-07,21.15479278564453,29.56999969482422,29.604999542236328,29.55500030517578,29.594999313354492,104600.0
2012-11-08,21.197723388671875,29.6299991607666,29.639999389648438,29.559999465942383,29.559999465942383,187200.0
2012-11-09,21.179840087890625,29.604999542236328,29.604999542236328,29.475000381469727,29.56999969482422,99200.0
2012-11-12,21.179840087890625,29.604999542236328,29.6200008392334,29.450000762939453,29.604999542236328,75000.0
2012-11-13,21.179840087890625,29.604999542236328,29.649999618530273,29.579999923706055,29.579999923706055,98400.0
2012-11-14,21.204885482788086,29.639999389648438,29.639999389648438,29.579999923706055,29.594999313354492,53800.0
2012-11-15,21.176267623901367,29.600000381469727,29.610000610351562,29.579999923706055,29.579999923706055,47600.0
2012-11-16,21.176267623901367,29.600000381469727,29.649999618530273,29.600000381469727,29.6299991607666,35200.0
2012-11-19,21.179840087890625,29.604999542236328,29.6200008392334,29.579999923706055,29.610000610351562,27800.0
2012-11-20,21.1297607421875,29.53499984741211,29.610000610351562,29.524999618530273,29.559999465942383,143600.0
2012-11-21,21.11545753479004,29.514999389648438,29.565000534057617,29.5049991607666,29.565000534057617,29600.0
2012-11-23,21.10829734802246,29.5049991607666,29.549999237060547,29.5049991607666,29.549999237060547,11800.0
2012-11-26,21.119029998779297,29.520000457763672,29.575000762939453,29.5049991607666,29.575000762939453,216800.0
2012-11-27,21.15122413635254,29.565000534057617,29.575000762939453,29.524999618530273,29.53499984741211,31200.0
2012-11-28,21.169109344482422,29.59000015258789,29.6200008392334,29.575000762939453,29.6200008392334,20600.0
2012-11-29,21.176267623901367,29.600000381469727,29.625,29.559999465942383,29.625,31000.0
2012-11-30,21.15122413635254,29.565000534057617,29.639999389648438,29.565000534057617,29.579999923706055,24200.0
2012-12-03,21.17916488647461,29.565000534057617,29.565000534057617,29.5049991607666,29.5049991607666,48400.0
2012-12-04,21.1827335357666,29.56999969482422,29.610000610351562,29.559999465942383,29.594999313354492,40200.0
2012-12-05,21.21856689453125,29.6200008392334,29.6299991607666,29.600000381469727,29.614999771118164,89600.0
2012-12-06,21.20781707763672,29.604999542236328,29.639999389648438,29.575000762939453,29.594999313354492,107400.0
2012-12-07,21.157669067382812,29.53499984741211,29.604999542236328,29.524999618530273,29.55500030517578,24000.0
2012-12-10,21.16840362548828,29.549999237060547,29.600000381469727,29.524999618530273,29.559999465942383,255800.0
2012-12-11,21.157669067382812,29.53499984741211,29.56999969482422,29.5049991607666,29.510000228881836,221200.0
2012-12-12,21.125423431396484,29.489999771118164,29.575000762939453,29.485000610351562,29.56999969482422,80000.0
2012-12-13,21.129011154174805,29.4950008392334,29.510000228881836,29.459999084472656,29.5049991607666,102200.0
2012-12-14,21.14692497253418,29.520000457763672,29.524999618530273,29.475000381469727,29.5049991607666,70600.0
2012-12-17,21.093183517456055,29.44499969482422,29.565000534057617,29.44499969482422,29.5,38800.0
2012-12-18,21.075288772583008,29.420000076293945,29.454999923706055,29.3799991607666,29.405000686645508,113200.0
2012-12-19,21.05738067626953,29.395000457763672,29.440000534057617,29.350000381469727,29.395000457763672,189600.0
2012-12-20,21.0358943939209,29.364999771118164,29.46500015258789,29.364999771118164,29.424999237060547,98600.0
2012-12-21,21.114696502685547,29.475000381469727,29.489999771118164,29.395000457763672,29.489999771118164,288000.0
2012-12-24,21.136178970336914,29.5049991607666,29.514999389648438,29.475000381469727,29.489999771118164,557200.0
2012-12-26,21.1397647857666,29.510000228881836,29.520000457763672,29.454999923706055,29.454999923706055,26200.0
2012-12-27,21.171865463256836,29.360000610351562,29.375,29.290000915527344,29.290000915527344,116400.0
2012-12-28,21.175458908081055,29.364999771118164,29.420000076293945,29.34000015258789,29.395000457763672,53400.0
2012-12-31,21.18988037109375,29.385000228881836,29.420000076293945,29.325000762939453,29.325000762939453,194400.0
2013-01-02,21.179067611694336,29.3700008392334,29.3700008392334,29.315000534057617,29.360000610351562,546800.0
2013-01-03,21.12498664855957,29.295000076293945,29.344999313354492,29.264999389648438,29.299999237060547,112800.0
2013-01-04,21.106948852539062,29.270000457763672,29.270000457763672,29.21500015258789,29.260000228881836,99000.0
2013-01-07,21.074501037597656,29.225000381469727,29.274999618530273,29.225000381469727,29.25,65200.0
2013-01-08,21.13218879699707,29.30500030517578,29.309999465942383,29.235000610351562,29.264999389648438,110800.0
2013-01-09,21.12498664855957,29.295000076293945,29.30500030517578,29.2549991607666,29.274999618530273,38200.0
2013-01-10,21.106948852539062,29.270000457763672,29.309999465942383,29.209999084472656,29.260000228881836,664000.0
2013-01-11,21.121360778808594,29.290000915527344,29.290000915527344,29.174999237060547,29.174999237060547,256800.0
2013-01-14,21.114158630371094,29.280000686645508,29.30500030517578,29.25,29.299999237060547,20600.0
2013-01-15,21.12498664855957,29.295000076293945,29.315000534057617,29.260000228881836,29.309999465942383,41000.0
2013-01-16,21.103328704833984,29.264999389648438,29.325000762939453,29.264999389648438,29.309999465942383,80800.0
2013-01-17,21.08892822265625,29.2450008392334,29.299999237060547,29.21500015258789,29.270000457763672,33600.0
2013-01-18,21.11056137084961,29.274999618530273,29.280000686645508,29.235000610351562,29.270000457763672,45600.0
2013-01-22,21.103328704833984,29.264999389648438,29.299999237060547,29.21500015258789,29.299999237060547,78800.0
2013-01-23,21.117765426635742,29.28499984741211,29.30500030517578,29.270000457763672,29.295000076293945,104800.0
2013-01-24,21.078107833862305,29.229999542236328,29.280000686645508,29.21500015258789,29.219999313354492,86600.0
2013-01-25,21.049264907836914,29.190000534057617,29.209999084472656,29.165000915527344,29.170000076293945,41400.0
2013-01-28,21.00239372253418,29.125,29.139999389648438,29.09000015258789,29.1299991607666,46400.0
2013-01-29,20.99879264831543,29.1200008392334,29.15999984741211,29.084999084472656,29.100000381469727,90800.0
2013-01-30,20.977144241333008,29.09000015258789,29.145000457763672,29.049999237060547,29.049999237060547,31600.0
2013-01-31,20.98796272277832,29.104999542236328,29.1299991607666,29.06999969482422,29.06999969482422,53400.0
2013-02-01,20.972082138061523,29.045000076293945,29.1200008392334,29.024999618530273,29.075000762939453,72000.0
2013-02-04,21.000959396362305,29.084999084472656,29.094999313354492,29.020000457763672,29.020000457763672,54800.0
2013-02-05,20.97930908203125,29.05500030517578,29.06999969482422,29.024999618530273,29.05500030517578,45600.0
2013-02-06,20.990137100219727,29.06999969482422,29.094999313354492,29.03499984741211,29.03499984741211,100800.0
2013-02-07,20.975690841674805,29.049999237060547,29.09000015258789,29.040000915527344,29.040000915527344,77600.0
2013-02-08,21.004566192626953,29.09000015258789,29.09000015258789,29.040000915527344,29.040000915527344,81600.0
2013-02-11,21.000959396362305,29.084999084472656,29.100000381469727,29.05500030517578,29.059999465942383,64800.0
2013-02-12,20.964859008789062,29.03499984741211,29.06999969482422,29.030000686645508,29.05500030517578,32400.0
2013-02-13,20.950422286987305,29.014999389648438,29.065000534057617,28.989999771118164,28.989999771118164,670200.0
2013-02-14,21.015413284301758,29.104999542236328,29.104999542236328,29.020000457763672,29.079999923706055,199600.0
2013-02-15,21.0081787109375,29.094999313354492,29.1200008392334,29.040000915527344,29.110000610351562,26200.0
2013-02-19,21.004566192626953,29.09000015258789,29.135000228881836,29.079999923706055,29.1299991607666,54000.0
2013-02-20,21.019023895263672,29.110000610351562,29.114999771118164,29.075000762939453,29.094999313354492,228000.0
2013-02-21,21.022632598876953,29.114999771118164,29.149999618530273,29.094999313354492,29.094999313354492,50600.0
2013-02-22,21.02984619140625,29.125,29.155000686645508,29.110000610351562,29.110000610351562,55400.0
2013-02-25,21.09120750427246,29.209999084472656,29.209999084472656,29.104999542236328,29.1299991607666,62800.0
2013-02-26,21.112882614135742,29.239999771118164,29.2450008392334,29.190000534057617,29.229999542236328,39200.0
2013-02-27,21.1020565032959,29.225000381469727,29.270000457763672,29.21500015258789,29.270000457763672,73200.0
2013-02-28,21.127321243286133,29.260000228881836,29.264999389648438,29.18000030517578,29.18000030517578,55400.0
2013-03-01,21.15806007385254,29.264999389648438,29.264999389648438,29.19499969482422,29.19499969482422,25200.0
2013-03-04,21.129131317138672,29.225000381469727,29.25,29.184999465942383,29.225000381469727,42600.0
2013-03-05,21.1182918548584,29.209999084472656,29.21500015258789,29.18000030517578,29.18000030517578,42400.0
2013-03-06,21.1002197265625,29.184999465942383,29.204999923706055,29.104999542236328,29.165000915527344,134200.0
2013-03-07,21.038755416870117,29.100000381469727,29.15999984741211,29.09000015258789,29.135000228881836,97000.0
2013-03-08,21.02068519592285,29.075000762939453,29.075000762939453,29.014999389648438,29.05500030517578,280400.0
2013-03-11,21.02068519592285,29.075000762939453,29.079999923706055,28.969999313354492,29.06999969482422,540600.0
2013-03-12,21.013458251953125,29.065000534057617,29.06999969482422,29.024999618530273,29.030000686645508,105000.0
2013-03-13,21.031518936157227,29.09000015258789,29.100000381469727,29.024999618530273,29.040000915527344,129800.0
2013-03-14,21.02068519592285,29.075000762939453,29.079999923706055,29.045000076293945,29.059999465942383,77000.0
2013-03-15,21.031518936157227,29.09000015258789,29.125,29.075000762939453,29.075000762939453,85400.0
2013-03-18,21.064062118530273,29.135000228881836,29.155000686645508,29.110000610351562,29.114999771118164,127800.0
2013-03-19,21.085750579833984,29.165000915527344,29.174999237060547,29.114999771118164,29.1299991607666,300000.0
2013-03-20,21.042373657226562,29.104999542236328,29.15999984741211,29.104999542236328,29.139999389648438,58400.0
2013-03-21,21.05683708190918,29.125,29.145000457763672,29.059999465942383,29.059999465942383,23400.0
2013-03-22,21.064062118530273,29.135000228881836,29.145000457763672,29.104999542236328,29.1200008392334,41000.0
2013-03-25,21.067676544189453,29.139999389648438,29.165000915527344,29.1200008392334,29.1299991607666,115400.0
2013-03-26,21.08212661743164,29.15999984741211,29.165000915527344,29.114999771118164,29.125,32200.0
2013-03-27,21.089370727539062,29.170000076293945,29.209999084472656,29.145000457763672,29.145000457763672,90600.0
2013-03-28,21.08212661743164,29.15999984741211,29.204999923706055,29.15999984741211,29.15999984741211,51800.0
2013-04-01,21.096254348754883,29.139999389648438,29.165000915527344,29.114999771118164,29.135000228881836,204400.0
2013-04-02,21.08901596069336,29.1299991607666,29.170000076293945,29.1200008392334,29.1200008392334,35800.0
2013-04-03,21.110719680786133,29.15999984741211,29.21500015258789,29.135000228881836,29.135000228881836,84200.0
2013-04-04,21.154163360595703,29.219999313354492,29.280000686645508,29.200000762939453,29.200000762939453,32600.0
2013-04-05,21.208465576171875,29.295000076293945,29.34000015258789,29.290000915527344,29.329999923706055,62200.0
2013-04-08,21.230180740356445,29.325000762939453,29.34000015258789,29.299999237060547,29.315000534057617,145000.0
2013-04-09,21.222944259643555,29.315000534057617,29.350000381469727,29.30500030517578,29.325000762939453,638800.0
2013-04-10,21.219324111938477,29.309999465942383,29.334999084472656,29.274999618530273,29.334999084472656,113800.0
2013-04-11,21.201231002807617,29.28499984741211,29.325000762939453,29.274999618530273,29.28499984741211,79600.0
2013-04-12,21.259151458740234,29.364999771118164,29.3700008392334,29.315000534057617,29.334999084472656,61800.0
2013-04-15,21.295352935791016,29.415000915527344,29.434999465942383,29.3799991607666,29.389999389648438,59400.0
2013-04-16,21.262771606445312,29.3700008392334,29.43000030517578,29.3700008392334,29.399999618530273,181400.0
2013-04-17,21.302587509155273,29.424999237060547,29.440000534057617,29.3799991607666,29.405000686645508,65800.0
2013-04-18,21.288116455078125,29.405000686645508,29.454999923706055,29.295000076293945,29.295000076293945,19200.0
2013-04-19,21.273624420166016,29.385000228881836,29.40999984741211,29.3799991607666,29.3799991607666,35800.0
2013-04-22,21.309818267822266,29.434999465942383,29.454999923706055,29.405000686645508,29.424999237060547,76800.0
2013-04-23,21.28449058532715,29.399999618530273,29.479999542236328,29.399999618530273,29.440000534057617,117400.0
2013-04-24,21.31344223022461,29.440000534057617,29.454999923706055,29.385000228881836,29.44499969482422,31600.0
2013-04-25,21.298961639404297,29.420000076293945,29.43000030517578,29.3799991607666,29.424999237060547,28600.0
2013-04-26,21.31344223022461,29.440000534057617,29.469999313354492,29.420000076293945,29.454999923706055,36400.0
2013-04-29,21.327909469604492,29.459999084472656,29.5,29.459999084472656,29.485000610351562,30400.0
2013-04-30,21.31344223022461,29.440000534057617,29.510000228881836,29.440000534057617,29.5,40200.0
2013-05-01,21.36129379272461,29.46500015258789,29.475000381469727,29.43000030517578,29.459999084472656,26800.0
2013-05-02,21.35041618347168,29.450000762939453,29.510000228881836,29.424999237060547,29.43000030517578,56600.0
2013-05-03,21.277925491333008,29.350000381469727,29.385000228881836,29.350000381469727,29.385000228881836,37400.0
2013-05-06,21.256168365478516,29.31999969482422,29.3700008392334,29.30500030517578,29.31999969482422,67000.0
2013-05-07,21.241670608520508,29.299999237060547,29.334999084472656,29.290000915527344,29.334999084472656,620000.0
2013-05-08,21.256168365478516,29.31999969482422,29.34000015258789,29.28499984741211,29.28499984741211,183000.0
2013-05-09,21.230796813964844,29.28499984741211,29.34000015258789,29.28499984741211,29.334999084472656,115800.0
2013-05-10,21.1800537109375,29.21500015258789,29.295000076293945,29.19499969482422,29.295000076293945,60600.0
2013-05-13,21.165550231933594,29.19499969482422,29.209999084472656,29.170000076293945,29.170000076293945,149800.0
2013-05-14,21.100305557250977,29.104999542236328,29.200000762939453,29.100000381469727,29.174999237060547,79000.0
2013-05-15,21.1329345703125,29.149999618530273,29.170000076293945,29.1200008392334,29.149999618530273,62400.0
2013-05-16,21.169178009033203,29.200000762939453,29.235000610351562,29.170000076293945,29.18000030517578,377400.0
2013-05-17,21.122045516967773,29.135000228881836,29.209999084472656,29.1200008392334,29.19499969482422,171200.0
2013-05-20,21.082176208496094,29.079999923706055,29.145000457763672,29.075000762939453,29.125,194400.0
2013-05-21,21.100305557250977,29.104999542236328,29.114999771118164,29.049999237060547,29.06999969482422,86200.0
2013-05-22,21.045934677124023,29.030000686645508,29.170000076293945,29.020000457763672,29.170000076293945,52400.0
2013-05-23,21.035049438476562,29.014999389648438,29.079999923706055,28.985000610351562,29.079999923706055,40400.0
2013-05-24,21.045934677124023,29.030000686645508,29.049999237060547,29.014999389648438,29.03499984741211,12200.0
2013-05-28,20.93355369567871,28.875,29.024999618530273,28.844999313354492,29.0049991607666,282000.0
2013-05-29,20.951677322387695,28.899999618530273,28.90999984741211,28.854999542236328,28.8799991607666,99000.0
2013-05-30,20.93355369567871,28.875,28.924999237060547,28.875,28.924999237060547,54000.0
2013-05-31,20.951677322387695,28.899999618530273,28.899999618530273,28.809999465942383,28.8799991607666,135200.0
2013-06-03,20.91029167175293,28.799999237060547,28.844999313354492,28.739999771118164,28.7549991607666,128200.0
2013-06-04,20.888513565063477,28.770000457763672,28.795000076293945,28.729999542236328,28.78499984741211,68200.0
2013-06-05,20.848581314086914,28.71500015258789,28.795000076293945,28.71500015258789,28.719999313354492,53600.0
2013-06-06,20.93570899963379,28.834999084472656,28.905000686645508,28.760000228881836,28.809999465942383,99200.0
2013-06-07,20.844951629638672,28.709999084472656,28.80500030517578,28.700000762939453,28.739999771118164,31400.0
2013-06-10,20.794132232666016,28.639999389648438,28.674999237060547,28.6299991607666,28.639999389648438,75600.0
2013-06-11,20.855844497680664,28.725000381469727,28.725000381469727,28.56999969482422,28.56999969482422,1066400.0
2013-06-12,20.83405113220215,28.69499969482422,28.760000228881836,28.665000915527344,28.690000534057617,397800.0
2013-06-13,20.873992919921875,28.75,28.75,28.670000076293945,28.674999237060547,78600.0
2013-06-14,20.888513565063477,28.770000457763672,28.809999465942383,28.764999389648438,28.80500030517578,42800.0
2013-06-17,20.81226921081543,28.665000915527344,28.790000915527344,28.65999984741211,28.774999618530273,557400.0
2013-06-18,20.855844497680664,28.725000381469727,28.739999771118164,28.639999389648438,28.65999984741211,34800.0
2013-06-19,20.794132232666016,28.639999389648438,28.7450008392334,28.639999389648438,28.739999771118164,340200.0
2013-06-20,20.601730346679688,28.375,28.479999542236328,28.280000686645508,28.420000076293945,98400.0
2013-06-21,20.445634841918945,28.15999984741211,28.375,28.100000381469727,28.375,311200.0
2013-06-24,20.340343475341797,28.014999389648438,28.1299991607666,27.844999313354492,27.860000610351562,379200.0
2013-06-25,20.402061462402344,28.100000381469727,28.239999771118164,28.049999237060547,28.239999771118164,56400.0
2013-06-26,20.43836784362793,28.149999618530273,28.239999771118164,28.114999771118164,28.15999984741211,114400.0
2013-06-27,20.550888061523438,28.30500030517578,28.30500030517578,28.219999313354492,28.270000457763672,51600.0
2013-06-28,20.645292282104492,28.434999465942383,28.434999465942383,28.229999542236328,28.229999542236328,1387800.0
2013-07-01,20.652191162109375,28.399999618530273,28.399999618530273,28.334999084472656,28.334999084472656,138000.0
2013-07-02,20.630382537841797,28.3700008392334,28.40999984741211,28.360000610351562,28.385000228881836,36600.0
2013-07-03,20.61219596862793,28.344999313354492,28.389999389648438,28.34000015258789,28.350000381469727,55200.0
2013-07-05,20.33222198486328,27.959999084472656,28.18000030517578,27.93000030517578,28.165000915527344,950000.0
2013-07-08,20.448575973510742,28.1200008392334,28.1200008392334,28.059999465942383,28.059999465942383,39800.0
2013-07-09,20.484943389892578,28.170000076293945,28.209999084472656,28.15999984741211,28.15999984741211,187400.0
2013-07-10,20.474048614501953,28.155000686645508,28.174999237060547,28.100000381469727,28.15999984741211,880200.0
2013-07-11,20.521303176879883,28.219999313354492,28.270000457763672,28.204999923706055,28.239999771118164,111800.0
2013-07-12,20.58310317993164,28.30500030517578,28.3700008392334,28.260000228881836,28.315000534057617,165000.0
2013-07-15,20.56856918334961,28.28499984741211,28.31999969482422,28.264999389648438,28.264999389648438,118000.0
2013-07-16,20.60129737854004,28.329999923706055,28.34000015258789,28.290000915527344,28.290000915527344,73000.0
2013-07-17,20.641286849975586,28.385000228881836,28.43000030517578,28.3700008392334,28.420000076293945,47600.0
2013-07-18,20.630382537841797,28.3700008392334,28.420000076293945,28.360000610351562,28.420000076293945,48000.0
2013-07-19,20.65583610534668,28.405000686645508,28.43000030517578,28.389999389648438,28.395000457763672,115000.0
2013-07-22,20.68128204345703,28.440000534057617,28.454999923706055,28.424999237060547,28.434999465942383,42200.0
2013-07-23,20.69582176208496,28.459999084472656,28.46500015258789,28.40999984741211,28.434999465942383,99200.0
2013-07-24,20.63401985168457,28.375,28.395000457763672,28.30500030517578,28.350000381469727,32400.0
2013-07-25,20.630382537841797,28.3700008392334,28.3700008392334,28.28499984741211,28.31999969482422,25800.0
2013-07-26,20.619474411010742,28.354999542236328,28.3799991607666,28.325000762939453,28.364999771118164,40400.0
2013-07-29,20.630382537841797,28.3700008392334,28.395000457763672,28.325000762939453,28.395000457763672,29000.0
2013-07-30,20.630382537841797,28.3700008392334,28.399999618530273,28.315000534057617,28.389999389648438,45600.0
2013-07-31,20.63766098022461,28.3799991607666,28.385000228881836,28.239999771118164,28.239999771118164,74800.0
2013-08-01,20.526212692260742,28.18000030517578,28.270000457763672,28.170000076293945,28.260000228881836,114000.0
2013-08-02,20.580842971801758,28.2549991607666,28.280000686645508,28.200000762939453,28.204999923706055,38000.0
2013-08-05,20.639116287231445,28.334999084472656,28.334999084472656,28.270000457763672,28.295000076293945,128800.0
2013-08-06,20.639116287231445,28.334999084472656,28.360000610351562,28.264999389648438,28.274999618530273,52400.0
2013-08-07,20.657325744628906,28.360000610351562,28.375,28.280000686645508,28.360000610351562,38000.0
2013-08-08,20.660968780517578,28.364999771118164,28.44499969482422,28.31999969482422,28.334999084472656,55800.0
2013-08-09,20.730159759521484,28.459999084472656,28.46500015258789,28.274999618530273,28.274999618530273,1725000.0
2013-08-12,20.708311080932617,28.43000030517578,28.459999084472656,28.389999389648438,28.44499969482422,169800.0
2013-08-13,20.6318359375,28.325000762939453,28.325000762939453,28.274999618530273,28.295000076293945,113200.0
2013-08-14,20.617246627807617,28.30500030517578,28.30500030517578,28.229999542236328,28.25,95800.0
2013-08-15,20.50800132751465,28.155000686645508,28.219999313354492,28.1299991607666,28.200000762939453,1808200.0
2013-08-16,20.500717163085938,28.145000457763672,28.18000030517578,28.045000076293945,28.170000076293945,279600.0
2013-08-19,20.406017303466797,28.014999389648438,28.06999969482422,27.969999313354492,28.010000228881836,50600.0
2013-08-20,20.438791275024414,28.059999465942383,28.059999465942383,28.0,28.010000228881836,136400.0
2013-08-21,20.420581817626953,28.03499984741211,28.065000534057617,27.989999771118164,28.03499984741211,32200.0
2013-08-22,20.413311004638672,28.024999618530273,28.040000915527344,27.94499969482422,28.024999618530273,29200.0
2013-08-23,20.442441940307617,28.065000534057617,28.094999313354492,27.959999084472656,28.0,275200.0
2013-08-26,20.4752254486084,28.110000610351562,28.145000457763672,28.049999237060547,28.145000457763672,119000.0
2013-08-27,20.518930435180664,28.170000076293945,28.19499969482422,28.1200008392334,28.1299991607666,112800.0
2013-08-28,20.493431091308594,28.135000228881836,28.184999465942383,28.110000610351562,28.149999618530273,50800.0
2013-08-29,20.50434684753418,28.149999618530273,28.204999923706055,28.110000610351562,28.110000610351562,45600.0
2013-08-30,20.4752254486084,28.110000610351562,28.21500015258789,28.110000610351562,28.21500015258789,40600.0
2013-09-03,20.457700729370117,28.03499984741211,28.045000076293945,27.924999237060547,27.9950008392334,17600.0
2013-09-04,20.413917541503906,27.975000381469727,28.03499984741211,27.96500015258789,28.0049991607666,31800.0
2013-09-05,20.289884567260742,27.80500030517578,27.954999923706055,27.790000915527344,27.895000457763672,152600.0
2013-09-06,20.402973175048828,27.959999084472656,27.975000381469727,27.889999389648438,27.90999984741211,87200.0
2013-09-09,20.39203453063965,27.94499969482422,27.989999771118164,27.94499969482422,27.950000762939453,44800.0
2013-09-10,20.32635498046875,27.854999542236328,27.950000762939453,27.854999542236328,27.899999618530273,85800.0
2013-09-11,20.50149154663086,28.094999313354492,28.1200008392334,27.8799991607666,27.940000534057617,1282800.0
2013-09-12,20.50149154663086,28.094999313354492,28.1299991607666,28.094999313354492,28.1299991607666,25200.0
2013-09-13,20.512441635131836,28.110000610351562,28.15999984741211,28.045000076293945,28.104999542236328,41000.0
2013-09-16,20.52703094482422,28.1299991607666,28.225000381469727,28.1299991607666,28.225000381469727,68600.0
2013-09-17,20.552570343017578,28.165000915527344,28.174999237060547,28.145000457763672,28.15999984741211,64200.0
2013-09-18,20.66203498840332,28.315000534057617,28.344999313354492,28.084999084472656,28.145000457763672,57400.0
2013-09-19,20.592714309692383,28.219999313354492,28.315000534057617,28.209999084472656,28.315000534057617,174400.0
2013-09-20,20.574466705322266,28.19499969482422,28.2549991607666,28.190000534057617,28.235000610351562,57800.0
2013-09-23,20.687570571899414,28.350000381469727,28.360000610351562,28.219999313354492,28.219999313354492,289400.0
2013-09-24,20.70216941833496,28.3700008392334,28.399999618530273,28.31999969482422,28.31999969482422,28000.0
2013-09-25,20.745952606201172,28.43000030517578,28.440000534057617,28.3799991607666,28.3799991607666,42600.0
2013-09-26,20.73499870300293,28.415000915527344,28.424999237060547,28.375,28.405000686645508,120400.0
2013-09-27,20.75324821472168,28.440000534057617,28.459999084472656,28.3700008392334,28.44499969482422,38400.0
2013-09-30,20.786087036132812,28.485000610351562,28.485000610351562,28.440000534057617,28.459999084472656,42000.0
2013-10-01,20.722469329833984,28.344999313354492,28.405000686645508,28.25,28.350000381469727,145800.0
2013-10-02,20.74806785583496,28.3799991607666,28.405000686645508,28.34000015258789,28.34000015258789,64600.0
2013-10-03,20.799245834350586,28.450000762939453,28.450000762939453,28.334999084472656,28.334999084472656,111200.0
2013-10-04,20.766342163085938,28.405000686645508,28.405000686645508,28.360000610351562,28.360000610351562,33400.0
2013-10-07,20.74441146850586,28.375,28.434999465942383,28.375,28.389999389648438,40600.0
2013-10-08,20.759035110473633,28.395000457763672,28.405000686645508,28.375,28.385000228881836,108600.0
2013-10-09,20.696895599365234,28.309999465942383,28.385000228881836,28.299999237060547,28.354999542236328,1415400.0
2013-10-10,20.718822479248047,28.34000015258789,28.344999313354492,28.28499984741211,28.309999465942383,110200.0
2013-10-11,20.700551986694336,28.315000534057617,28.360000610351562,28.315000534057617,28.360000610351562,65600.0
2013-10-14,20.70785140991211,28.325000762939453,28.375,28.315000534057617,28.360000610351562,41400.0
2013-10-15,20.72614097595215,28.350000381469727,28.395000457763672,28.334999084472656,28.3700008392334,60800.0
2013-10-16,20.777297973632812,28.420000076293945,28.43000030517578,28.295000076293945,28.350000381469727,75400.0
2013-10-17,20.80655288696289,28.459999084472656,28.5,28.454999923706055,28.46500015258789,37000.0
2013-10-18,20.846757888793945,28.514999389648438,28.549999237060547,28.5049991607666,28.549999237060547,51000.0
2013-10-21,20.817527770996094,28.475000381469727,28.514999389648438,28.459999084472656,28.459999084472656,78800.0
2013-10-22,20.897939682006836,28.584999084472656,28.604999542236328,28.540000915527344,28.540000915527344,52800.0
2013-10-23,20.905254364013672,28.594999313354492,28.635000228881836,28.584999084472656,28.584999084472656,45400.0
2013-10-24,20.901599884033203,28.59000015258789,28.6299991607666,28.584999084472656,28.610000610351562,48400.0
2013-10-25,20.908899307250977,28.600000381469727,28.6299991607666,28.56999969482422,28.56999969482422,30200.0
2013-10-28,20.908899307250977,28.600000381469727,28.649999618530273,28.594999313354492,28.635000228881836,24400.0
2013-10-29,20.916223526000977,28.610000610351562,28.6200008392334,28.575000762939453,28.575000762939453,26200.0
2013-10-30,20.905254364013672,28.594999313354492,28.670000076293945,28.579999923706055,28.649999618530273,31000.0
2013-10-31,20.901599884033203,28.59000015258789,28.604999542236328,28.575000762939453,28.584999084472656,50600.0
2013-11-01,20.876325607299805,28.5,28.55500030517578,28.479999542236328,28.520000457763672,76400.0
2013-11-04,20.850685119628906,28.46500015258789,28.514999389648438,28.454999923706055,28.454999923706055,101600.0
2013-11-05,20.799409866333008,28.395000457763672,28.454999923706055,28.395000457763672,28.405000686645508,133000.0
2013-11-06,20.879980087280273,28.5049991607666,28.5049991607666,28.424999237060547,28.440000534057617,98800.0
2013-11-07,20.854351043701172,28.469999313354492,28.5049991607666,28.46500015258789,28.489999771118164,48600.0
2013-11-08,20.744462966918945,28.31999969482422,28.3700008392334,28.299999237060547,28.3700008392334,59800.0
2013-11-11,20.737152099609375,28.309999465942383,28.344999313354492,28.280000686645508,28.344999313354492,523200.0
2013-11-12,20.748126983642578,28.325000762939453,28.354999542236328,28.315000534057617,28.354999542236328,51800.0
2013-11-13,20.766454696655273,28.350000381469727,28.360000610351562,28.34000015258789,28.34000015258789,48200.0
2013-11-14,20.810394287109375,28.40999984741211,28.40999984741211,28.360000610351562,28.385000228881836,51800.0
2013-11-15,20.828710556030273,28.434999465942383,28.434999465942383,28.40999984741211,28.434999465942383,30200.0
2013-11-18,20.887310028076172,28.514999389648438,28.520000457763672,28.43000030517578,28.43000030517578,42400.0
2013-11-19,20.847021102905273,28.459999084472656,28.4950008392334,28.454999923706055,28.4950008392334,87600.0
2013-11-20,20.777433395385742,28.364999771118164,28.469999313354492,28.350000381469727,28.43000030517578,70800.0
2013-11-21,20.770105361938477,28.354999542236328,28.375,28.31999969482422,28.31999969482422,56000.0
2013-11-22,20.795757293701172,28.389999389648438,28.420000076293945,28.364999771118164,28.399999618530273,144400.0
2013-11-25,20.817710876464844,28.420000076293945,28.424999237060547,28.405000686645508,28.415000915527344,41400.0
2013-11-26,20.82505226135254,28.43000030517578,28.450000762939453,28.424999237060547,28.424999237060547,84400.0
2013-11-27,20.83603286743164,28.44499969482422,28.459999084472656,28.399999618530273,28.454999923706055,119200.0
2013-11-29,20.828710556030273,28.434999465942383,28.434999465942383,28.395000457763672,28.395000457763672,17800.0
2013-12-02,20.781009674072266,28.315000534057617,28.3700008392334,28.30500030517578,28.34000015258789,54200.0
2013-12-03,20.773662567138672,28.30500030517578,28.334999084472656,28.30500030517578,28.325000762939453,74800.0
2013-12-04,20.7259578704834,28.239999771118164,28.270000457763672,28.229999542236328,28.235000610351562,49400.0
2013-12-05,20.692935943603516,28.19499969482422,28.219999313354492,28.190000534057617,28.204999923706055,113200.0
2013-12-06,20.7259578704834,28.239999771118164,28.2450008392334,28.19499969482422,28.209999084472656,178600.0
2013-12-09,20.711284637451172,28.219999313354492,28.2549991607666,28.204999923706055,28.204999923706055,60000.0
2013-12-10,20.806686401367188,28.350000381469727,28.364999771118164,28.28499984741211,28.295000076293945,248800.0
2013-12-11,20.7846736907959,28.31999969482422,28.354999542236328,28.309999465942383,28.344999313354492,37800.0
2013-12-12,20.762653350830078,28.290000915527344,28.30500030517578,28.260000228881836,28.28499984741211,40000.0
2013-12-13,20.766326904296875,28.295000076293945,28.329999923706055,28.270000457763672,28.270000457763672,62400.0
2013-12-16,20.7846736907959,28.31999969482422,28.360000610351562,28.31999969482422,28.334999084472656,68600.0
2013-12-17,20.817699432373047,28.364999771118164,28.3700008392334,28.25,28.290000915527344,93200.0
2013-12-18,20.817699432373047,28.364999771118164,28.395000457763672,28.295000076293945,28.344999313354492,63600.0
2013-12-19,20.773662567138672,28.30500030517578,28.315000534057617,28.264999389648438,28.299999237060547,53200.0
2013-12-20,20.7883358001709,28.325000762939453,28.334999084472656,28.260000228881836,28.264999389648438,74800.0
2013-12-23,20.781009674072266,28.315000534057617,28.350000381469727,28.309999465942383,28.344999313354492,66800.0
2013-12-24,20.729631423950195,28.2450008392334,28.299999237060547,28.2450008392334,28.299999237060547,67800.0
2013-12-26,20.718616485595703,28.229999542236328,28.239999771118164,28.21500015258789,28.21500015258789,124800.0
2013-12-27,20.726709365844727,28.184999465942383,28.184999465942383,28.139999389648438,28.155000686645508,72800.0
2013-12-30,20.74877166748047,28.21500015258789,28.229999542236328,28.200000762939453,28.200000762939453,35200.0
2013-12-31,20.737741470336914,28.200000762939453,28.229999542236328,28.165000915527344,28.225000381469727,37800.0
2014-01-02,20.745098114013672,28.209999084472656,28.239999771118164,28.170000076293945,28.184999465942383,430200.0
2014-01-03,20.759803771972656,28.229999542236328,28.2549991607666,28.209999084472656,28.219999313354492,33200.0
2014-01-06,20.770832061767578,28.2450008392334,28.2549991607666,28.2450008392334,28.25,36800.0
2014-01-07,20.803924560546875,28.290000915527344,28.299999237060547,28.260000228881836,28.299999237060547,20000.0
2014-01-08,20.74877166748047,28.21500015258789,28.28499984741211,28.21500015258789,28.2549991607666,222400.0
2014-01-09,20.76348114013672,28.235000610351562,28.2450008392334,28.21500015258789,28.229999542236328,33200.0
2014-01-10,20.822317123413086,28.315000534057617,28.34000015258789,28.260000228881836,28.30500030517578,648000.0
2014-01-13,20.85171890258789,28.354999542236328,28.3799991607666,28.344999313354492,28.354999542236328,572000.0
2014-01-14,20.862749099731445,28.3700008392334,28.434999465942383,28.360000610351562,28.424999237060547,123400.0
2014-01-15,20.833337783813477,28.329999923706055,28.34000015258789,28.290000915527344,28.290000915527344,59200.0
2014-01-16,20.881134033203125,28.395000457763672,28.399999618530273,28.334999084472656,28.334999084472656,42600.0
2014-01-17,20.892173767089844,28.40999984741211,28.420000076293945,28.329999923706055,28.329999923706055,40200.0
2014-01-21,20.892173767089844,28.40999984741211,28.43000030517578,28.405000686645508,28.405000686645508,31000.0
2014-01-22,20.86642837524414,28.375,28.405000686645508,28.3700008392334,28.405000686645508,215400.0
2014-01-23,20.892173767089844,28.40999984741211,28.450000762939453,28.385000228881836,28.385000228881836,121800.0
2014-01-24,20.932619094848633,28.46500015258789,28.485000610351562,28.434999465942383,28.475000381469727,58400.0
2014-01-27,20.910554885864258,28.434999465942383,28.510000228881836,28.424999237060547,28.479999542236328,184200.0
2014-01-28,20.928937911987305,28.459999084472656,28.469999313354492,28.434999465942383,28.454999923706055,39000.0
2014-01-29,20.973068237304688,28.520000457763672,28.524999618530273,28.469999313354492,28.469999313354492,41800.0
2014-01-30,20.973068237304688,28.520000457763672,28.524999618530273,28.4950008392334,28.520000457763672,122200.0
2014-01-31,20.984092712402344,28.53499984741211,28.559999465942383,28.510000228881836,28.559999465942383,130400.0
2014-02-03,21.073993682861328,28.600000381469727,28.610000610351562,28.459999084472656,28.489999771118164,235400.0
2014-02-04,21.04452133178711,28.559999465942383,28.56999969482422,28.530000686645508,28.55500030517578,26600.0
2014-02-05,20.996623992919922,28.4950008392334,28.545000076293945,28.4950008392334,28.545000076293945,43200.0
2014-02-06,20.996623992919922,28.4950008392334,28.520000457763672,28.469999313354492,28.475000381469727,78200.0
2014-02-07,21.03346824645996,28.545000076293945,28.55500030517578,28.4950008392334,28.4950008392334,56200.0
2014-02-10,21.051881790161133,28.56999969482422,28.56999969482422,28.514999389648438,28.514999389648438,20200.0
2014-02-11,21.05924415588379,28.579999923706055,28.584999084472656,28.510000228881836,28.520000457763672,1262800.0
2014-02-12,21.011354446411133,28.514999389648438,28.545000076293945,28.5,28.524999618530273,276600.0
2014-02-13,21.007673263549805,28.510000228881836,28.53499984741211,28.5049991607666,28.53499984741211,80400.0
2014-02-14,21.007673263549805,28.510000228881836,28.549999237060547,28.5049991607666,28.524999618530273,84800.0
2014-02-18,21.03346824645996,28.545000076293945,28.55500030517578,28.524999618530273,28.540000915527344,165000.0
2014-02-19,21.015037536621094,28.520000457763672,28.594999313354492,28.520000457763672,28.594999313354492,83600.0
2014-02-20,21.02241325378418,28.530000686645508,28.53499984741211,28.5049991607666,28.514999389648438,19800.0
2014-02-21,21.01872444152832,28.524999618530273,28.524999618530273,28.485000610351562,28.485000610351562,57400.0
2014-02-24,21.015037536621094,28.520000457763672,28.55500030517578,28.514999389648438,28.520000457763672,44400.0
2014-02-25,21.070302963256836,28.594999313354492,28.594999313354492,28.559999465942383,28.559999465942383,31600.0
2014-02-26,21.107154846191406,28.645000457763672,28.655000686645508,28.594999313354492,28.594999313354492,39000.0
2014-02-27,21.12925910949707,28.674999237060547,28.68000030517578,28.635000228881836,28.68000030517578,20600.0
2014-02-28,21.169782638549805,28.729999542236328,28.729999542236328,28.645000457763672,28.674999237060547,39800.0
2014-03-03,21.18971061706543,28.700000762939453,28.700000762939453,28.610000610351562,28.610000610351562,50600.0
2014-03-04,21.11219024658203,28.594999313354492,28.649999618530273,28.59000015258789,28.645000457763672,40400.0
2014-03-05,21.174959182739258,28.68000030517578,28.68000030517578,28.565000534057617,28.610000610351562,130000.0
2014-03-06,21.104806900024414,28.584999084472656,28.600000381469727,28.540000915527344,28.594999313354492,148800.0
2014-03-07,21.04204750061035,28.5,28.510000228881836,28.479999542236328,28.5,46600.0
2014-03-10,21.02728843688965,28.479999542236328,28.489999771118164,28.424999237060547,28.424999237060547,52800.0
2014-03-11,21.02728843688965,28.479999542236328,28.5,28.459999084472656,28.479999542236328,713000.0
2014-03-12,21.064205169677734,28.530000686645508,28.545000076293945,28.520000457763672,28.530000686645508,301200.0
2014-03-13,21.104806900024414,28.584999084472656,28.614999771118164,28.5,28.514999389648438,75600.0
2014-03-14,21.093732833862305,28.56999969482422,28.610000610351562,28.559999465942383,28.610000610351562,84000.0
2014-03-17,21.067901611328125,28.53499984741211,28.594999313354492,28.53499984741211,28.594999313354492,108200.0
2014-03-18,21.064205169677734,28.530000686645508,28.59000015258789,27.719999313354492,28.59000015258789,86200.0
2014-03-19,20.96822166442871,28.399999618530273,28.56999969482422,28.395000457763672,28.545000076293945,254200.0
2014-03-20,20.934999465942383,28.354999542236328,28.415000915527344,28.334999084472656,28.415000915527344,262000.0
2014-03-21,20.960840225219727,28.389999389648438,28.43000030517578,28.354999542236328,28.43000030517578,283800.0
2014-03-24,21.016218185424805,28.46500015258789,28.46500015258789,28.40999984741211,28.43000030517578,51000.0
2014-03-25,21.02728843688965,28.479999542236328,28.485000610351562,28.434999465942383,28.434999465942383,83400.0
2014-03-26,21.090044021606445,28.565000534057617,28.565000534057617,28.479999542236328,28.479999542236328,41000.0
2014-03-27,21.093732833862305,28.56999969482422,28.579999923706055,28.514999389648438,28.514999389648438,45200.0
2014-03-28,21.082666397094727,28.55500030517578,28.594999313354492,28.53499984741211,28.594999313354492,28200.0
2014-03-31,21.082666397094727,28.55500030517578,28.575000762939453,28.53499984741211,28.53499984741211,402200.0
2014-04-01,21.074525833129883,28.485000610351562,28.520000457763672,28.46500015258789,28.510000228881836,28000.0
2014-04-02,21.033824920654297,28.43000030517578,28.454999923706055,28.415000915527344,28.454999923706055,28600.0
2014-04-03,21.015338897705078,28.405000686645508,28.454999923706055,28.399999618530273,28.43000030517578,97800.0
2014-04-04,21.07822036743164,28.489999771118164,28.524999618530273,28.485000610351562,28.489999771118164,33800.0
2014-04-07,21.11891746520996,28.545000076293945,28.584999084472656,28.540000915527344,28.540000915527344,44400.0
2014-04-08,21.17070198059082,28.614999771118164,28.6200008392334,28.55500030517578,28.565000534057617,114000.0
2014-04-09,21.16699981689453,28.610000610351562,28.610000610351562,28.545000076293945,28.575000762939453,370400.0
2014-04-10,21.20399284362793,28.65999984741211,28.684999465942383,28.59000015258789,28.59000015258789,757000.0
2014-04-11,21.248382568359375,28.719999313354492,28.7450008392334,28.690000534057617,28.7450008392334,54600.0
2014-04-14,21.24098014831543,28.709999084472656,28.71500015258789,28.700000762939453,28.709999084472656,16400.0
2014-04-15,21.22989273071289,28.69499969482422,28.735000610351562,28.6299991607666,28.6299991607666,76000.0
2014-04-16,21.22989273071289,28.69499969482422,28.704999923706055,28.665000915527344,28.665000915527344,363400.0
2014-04-17,21.174394607543945,28.6200008392334,28.704999923706055,28.600000381469727,28.69499969482422,69200.0
2014-04-21,21.174394607543945,28.6200008392334,28.6299991607666,28.594999313354492,28.6299991607666,31200.0
2014-04-22,21.178104400634766,28.625,28.625,28.579999923706055,28.600000381469727,31000.0
2014-04-23,21.192899703979492,28.645000457763672,28.655000686645508,28.6200008392334,28.625,36400.0
2014-04-24,21.211387634277344,28.670000076293945,28.68000030517578,28.649999618530273,28.674999237060547,34400.0
2014-04-25,21.233577728271484,28.700000762939453,28.735000610351562,28.690000534057617,28.700000762939453,25000.0
2014-04-28,21.22989273071289,28.69499969482422,28.725000381469727,28.68000030517578,28.725000381469727,37400.0
2014-04-29,21.233577728271484,28.700000762939453,28.709999084472656,28.670000076293945,28.690000534057617,15400.0
2014-04-30,21.26689338684082,28.7450008392334,28.7450008392334,28.700000762939453,28.704999923706055,85200.0
2014-05-01,21.29356575012207,28.719999313354492,28.75,28.684999465942383,28.684999465942383,47600.0
2014-05-02,21.33805274963379,28.780000686645508,28.790000915527344,28.684999465942383,28.725000381469727,33400.0
2014-05-05,21.34176254272461,28.78499984741211,28.78499984741211,28.735000610351562,28.774999618530273,78600.0
2014-05-06,21.349172592163086,28.795000076293945,28.795000076293945,28.770000457763672,28.78499984741211,23800.0
2014-05-07,21.37512969970703,28.829999923706055,28.834999084472656,28.780000686645508,28.799999237060547,128600.0
2014-05-08,21.367712020874023,28.81999969482422,28.850000381469727,28.799999237060547,28.81999969482422,39400.0
2014-05-09,21.371423721313477,28.825000762939453,28.825000762939453,28.795000076293945,28.80500030517578,65200.0
2014-05-12,21.352890014648438,28.799999237060547,28.815000534057617,28.764999389648438,28.764999389648438,208600.0
2014-05-13,21.382543563842773,28.84000015258789,28.84000015258789,28.815000534057617,28.825000762939453,70000.0
2014-05-14,21.43073844909668,28.905000686645508,28.920000076293945,28.850000381469727,28.864999771118164,63200.0
2014-05-15,21.47893524169922,28.969999313354492,29.0049991607666,28.950000762939453,28.954999923706055,27000.0
2014-05-16,21.4752140045166,28.96500015258789,28.975000381469727,28.950000762939453,28.950000762939453,15200.0
2014-05-19,21.427032470703125,28.899999618530273,28.979999542236328,28.899999618530273,28.979999542236328,194200.0
2014-05-20,21.445558547973633,28.924999237060547,28.954999923706055,28.895000457763672,28.895000457763672,50200.0
2014-05-21,21.44186782836914,28.920000076293945,28.950000762939453,28.905000686645508,28.950000762939453,14600.0
2014-05-22,21.438152313232422,28.915000915527344,28.940000534057617,28.895000457763672,28.940000534057617,34400.0
2014-05-23,21.46410369873047,28.950000762939453,28.950000762939453,28.915000915527344,28.924999237060547,18400.0
2014-05-27,21.467803955078125,28.954999923706055,28.954999923706055,28.90999984741211,28.950000762939453,620800.0
2014-05-28,21.523406982421875,29.030000686645508,29.045000076293945,28.989999771118164,28.9950008392334,65600.0
2014-05-29,21.527111053466797,29.03499984741211,29.094999313354492,29.014999389648438,29.014999389648438,29400.0
2014-05-30,21.527111053466797,29.03499984741211,29.040000915527344,29.0,29.0,41600.0
2014-06-02,21.490707397460938,28.924999237060547,28.954999923706055,28.90999984741211,28.954999923706055,29800.0
2014-06-03,21.412704467773438,28.81999969482422,28.875,28.81999969482422,28.875,130200.0
2014-06-04,21.40155601501465,28.80500030517578,28.80500030517578,28.760000228881836,28.799999237060547,68000.0
2014-06-05,21.41641616821289,28.825000762939453,28.834999084472656,28.795000076293945,28.795000076293945,75800.0
2014-06-06,21.41641616821289,28.825000762939453,28.875,28.815000534057617,28.854999542236328,197600.0
2014-06-09,21.39412498474121,28.795000076293945,28.809999465942383,28.780000686645508,28.780000686645508,48000.0
2014-06-10,21.42384910583496,28.834999084472656,28.84000015258789,28.764999389648438,28.770000457763672,558200.0
2014-06-11,21.41641616821289,28.825000762939453,28.834999084472656,28.795000076293945,28.825000762939453,49000.0
2014-06-12,21.405271530151367,28.809999465942383,28.829999923706055,28.795000076293945,28.799999237060547,173200.0
2014-06-13,21.412704467773438,28.81999969482422,28.829999923706055,28.795000076293945,28.795000076293945,39600.0
2014-06-16,21.408977508544922,28.815000534057617,28.834999084472656,28.80500030517578,28.825000762939453,86600.0
2014-06-17,21.38669204711914,28.78499984741211,28.81999969482422,28.774999618530273,28.81999969482422,135200.0
2014-06-18,21.41641616821289,28.825000762939453,28.834999084472656,28.770000457763672,28.795000076293945,18800.0
2014-06-19,21.41641616821289,28.825000762939453,28.8700008392334,28.780000686645508,28.8700008392334,44800.0
2014-06-20,21.431270599365234,28.844999313354492,28.854999542236328,28.815000534057617,28.81999969482422,28400.0
2014-06-23,21.42384910583496,28.834999084472656,28.875,28.834999084472656,28.8700008392334,43000.0
2014-06-24,21.46099090576172,28.885000228881836,28.889999389648438,28.844999313354492,28.885000228881836,36200.0
2014-06-25,21.47585105895996,28.905000686645508,28.93000030517578,28.895000457763672,28.93000030517578,21800.0
2014-06-26,21.51671028137207,28.959999084472656,28.96500015258789,28.940000534057617,28.94499969482422,36000.0
2014-06-27,21.509281158447266,28.950000762939453,28.9950008392334,28.950000762939453,28.9950008392334,35600.0
2014-06-30,21.531566619873047,28.979999542236328,28.9950008392334,28.94499969482422,28.94499969482422,341200.0
2014-07-01,21.511110305786133,28.895000457763672,28.90999984741211,28.8700008392334,28.899999618530273,295800.0
2014-07-02,21.44038200378418,28.799999237060547,28.834999084472656,28.780000686645508,28.825000762939453,36000.0
2014-07-03,21.41060447692871,28.760000228881836,28.774999618530273,28.725000381469727,28.770000457763672,30200.0
2014-07-07,21.429214477539062,28.78499984741211,28.799999237060547,28.780000686645508,28.780000686645508,27600.0
2014-07-08,21.496212005615234,28.875,28.885000228881836,28.815000534057617,28.815000534057617,39800.0
2014-07-09,21.45526695251465,28.81999969482422,28.860000610351562,28.34000015258789,28.829999923706055,233200.0
2014-07-10,21.496212005615234,28.875,28.889999389648438,28.84000015258789,28.889999389648438,137400.0
2014-07-11,21.525989532470703,28.915000915527344,28.924999237060547,28.905000686645508,28.905000686645508,18400.0
2014-07-14,21.49993324279785,28.8799991607666,28.895000457763672,28.854999542236328,28.895000457763672,15800.0
2014-07-15,21.4738826751709,28.844999313354492,28.885000228881836,28.81999969482422,28.860000610351562,57800.0
2014-07-16,21.48877716064453,28.864999771118164,28.8700008392334,28.84000015258789,28.84000015258789,49000.0
2014-07-17,21.552047729492188,28.950000762939453,28.950000762939453,28.899999618530273,28.899999618530273,26800.0
2014-07-18,21.537160873413086,28.93000030517578,28.934999465942383,28.899999618530273,28.934999465942383,40600.0
2014-07-21,21.525989532470703,28.915000915527344,28.979999542236328,28.90999984741211,28.94499969482422,71400.0
2014-07-22,21.54087257385254,28.934999465942383,28.954999923706055,28.905000686645508,28.915000915527344,29800.0
2014-07-23,21.525989532470703,28.915000915527344,28.985000610351562,28.90999984741211,28.924999237060547,84400.0
2014-07-24,21.485044479370117,28.860000610351562,28.915000915527344,28.854999542236328,28.90999984741211,28600.0
2014-07-25,21.52227020263672,28.90999984741211,28.920000076293945,28.889999389648438,28.895000457763672,33400.0
2014-07-28,21.511110305786133,28.895000457763672,28.950000762939453,28.885000228881836,28.950000762939453,16800.0
2014-07-29,21.54831886291504,28.94499969482422,28.954999923706055,28.915000915527344,28.920000076293945,14600.0
2014-07-30,21.451549530029297,28.815000534057617,28.895000457763672,28.795000076293945,28.895000457763672,32000.0
2014-07-31,21.429214477539062,28.78499984741211,28.815000534057617,28.75,28.75,69800.0
2014-08-01,21.517242431640625,28.844999313354492,28.844999313354492,28.7450008392334,28.760000228881836,70200.0
2014-08-04,21.483667373657227,28.799999237060547,28.854999542236328,28.799999237060547,28.81999969482422,82200.0
2014-08-05,21.479944229125977,28.795000076293945,28.844999313354492,28.78499984741211,28.815000534057617,170800.0
2014-08-06,21.506044387817383,28.829999923706055,28.850000381469727,28.81999969482422,28.84000015258789,53800.0
2014-08-07,21.550798416137695,28.889999389648438,28.889999389648438,28.84000015258789,28.854999542236328,18800.0
2014-08-08,21.54334259033203,28.8799991607666,28.924999237060547,28.860000610351562,28.920000076293945,40400.0
2014-08-11,21.550798416137695,28.889999389648438,28.90999984741211,28.875,28.889999389648438,35600.0
2014-08-12,21.528425216674805,28.860000610351562,28.895000457763672,28.844999313354492,28.885000228881836,128200.0
2014-08-13,21.576913833618164,28.924999237060547,28.924999237060547,28.875,28.8799991607666,55800.0
2014-08-14,21.59182357788086,28.94499969482422,28.969999313354492,28.93000030517578,28.96500015258789,144600.0
2014-08-15,21.64777374267578,29.020000457763672,29.040000915527344,28.959999084472656,28.959999084472656,39800.0
2014-08-18,21.59182357788086,28.94499969482422,29.05500030517578,28.94499969482422,29.05500030517578,85400.0
2014-08-19,21.580644607543945,28.93000030517578,29.010000228881836,28.924999237060547,29.010000228881836,55800.0
2014-08-20,21.558269500732422,28.899999618530273,28.94499969482422,28.8799991607666,28.94499969482422,23400.0
2014-08-21,21.588104248046875,28.940000534057617,28.959999084472656,28.920000076293945,28.93000030517578,86600.0
2014-08-22,21.588104248046875,28.940000534057617,28.96500015258789,28.915000915527344,28.954999923706055,28000.0
2014-08-25,21.60301399230957,28.959999084472656,28.96500015258789,28.940000534057617,28.96500015258789,394000.0
2014-08-26,21.610485076904297,28.969999313354492,28.9950008392334,28.950000762939453,28.985000610351562,23600.0
2014-08-27,21.632858276367188,29.0,29.010000228881836,28.969999313354492,29.0049991607666,49800.0
2014-08-28,21.658967971801758,29.03499984741211,29.05500030517578,29.024999618530273,29.040000915527344,22400.0
2014-08-29,21.673885345458984,29.05500030517578,29.075000762939453,29.03499984741211,29.040000915527344,39200.0
2014-09-02,21.59914207458496,28.895000457763672,29.010000228881836,28.889999389648438,28.924999237060547,51400.0
2014-09-03,21.640249252319336,28.950000762939453,28.950000762939453,28.8700008392334,28.8700008392334,45600.0
2014-09-04,21.62529182434082,28.93000030517578,29.0,28.8700008392334,29.0,107400.0
2014-09-05,21.614086151123047,28.915000915527344,28.959999084472656,28.905000686645508,28.959999084472656,9000.0
2014-09-08,21.595394134521484,28.889999389648438,28.959999084472656,28.875,28.915000915527344,104800.0
2014-09-09,21.576705932617188,28.864999771118164,28.864999771118164,28.825000762939453,28.825000762939453,34200.0
2014-09-10,21.550556182861328,28.829999923706055,28.844999313354492,28.80500030517578,28.80500030517578,502000.0
2014-09-11,21.54681396484375,28.825000762939453,28.844999313354492,28.81999969482422,28.844999313354492,62000.0
2014-09-12,21.472061157226562,28.725000381469727,28.764999389648438,28.700000762939453,28.75,142000.0
2014-09-15,21.468318939208984,28.719999313354492,28.75,28.71500015258789,28.725000381469727,113600.0
2014-09-16,21.475807189941406,28.729999542236328,28.799999237060547,28.71500015258789,28.799999237060547,46200.0
2014-09-17,21.453369140625,28.700000762939453,28.770000457763672,28.700000762939453,28.739999771118164,19000.0
2014-09-18,21.483272552490234,28.739999771118164,28.739999771118164,28.69499969482422,28.725000381469727,82800.0
2014-09-19,21.516908645629883,28.78499984741211,28.78499984741211,28.704999923706055,28.725000381469727,54000.0
2014-09-22,21.528121948242188,28.799999237060547,28.81999969482422,28.790000915527344,28.790000915527344,9200.0
2014-09-23,21.56549072265625,28.850000381469727,28.850000381469727,28.770000457763672,28.815000534057617,63200.0
2014-09-24,21.53933334350586,28.815000534057617,28.854999542236328,28.799999237060547,28.829999923706055,59400.0
2014-09-25,21.580446243286133,28.8700008392334,28.8700008392334,28.829999923706055,28.829999923706055,39200.0
2014-09-26,21.55428123474121,28.834999084472656,28.844999313354492,28.815000534057617,28.844999313354492,86200.0
2014-09-29,21.58792495727539,28.8799991607666,28.889999389648438,28.860000610351562,28.885000228881836,15000.0
2014-09-30,21.56549072265625,28.850000381469727,28.899999618530273,28.850000381469727,28.889999389648438,31400.0
2014-10-01,21.655771255493164,28.90999984741211,28.90999984741211,28.825000762939453,28.825000762939453,139400.0
2014-10-02,21.64827537536621,28.899999618530273,28.975000381469727,28.885000228881836,28.975000381469727,50400.0
2014-10-03,21.6332950592041,28.8799991607666,28.899999618530273,28.8700008392334,28.885000228881836,66400.0
2014-10-06,21.674488067626953,28.934999465942383,28.940000534057617,28.854999542236328,28.854999542236328,21600.0
2014-10-07,21.75314712524414,29.040000915527344,29.05500030517578,28.940000534057617,28.940000534057617,71000.0
2014-10-08,21.798095703125,29.100000381469727,29.104999542236328,29.0049991607666,29.049999237060547,117600.0
2014-10-09,21.75314712524414,29.040000915527344,29.084999084472656,29.024999618530273,29.075000762939453,269400.0
2014-10-10,21.79059410095215,29.09000015258789,29.09000015258789,29.045000076293945,29.075000762939453,39600.0
2014-10-13,21.843036651611328,29.15999984741211,29.15999984741211,29.104999542236328,29.104999542236328,52600.0
2014-10-14,21.86176872253418,29.184999465942383,29.184999465942383,29.079999923706055,29.165000915527344,41800.0
2014-10-15,21.914196014404297,29.2549991607666,29.579999923706055,29.229999542236328,29.405000686645508,183400.0
2014-10-16,21.906705856323242,29.2450008392334,29.360000610351562,29.219999313354492,29.360000610351562,152200.0
2014-10-17,21.854267120361328,29.174999237060547,29.225000381469727,29.15999984741211,29.225000381469727,323200.0
2014-10-20,21.884235382080078,29.21500015258789,29.25,29.190000534057617,29.25,25600.0
2014-10-21,21.850522994995117,29.170000076293945,29.209999084472656,29.155000686645508,29.15999984741211,27000.0
2014-10-22,21.84678077697754,29.165000915527344,29.19499969482422,29.149999618530273,29.19499969482422,24200.0
2014-10-23,21.794336318969727,29.094999313354492,29.125,29.06999969482422,29.125,22800.0
2014-10-24,21.801837921142578,29.104999542236328,29.139999389648438,29.084999084472656,29.104999542236328,36400.0
2014-10-27,21.805593490600586,29.110000610351562,29.145000457763672,29.104999542236328,29.104999542236328,310200.0
2014-10-28,21.79059410095215,29.09000015258789,29.1200008392334,29.09000015258789,29.114999771118164,25600.0
2014-10-29,21.74190902709961,29.024999618530273,29.100000381469727,29.0,29.100000381469727,106800.0
2014-10-30,21.75688362121582,29.045000076293945,29.075000762939453,29.045000076293945,29.059999465942383,25000.0
2014-10-31,21.75314712524414,29.040000915527344,29.040000915527344,29.010000228881836,29.020000457763672,44800.0
2014-11-03,21.730998992919922,28.950000762939453,28.975000381469727,28.905000686645508,28.950000762939453,41200.0
2014-11-04,21.74226188659668,28.96500015258789,29.0,28.950000762939453,28.959999084472656,65800.0
2014-11-05,21.768539428710938,29.0,29.0,28.93000030517578,28.954999923706055,254600.0
2014-11-06,21.72724723815918,28.94499969482422,28.96500015258789,28.934999465942383,28.934999465942383,111600.0
2014-11-07,21.806058883666992,29.049999237060547,29.049999237060547,28.950000762939453,28.969999313354492,82600.0
2014-11-10,21.74226188659668,28.96500015258789,29.049999237060547,28.96500015258789,29.049999237060547,103000.0
2014-11-11,21.71973991394043,28.934999465942383,28.969999313354492,28.905000686645508,28.920000076293945,322000.0
2014-11-12,21.72724723815918,28.94499969482422,29.0,28.93000030517578,28.93000030517578,141000.0
2014-11-13,21.74226188659668,28.96500015258789,28.979999542236328,28.934999465942383,28.959999084472656,45600.0
2014-11-14,21.78354263305664,29.020000457763672,29.020000457763672,28.950000762939453,28.979999542236328,26600.0
2014-11-17,21.768539428710938,29.0,29.049999237060547,28.9950008392334,29.049999237060547,144000.0
2014-11-18,21.78354263305664,29.020000457763672,29.03499984741211,29.0049991607666,29.010000228881836,51200.0
2014-11-19,21.715978622436523,28.93000030517578,28.9950008392334,28.93000030517578,28.989999771118164,69400.0
2014-11-20,21.78354263305664,29.020000457763672,29.024999618530273,28.975000381469727,28.9950008392334,40000.0
2014-11-21,21.806058883666992,29.049999237060547,29.059999465942383,28.985000610351562,28.985000610351562,30600.0
2014-11-24,21.828596115112305,29.079999923706055,29.100000381469727,29.045000076293945,29.05500030517578,722200.0
2014-11-25,21.858610153198242,29.1200008392334,29.139999389648438,29.09000015258789,29.09000015258789,38600.0
2014-11-26,21.8998966217041,29.174999237060547,29.184999465942383,29.145000457763672,29.18000030517578,29800.0
2014-11-28,21.91490936279297,29.19499969482422,29.209999084472656,29.165000915527344,29.18000030517578,21400.0
2014-12-01,21.8915958404541,29.104999542236328,29.18000030517578,29.100000381469727,29.174999237060547,47400.0
2014-12-02,21.86150360107422,29.065000534057617,29.100000381469727,29.045000076293945,29.100000381469727,44400.0
2014-12-03,21.846466064453125,29.045000076293945,29.059999465942383,29.010000228881836,29.010000228881836,32000.0
2014-12-04,21.884065628051758,29.094999313354492,29.114999771118164,29.014999389648438,29.05500030517578,43600.0
2014-12-05,21.790048599243164,28.969999313354492,29.040000915527344,28.969999313354492,29.040000915527344,77200.0
2014-12-08,21.88783073425293,29.100000381469727,29.104999542236328,29.0,29.0,92400.0
2014-12-09,21.838945388793945,29.03499984741211,29.165000915527344,28.3799991607666,29.149999618530273,431400.0
2014-12-10,21.895357131958008,29.110000610351562,29.114999771118164,29.049999237060547,29.05500030517578,24200.0
2014-12-11,21.87279510498047,29.079999923706055,29.084999084472656,29.045000076293945,29.049999237060547,24000.0
2014-12-12,21.95176887512207,29.184999465942383,29.190000534057617,29.059999465942383,29.059999465942383,31000.0
2014-12-15,21.895357131958008,29.110000610351562,29.155000686645508,29.09000015258789,29.135000228881836,95800.0
2014-12-16,21.947994232177734,29.18000030517578,29.190000534057617,29.110000610351562,29.190000534057617,57000.0
2014-12-17,21.932960510253906,29.15999984741211,29.200000762939453,29.100000381469727,29.139999389648438,455400.0
2014-12-18,21.865266799926758,29.06999969482422,29.110000610351562,29.059999465942383,29.065000534057617,68800.0
2014-12-19,21.906639099121094,29.125,29.15999984741211,29.114999771118164,29.125,25600.0
2014-12-22,21.966806411743164,29.204999923706055,29.209999084472656,29.1299991607666,29.1299991607666,165600.0
2014-12-23,21.869028091430664,29.075000762939453,29.170000076293945,29.065000534057617,29.145000457763672,147200.0
2014-12-24,21.880311965942383,29.09000015258789,29.09000015258789,29.014999389648438,29.075000762939453,42600.0
2014-12-26,21.884065628051758,29.094999313354492,29.135000228881836,29.079999923706055,29.079999923706055,48200.0
2014-12-29,21.92890739440918,29.094999313354492,29.1299991607666,29.05500030517578,29.05500030517578,36000.0
2014-12-30,21.951528549194336,29.125,29.184999465942383,29.125,29.184999465942383,53800.0
2014-12-31,21.9779052734375,29.15999984741211,29.260000228881836,29.155000686645508,29.18000030517578,96200.0
2015-01-02,22.041973114013672,29.2450008392334,29.264999389648438,29.190000534057617,29.190000534057617,137400.0
2015-01-05,22.10603141784668,29.329999923706055,29.344999313354492,29.2450008392334,29.2450008392334,26800.0
2015-01-06,22.14748191833496,29.385000228881836,29.4950008392334,29.354999542236328,29.415000915527344,164000.0
2015-01-07,22.151260375976562,29.389999389648438,29.459999084472656,29.34000015258789,29.360000610351562,254600.0
2015-01-08,22.109798431396484,29.334999084472656,29.389999389648438,29.31999969482422,29.385000228881836,71600.0
2015-01-09,22.162561416625977,29.405000686645508,29.454999923706055,29.34000015258789,29.34000015258789,69600.0
2015-01-12,22.25299835205078,29.524999618530273,29.55500030517578,29.44499969482422,29.469999313354492,1384000.0
2015-01-13,22.25299835205078,29.524999618530273,29.584999084472656,29.450000762939453,29.5,439600.0
2015-01-14,22.27184295654297,29.549999237060547,29.645000457763672,29.530000686645508,29.6200008392334,501000.0
2015-01-15,22.347217559814453,29.649999618530273,29.65999984741211,29.549999237060547,29.549999237060547,105000.0
2015-01-16,22.27561378479004,29.55500030517578,29.594999313354492,29.514999389648438,29.56999969482422,148600.0
2015-01-20,22.305767059326172,29.594999313354492,29.614999771118164,29.559999465942383,29.600000381469727,152800.0
2015-01-21,22.241703033447266,29.510000228881836,29.600000381469727,29.485000610351562,29.600000381469727,105000.0
2015-01-22,22.222858428955078,29.485000610351562,29.510000228881836,29.46500015258789,29.5,63000.0
2015-01-23,22.2982234954834,29.584999084472656,29.594999313354492,29.53499984741211,29.559999465942383,100400.0
2015-01-26,22.28316307067871,29.565000534057617,29.594999313354492,29.530000686645508,29.565000534057617,704800.0
2015-01-27,22.2982234954834,29.584999084472656,29.670000076293945,29.565000534057617,29.625,452600.0
2015-01-28,22.373607635498047,29.684999465942383,29.725000381469727,29.584999084472656,29.584999084472656,67200.0
2015-01-29,22.328372955322266,29.625,29.655000686645508,29.594999313354492,29.655000686645508,103200.0
2015-01-30,22.430131912231445,29.760000228881836,29.78499984741211,29.700000762939453,29.725000381469727,268000.0
2015-02-02,22.42597007751465,29.69499969482422,29.7450008392334,29.645000457763672,29.7450008392334,70600.0
2015-02-03,22.33534049987793,29.575000762939453,29.68000030517578,29.575000762939453,29.68000030517578,75200.0
2015-02-04,22.36555290222168,29.614999771118164,29.639999389648438,29.514999389648438,29.559999465942383,133800.0
2015-02-05,22.320236206054688,29.55500030517578,29.579999923706055,29.520000457763672,29.520000457763672,174200.0
2015-02-06,22.188085556030273,29.3799991607666,29.514999389648438,29.3799991607666,29.469999313354492,258200.0
2015-02-09,22.19185447692871,29.385000228881836,29.440000534057617,29.364999771118164,29.405000686645508,112200.0
2015-02-10,22.18052864074707,29.3700008392334,29.395000457763672,29.325000762939453,29.3700008392334,253400.0
2015-02-11,22.172983169555664,29.360000610351562,29.405000686645508,29.325000762939453,29.3799991607666,60400.0
2015-02-12,22.157875061035156,29.34000015258789,29.395000457763672,29.34000015258789,29.3700008392334,105800.0
2015-02-13,22.120113372802734,29.290000915527344,29.3799991607666,29.280000686645508,29.3799991607666,104800.0
2015-02-17,22.04081916809082,29.184999465942383,29.30500030517578,29.174999237060547,29.295000076293945,197000.0
2015-02-18,22.123886108398438,29.295000076293945,29.329999923706055,29.19499969482422,29.200000762939453,108200.0
2015-02-19,22.09368324279785,29.2549991607666,29.315000534057617,29.235000610351562,29.290000915527344,66000.0
2015-02-20,22.08612632751465,29.2450008392334,29.329999923706055,29.225000381469727,29.264999389648438,80600.0
2015-02-23,22.138992309570312,29.315000534057617,29.329999923706055,29.260000228881836,29.260000228881836,174200.0
2015-02-24,22.2296085357666,29.434999465942383,29.450000762939453,29.274999618530273,29.315000534057617,87600.0
2015-02-25,22.2333927154541,29.440000534057617,29.469999313354492,29.385000228881836,29.385000228881836,140800.0
2015-02-26,22.165424346923828,29.350000381469727,29.44499969482422,29.350000381469727,29.420000076293945,66600.0
2015-02-27,22.206958770751953,29.405000686645508,29.43000030517578,29.350000381469727,29.364999771118164,70600.0
2015-03-02,22.09344482421875,29.19499969482422,29.3700008392334,29.19499969482422,29.3700008392334,1181200.0
2015-03-03,22.066959381103516,29.15999984741211,29.239999771118164,29.15999984741211,29.229999542236328,95000.0
2015-03-04,22.070735931396484,29.165000915527344,29.225000381469727,29.155000686645508,29.225000381469727,46200.0
2015-03-05,22.10858917236328,29.21500015258789,29.219999313354492,29.135000228881836,29.135000228881836,80800.0
2015-03-06,21.998857498168945,29.06999969482422,29.104999542236328,29.020000457763672,29.104999542236328,176000.0
2015-03-09,22.04047966003418,29.125,29.155000686645508,29.104999542236328,29.1200008392334,88000.0
2015-03-10,22.06317710876465,29.155000686645508,29.184999465942383,29.1200008392334,29.135000228881836,939400.0
2015-03-11,22.074527740478516,29.170000076293945,29.209999084472656,29.139999389648438,29.190000534057617,99000.0
2015-03-12,22.089664459228516,29.190000534057617,29.229999542236328,29.18000030517578,29.219999313354492,117800.0
2015-03-13,22.055612564086914,29.145000457763672,29.21500015258789,29.145000457763672,29.190000534057617,63800.0
2015-03-16,22.11992645263672,29.229999542236328,29.25,29.200000762939453,29.239999771118164,60800.0
2015-03-17,22.13506317138672,29.25,29.270000457763672,29.225000381469727,29.2549991607666,83600.0
2015-03-18,22.278854370117188,29.440000534057617,29.44499969482422,29.225000381469727,29.28499984741211,106800.0
2015-03-19,22.18425941467285,29.315000534057617,29.389999389648438,29.30500030517578,29.344999313354492,149600.0
2015-03-20,22.278854370117188,29.440000534057617,29.440000534057617,29.389999389648438,29.399999618530273,75600.0
2015-03-23,22.27507209777832,29.434999465942383,29.450000762939453,29.420000076293945,29.44499969482422,71800.0
2015-03-24,22.35451889038086,29.540000915527344,29.540000915527344,29.454999923706055,29.485000610351562,177200.0
2015-03-25,22.30533790588379,29.475000381469727,29.565000534057617,29.454999923706055,29.565000534057617,95000.0
2015-03-26,22.222095489501953,29.364999771118164,29.420000076293945,29.350000381469727,29.385000228881836,65600.0
2015-03-27,22.27507209777832,29.434999465942383,29.440000534057617,29.375,29.375,95200.0
2015-03-30,22.278854370117188,29.440000534057617,29.454999923706055,29.43000030517578,29.450000762939453,56000.0
2015-03-31,22.30912208557129,29.479999542236328,29.5049991607666,29.43000030517578,29.450000762939453,82400.0
2015-04-01,22.370162963867188,29.5,29.545000076293945,29.479999542236328,29.485000610351562,335400.0
2015-04-02,22.3436336517334,29.46500015258789,29.540000915527344,29.46500015258789,29.540000915527344,64200.0
2015-04-06,22.366378784179688,29.4950008392334,29.575000762939453,29.454999923706055,29.575000762939453,92800.0
2015-04-07,22.358800888061523,29.485000610351562,29.5049991607666,29.43000030517578,29.454999923706055,275200.0
2015-04-08,22.336042404174805,29.454999923706055,29.4950008392334,29.420000076293945,29.489999771118164,219600.0
2015-04-09,22.294334411621094,29.399999618530273,29.46500015258789,29.3799991607666,29.450000762939453,63800.0
2015-04-10,22.29813003540039,29.405000686645508,29.424999237060547,29.395000457763672,29.424999237060547,228400.0
2015-04-13,22.313295364379883,29.424999237060547,29.440000534057617,29.399999618530273,29.420000076293945,28200.0
2015-04-14,22.3436336517334,29.46500015258789,29.549999237060547,29.46500015258789,29.549999237060547,42600.0
2015-04-15,22.35500144958496,29.479999542236328,29.520000457763672,29.459999084472656,29.5049991607666,179800.0
2015-04-16,22.3436336517334,29.46500015258789,29.514999389648438,29.420000076293945,29.5049991607666,59800.0
2015-04-17,22.366378784179688,29.4950008392334,29.530000686645508,29.415000915527344,29.454999923706055,44800.0
2015-04-20,22.36257553100586,29.489999771118164,29.514999389648438,29.440000534057617,29.514999389648438,91800.0
2015-04-21,22.332250595092773,29.450000762939453,29.475000381469727,29.424999237060547,29.475000381469727,192000.0
2015-04-22,22.252626419067383,29.344999313354492,29.454999923706055,29.34000015258789,29.454999923706055,75600.0
2015-04-23,22.29813003540039,29.405000686645508,29.424999237060547,29.350000381469727,29.3799991607666,61600.0
2015-04-24,22.339839935302734,29.459999084472656,29.475000381469727,29.43000030517578,29.440000534057617,55400.0
2015-04-27,22.328460693359375,29.44499969482422,29.479999542236328,29.43000030517578,29.469999313354492,56800.0
2015-04-28,22.267797470092773,29.364999771118164,29.440000534057617,29.364999771118164,29.43000030517578,162000.0
2015-04-29,22.207130432128906,29.28499984741211,29.315000534057617,29.260000228881836,29.299999237060547,53000.0
2015-04-30,22.233661651611328,29.31999969482422,29.31999969482422,29.204999923706055,29.2549991607666,121200.0
2015-05-01,22.14287567138672,29.139999389648438,29.200000762939453,29.114999771118164,29.200000762939453,42400.0
2015-05-04,22.116260528564453,29.104999542236328,29.209999084472656,29.104999542236328,29.184999465942383,68600.0
2015-05-05,22.089683532714844,29.06999969482422,29.139999389648438,29.024999618530273,29.139999389648438,111600.0
2015-05-06,22.047882080078125,29.014999389648438,29.065000534057617,28.969999313354492,29.065000534057617,217400.0
2015-05-07,22.093477249145508,29.075000762939453,29.084999084472656,29.020000457763672,29.045000076293945,37400.0
2015-05-08,22.131471633911133,29.125,29.174999237060547,29.110000610351562,29.165000915527344,55800.0
2015-05-11,21.990894317626953,28.940000534057617,29.075000762939453,28.934999465942383,29.075000762939453,95600.0
2015-05-12,21.964292526245117,28.905000686645508,28.954999923706055,28.864999771118164,28.895000457763672,636000.0
2015-05-13,21.971895217895508,28.915000915527344,28.979999542236328,28.895000457763672,28.979999542236328,106800.0
2015-05-14,22.00229263305664,28.954999923706055,28.979999542236328,28.915000915527344,28.915000915527344,106200.0
2015-05-15,22.104867935180664,29.09000015258789,29.104999542236328,29.010000228881836,29.03499984741211,112400.0
2015-05-18,22.017486572265625,28.975000381469727,29.024999618530273,28.969999313354492,29.024999618530273,88200.0
2015-05-19,21.960493087768555,28.899999618530273,28.975000381469727,28.8799991607666,28.895000457763672,75400.0
2015-05-20,22.040281295776367,29.0049991607666,29.06999969482422,28.920000076293945,28.920000076293945,1135200.0
2015-05-21,22.089683532714844,29.06999969482422,29.09000015258789,29.010000228881836,29.03499984741211,148600.0
2015-05-22,22.05547523498535,29.024999618530273,29.05500030517578,28.979999542236328,29.045000076293945,178400.0
2015-05-26,22.116260528564453,29.104999542236328,29.110000610351562,29.014999389648438,29.020000457763672,69200.0
2015-05-27,22.123870849609375,29.114999771118164,29.1299991607666,29.010000228881836,29.1299991607666,102000.0
2015-05-28,22.10867691040039,29.094999313354492,29.1200008392334,29.075000762939453,29.075000762939453,27800.0
2015-05-29,22.10867691040039,29.094999313354492,29.145000457763672,29.084999084472656,29.145000457763672,41600.0
2015-06-01,22.063745498657227,28.975000381469727,29.059999465942383,28.934999465942383,29.059999465942383,196600.0
2015-06-02,21.983795166015625,28.8700008392334,28.8799991607666,28.84000015258789,28.8799991607666,30400.0
2015-06-03,21.892412185668945,28.75,28.78499984741211,28.719999313354492,28.774999618530273,62600.0
2015-06-04,21.9609432220459,28.84000015258789,28.854999542236328,28.770000457763672,28.770000457763672,45800.0
2015-06-05,21.842920303344727,28.684999465942383,28.764999389648438,28.674999237060547,28.690000534057617,68200.0
2015-06-08,21.858156204223633,28.704999923706055,28.735000610351562,28.69499969482422,28.735000610351562,213400.0
2015-06-09,21.7591495513916,28.575000762939453,28.735000610351562,28.545000076293945,28.735000610351562,778400.0
2015-06-10,21.732498168945312,28.540000915527344,28.584999084472656,28.5049991607666,28.575000762939453,112000.0
2015-06-11,21.83529281616211,28.674999237060547,28.684999465942383,28.56999969482422,28.604999542236328,57800.0
2015-06-12,21.83529281616211,28.674999237060547,28.770000457763672,28.6299991607666,28.6299991607666,45400.0
2015-06-15,21.85433578491211,28.700000762939453,28.774999618530273,28.690000534057617,28.774999618530273,59800.0
2015-06-16,21.888612747192383,28.7450008392334,28.770000457763672,28.709999084472656,28.75,48600.0
2015-06-17,21.9000244140625,28.760000228881836,28.774999618530273,28.639999389648438,28.71500015258789,96200.0
2015-06-18,21.9000244140625,28.760000228881836,28.760000228881836,28.690000534057617,28.729999542236328,108800.0
2015-06-19,21.949527740478516,28.825000762939453,28.844999313354492,28.770000457763672,28.770000457763672,75200.0
2015-06-22,21.850536346435547,28.69499969482422,28.760000228881836,28.690000534057617,28.760000228881836,27200.0
2015-06-23,21.812458038330078,28.645000457763672,28.704999923706055,28.639999389648438,28.645000457763672,72600.0
2015-06-24,21.858156204223633,28.704999923706055,28.719999313354492,28.639999389648438,28.670000076293945,50200.0
2015-06-25,21.827688217163086,28.665000915527344,28.719999313354492,28.614999771118164,28.684999465942383,282600.0
2015-06-26,21.755340576171875,28.56999969482422,28.6200008392334,28.549999237060547,28.584999084472656,60400.0
2015-06-29,21.888612747192383,28.7450008392334,28.780000686645508,28.639999389648438,28.700000762939453,49600.0
2015-06-30,21.85433578491211,28.700000762939453,28.790000915527344,28.674999237060547,28.674999237060547,82400.0
2015-07-01,21.809703826904297,28.579999923706055,28.625,28.545000076293945,28.594999313354492,263600.0
2015-07-02,21.86693572998047,28.655000686645508,28.674999237060547,28.625,28.625,35800.0
2015-07-06,21.939416885375977,28.75,28.80500030517578,28.709999084472656,28.774999618530273,66000.0
2015-07-07,21.954694747924805,28.770000457763672,28.90999984741211,28.760000228881836,28.90999984741211,91400.0
2015-07-08,22.038631439208984,28.8799991607666,28.889999389648438,28.815000534057617,28.854999542236328,134600.0
2015-07-09,21.927980422973633,28.735000610351562,28.809999465942383,28.735000610351562,28.790000915527344,57400.0
2015-07-10,21.836410522460938,28.614999771118164,28.665000915527344,28.575000762939453,28.665000915527344,339200.0
2015-07-13,21.80588150024414,28.575000762939453,28.594999313354492,28.530000686645508,28.530000686645508,38800.0
2015-07-14,21.863113403320312,28.649999618530273,28.649999618530273,28.610000610351562,28.649999618530273,281200.0
2015-07-15,21.893640518188477,28.690000534057617,28.71500015258789,28.6299991607666,28.639999389648438,45000.0
2015-07-16,21.92416000366211,28.729999542236328,28.729999542236328,28.639999389648438,28.639999389648438,63400.0
2015-07-17,21.931781768798828,28.739999771118164,28.7549991607666,28.709999084472656,28.719999313354492,45400.0
2015-07-20,21.90890121459961,28.709999084472656,28.729999542236328,28.68000030517578,28.729999542236328,60400.0
2015-07-21,21.92033576965332,28.725000381469727,28.75,28.665000915527344,28.665000915527344,123800.0
2015-07-22,21.939416885375977,28.75,28.780000686645508,28.739999771118164,28.7450008392334,99600.0
2015-07-23,21.97757911682129,28.799999237060547,28.815000534057617,28.71500015258789,28.7450008392334,172800.0
2015-07-24,21.9890193939209,28.815000534057617,28.834999084472656,28.795000076293945,28.815000534057617,52200.0
2015-07-27,22.019550323486328,28.854999542236328,28.864999771118164,28.829999923706055,28.860000610351562,44000.0
2015-07-28,21.981401443481445,28.80500030517578,28.84000015258789,28.799999237060547,28.799999237060547,54800.0
2015-07-29,21.969953536987305,28.790000915527344,28.829999923706055,28.764999389648438,28.795000076293945,37400.0
2015-07-30,21.996665954589844,28.825000762939453,28.834999084472656,28.780000686645508,28.780000686645508,41000.0
2015-07-31,22.06915855407715,28.920000076293945,28.924999237060547,28.885000228881836,28.924999237060547,24400.0
2015-08-03,22.09438705444336,28.889999389648438,28.924999237060547,28.860000610351562,28.864999771118164,145600.0
2015-08-04,22.040861129760742,28.81999969482422,28.899999618530273,28.80500030517578,28.860000610351562,55000.0
2015-08-05,21.998794555664062,28.764999389648438,28.780000686645508,28.729999542236328,28.780000686645508,140000.0
2015-08-06,22.017913818359375,28.790000915527344,28.809999465942383,28.75,28.75,29600.0
2015-08-07,22.06379508972168,28.850000381469727,28.8799991607666,28.80500030517578,28.80500030517578,158600.0
2015-08-10,22.017913818359375,28.790000915527344,28.834999084472656,28.729999542236328,28.829999923706055,1083600.0
2015-08-11,22.09438705444336,28.889999389648438,28.920000076293945,28.844999313354492,28.885000228881836,649600.0
2015-08-12,22.075273513793945,28.864999771118164,28.969999313354492,28.860000610351562,28.90999984741211,148400.0
2015-08-13,22.02939224243164,28.80500030517578,28.860000610351562,28.790000915527344,28.84000015258789,117200.0
2015-08-14,21.998794555664062,28.764999389648438,28.81999969482422,28.75,28.7549991607666,123200.0
2015-08-17,22.037031173706055,28.815000534057617,28.854999542236328,28.815000534057617,28.834999084472656,467000.0
2015-08-18,22.002622604370117,28.770000457763672,28.81999969482422,28.764999389648438,28.81999969482422,49600.0
2015-08-19,22.082916259765625,28.875,28.895000457763672,28.75,28.760000228881836,62400.0
2015-08-20,22.09821128845215,28.895000457763672,28.90999984741211,28.875,28.8799991607666,23200.0
2015-08-21,22.13262176513672,28.940000534057617,28.959999084472656,28.895000457763672,28.920000076293945,95200.0
2015-08-24,22.14028549194336,28.950000762939453,29.100000381469727,28.885000228881836,29.079999923706055,113400.0
2015-08-25,22.059974670410156,28.844999313354492,28.895000457763672,28.790000915527344,28.895000457763672,118800.0
2015-08-26,21.975854873657227,28.735000610351562,28.81999969482422,28.71500015258789,28.7549991607666,115400.0
2015-08-27,22.01026153564453,28.780000686645508,28.81999969482422,28.690000534057617,28.7549991607666,173800.0
2015-08-28,22.017913818359375,28.790000915527344,28.864999771118164,28.770000457763672,28.829999923706055,35200.0
2015-08-31,21.968202590942383,28.725000381469727,28.895000457763672,28.725000381469727,28.799999237060547,63600.0
2015-09-01,22.040258407592773,28.7549991607666,28.770000457763672,28.709999084472656,28.735000610351562,59400.0
2015-09-02,22.021085739135742,28.729999542236328,28.760000228881836,28.690000534057617,28.719999313354492,114200.0
2015-09-03,22.040258407592773,28.7549991607666,28.780000686645508,28.729999542236328,28.729999542236328,119000.0
2015-09-04,22.09774398803711,28.829999923706055,28.844999313354492,28.80500030517578,28.80500030517578,94600.0
2015-09-08,22.040258407592773,28.7549991607666,28.780000686645508,28.729999542236328,28.764999389648438,35200.0
2015-09-09,22.055591583251953,28.774999618530273,28.795000076293945,28.690000534057617,28.690000534057617,137000.0
2015-09-10,21.99043083190918,28.690000534057617,28.780000686645508,28.684999465942383,28.780000686645508,1098400.0
2015-09-11,22.03641700744629,28.75,28.80500030517578,28.7450008392334,28.780000686645508,608200.0
2015-09-14,22.05175018310547,28.770000457763672,28.80500030517578,28.770000457763672,28.80500030517578,35600.0
2015-09-15,21.95594024658203,28.645000457763672,28.75,28.625,28.75,77800.0
2015-09-16,21.952112197875977,28.639999389648438,28.665000915527344,28.610000610351562,28.639999389648438,89400.0
2015-09-17,22.074739456176758,28.799999237060547,28.815000534057617,28.635000228881836,28.639999389648438,828800.0
2015-09-18,22.116891860961914,28.854999542236328,28.8700008392334,28.81999969482422,28.825000762939453,24400.0
2015-09-21,22.059419631958008,28.780000686645508,28.850000381469727,28.75,28.850000381469727,48400.0
2015-09-22,22.113059997558594,28.850000381469727,28.889999389648438,28.825000762939453,28.844999313354492,31400.0
2015-09-23,22.116891860961914,28.854999542236328,28.875,28.829999923706055,28.864999771118164,54800.0
2015-09-24,22.132230758666992,28.875,28.934999465942383,28.864999771118164,28.920000076293945,379600.0
2015-09-25,22.086246490478516,28.815000534057617,28.850000381469727,28.80500030517578,28.850000381469727,73600.0
2015-09-28,22.120737075805664,28.860000610351562,28.895000457763672,28.84000015258789,28.84000015258789,334000.0
2015-09-29,22.16288948059082,28.915000915527344,28.93000030517578,28.875,28.885000228881836,63800.0
2015-09-30,22.155221939086914,28.905000686645508,28.94499969482422,28.850000381469727,28.850000381469727,68000.0
2015-10-01,22.192087173461914,28.889999389648438,28.924999237060547,28.860000610351562,28.899999618530273,151400.0
2015-10-02,22.24970817565918,28.96500015258789,29.065000534057617,28.93000030517578,28.975000381469727,143400.0
2015-10-05,22.192087173461914,28.889999389648438,28.959999084472656,28.854999542236328,28.924999237060547,183400.0
2015-10-06,22.20745849609375,28.90999984741211,28.94499969482422,28.834999084472656,28.84000015258789,55800.0
2015-10-07,22.21898651123047,28.924999237060547,28.96500015258789,28.895000457763672,28.920000076293945,177200.0
2015-10-08,22.18056869506836,28.875,28.985000610351562,28.854999542236328,28.985000610351562,117600.0
2015-10-09,22.2112979888916,28.915000915527344,28.969999313354492,28.84000015258789,28.8700008392334,1504800.0
2015-10-12,22.24970817565918,28.96500015258789,28.985000610351562,28.940000534057617,28.975000381469727,88600.0
2015-10-13,22.245864868164062,28.959999084472656,28.975000381469727,28.934999465942383,28.969999313354492,73000.0
2015-10-14,22.341890335083008,29.084999084472656,29.09000015258789,28.9950008392334,28.9950008392334,78800.0
2015-10-15,22.299636840820312,29.030000686645508,29.084999084472656,29.0049991607666,29.084999084472656,81600.0
2015-10-16,22.280427932739258,29.0049991607666,29.045000076293945,29.0049991607666,29.024999618530273,53200.0
2015-10-19,22.288116455078125,29.014999389648438,29.03499984741211,28.975000381469727,29.0,54600.0
2015-10-20,22.257383346557617,28.975000381469727,28.975000381469727,28.934999465942383,28.954999923706055,32600.0
2015-10-21,22.31499481201172,29.049999237060547,29.059999465942383,28.975000381469727,28.975000381469727,75800.0
2015-10-22,22.31499481201172,29.049999237060547,29.079999923706055,29.024999618530273,29.024999618530273,49400.0
2015-10-23,22.268905639648438,28.989999771118164,29.014999389648438,28.979999542236328,28.985000610351562,59000.0
2015-10-26,22.30348014831543,29.03499984741211,29.045000076293945,29.014999389648438,29.024999618530273,108600.0
2015-10-27,22.311159133911133,29.045000076293945,29.084999084472656,29.045000076293945,29.084999084472656,91800.0
2015-10-28,22.261220932006836,28.979999542236328,29.065000534057617,28.975000381469727,29.065000534057617,1524400.0
2015-10-29,22.17289924621582,28.864999771118164,28.96500015258789,28.864999771118164,28.96500015258789,330000.0
2015-10-30,22.222810745239258,28.93000030517578,28.93000030517578,28.8799991607666,28.90999984741211,79800.0
2015-11-02,22.21704864501953,28.860000610351562,28.920000076293945,28.799999237060547,28.799999237060547,290600.0
2015-11-03,22.163164138793945,28.790000915527344,28.94499969482422,28.770000457763672,28.875,171000.0
2015-11-04,22.163164138793945,28.790000915527344,28.825000762939453,28.7450008392334,28.780000686645508,253600.0
2015-11-05,22.1439208984375,28.764999389648438,28.809999465942383,28.729999542236328,28.809999465942383,78800.0
2015-11-06,22.0361270904541,28.625,28.655000686645508,28.604999542236328,28.655000686645508,208400.0
2015-11-09,22.009191513061523,28.59000015258789,28.625,28.559999465942383,28.559999465942383,71400.0
2015-11-10,22.0284481048584,28.614999771118164,28.65999984741211,28.56999969482422,28.65999984741211,1286400.0
2015-11-11,22.01689338684082,28.600000381469727,28.614999771118164,28.565000534057617,28.565000534057617,59800.0
2015-11-12,22.0361270904541,28.625,28.649999618530273,28.600000381469727,28.649999618530273,56800.0
2015-11-13,22.059236526489258,28.655000686645508,28.674999237060547,28.610000610351562,28.610000610351562,102200.0
2015-11-16,22.047687530517578,28.639999389648438,28.700000762939453,28.639999389648438,28.670000076293945,67600.0
2015-11-17,22.070770263671875,28.670000076293945,28.700000762939453,28.600000381469727,28.635000228881836,87800.0
2015-11-18,22.070770263671875,28.670000076293945,28.674999237060547,28.635000228881836,28.635000228881836,57200.0
2015-11-19,22.09001922607422,28.69499969482422,28.719999313354492,28.684999465942383,28.700000762939453,51000.0
2015-11-20,22.063081741333008,28.65999984741211,28.709999084472656,28.645000457763672,28.700000762939453,218800.0
2015-11-23,22.074626922607422,28.674999237060547,28.690000534057617,28.6200008392334,28.674999237060547,58000.0
2015-11-24,22.078479766845703,28.68000030517578,28.700000762939453,28.655000686645508,28.69499969482422,81200.0
2015-11-25,22.086181640625,28.690000534057617,28.700000762939453,28.645000457763672,28.69499969482422,36800.0
2015-11-27,22.066932678222656,28.665000915527344,28.704999923706055,28.665000915527344,28.665000915527344,33400.0
2015-11-30,22.082326889038086,28.684999465942383,28.709999084472656,28.670000076293945,28.69499969482422,33200.0
2015-12-01,22.1679744720459,28.729999542236328,28.7549991607666,28.635000228881836,28.639999389648438,123000.0
2015-12-02,22.1679744720459,28.729999542236328,28.735000610351562,28.68000030517578,28.700000762939453,109000.0
2015-12-03,21.998220443725586,28.510000228881836,28.639999389648438,28.489999771118164,28.584999084472656,519400.0
2015-12-04,22.059947967529297,28.59000015258789,28.639999389648438,28.53499984741211,28.53499984741211,156800.0
2015-12-07,22.121673583984375,28.670000076293945,28.71500015258789,28.594999313354492,28.594999313354492,76400.0
2015-12-08,22.137113571166992,28.690000534057617,28.719999313354492,28.639999389648438,28.665000915527344,265400.0
2015-12-09,22.137113571166992,28.690000534057617,28.719999313354492,28.610000610351562,28.674999237060547,130800.0
2015-12-10,22.11396026611328,28.65999984741211,28.69499969482422,28.645000457763672,28.69499969482422,68600.0
2015-12-11,22.15639877319336,28.71500015258789,28.75,28.674999237060547,28.709999084472656,212800.0
2015-12-14,22.059947967529297,28.59000015258789,28.670000076293945,28.584999084472656,28.645000457763672,123800.0
2015-12-15,22.02909278869629,28.549999237060547,28.56999969482422,28.469999313354492,28.5,77800.0
2015-12-16,22.002079010009766,28.514999389648438,28.56999969482422,28.469999313354492,28.489999771118164,82600.0
2015-12-17,22.059947967529297,28.59000015258789,28.625,28.53499984741211,28.53499984741211,116400.0
2015-12-18,22.098541259765625,28.639999389648438,28.65999984741211,28.575000762939453,28.594999313354492,257000.0
2015-12-21,22.0908203125,28.6299991607666,28.670000076293945,28.604999542236328,28.65999984741211,61200.0
2015-12-22,22.067672729492188,28.600000381469727,28.625,28.56999969482422,28.579999923706055,462400.0
2015-12-23,22.05609130859375,28.584999084472656,28.584999084472656,28.53499984741211,28.545000076293945,119800.0
2015-12-24,22.071529388427734,28.604999542236328,28.6200008392334,28.559999465942383,28.559999465942383,63000.0
2015-12-28,22.071529388427734,28.604999542236328,28.6299991607666,28.579999923706055,28.579999923706055,153000.0
2015-12-29,22.008113861083984,28.459999084472656,28.56999969482422,28.450000762939453,28.55500030517578,218400.0
2015-12-30,22.01585578918457,28.469999313354492,28.479999542236328,28.415000915527344,28.454999923706055,74200.0
2015-12-31,22.05837631225586,28.524999618530273,28.545000076293945,28.479999542236328,28.524999618530273,126800.0
2016-01-04,22.077716827392578,28.549999237060547,28.604999542236328,28.524999618530273,28.584999084472656,372600.0
2016-01-05,22.085437774658203,28.559999465942383,28.594999313354492,28.540000915527344,28.56999969482422,51600.0
2016-01-06,22.185976028442383,28.690000534057617,28.690000534057617,28.614999771118164,28.6200008392334,333200.0
2016-01-07,22.17050552368164,28.670000076293945,28.69499969482422,28.6299991607666,28.69499969482422,54400.0
2016-01-08,22.201438903808594,28.709999084472656,28.725000381469727,28.649999618530273,28.649999618530273,409600.0
2016-01-11,22.16277313232422,28.65999984741211,28.69499969482422,28.645000457763672,28.645000457763672,712600.0
2016-01-12,22.201438903808594,28.709999084472656,28.770000457763672,28.635000228881836,28.655000686645508,90600.0
2016-01-13,22.267173767089844,28.795000076293945,28.829999923706055,28.704999923706055,28.71500015258789,1280800.0
2016-01-14,22.23236846923828,28.75,28.80500030517578,28.704999923706055,28.795000076293945,73200.0
2016-01-15,22.282644271850586,28.815000534057617,28.829999923706055,28.770000457763672,28.80500030517578,59400.0
2016-01-19,22.240110397338867,28.760000228881836,28.809999465942383,28.760000228881836,28.795000076293945,92800.0
2016-01-20,22.2864990234375,28.81999969482422,28.885000228881836,28.809999465942383,28.875,191000.0
2016-01-21,22.259441375732422,28.78499984741211,28.875,28.770000457763672,28.875,137600.0
2016-01-22,22.224632263183594,28.739999771118164,28.7549991607666,28.68000030517578,28.7450008392334,152000.0
2016-01-25,22.189838409423828,28.69499969482422,28.81999969482422,28.69499969482422,28.81999969482422,534000.0
2016-01-26,22.251712799072266,28.774999618530273,28.799999237060547,28.700000762939453,28.799999237060547,101800.0
2016-01-27,22.23236846923828,28.75,28.770000457763672,28.684999465942383,28.684999465942383,72200.0
2016-01-28,22.240110397338867,28.760000228881836,28.809999465942383,28.725000381469727,28.774999618530273,57600.0
2016-01-29,22.298110961914062,28.834999084472656,28.889999389648438,28.815000534057617,28.815000534057617,109200.0
2016-02-01,22.276025772094727,28.7450008392334,28.78499984741211,28.71500015258789,28.729999542236328,70200.0
2016-02-02,22.34963607788086,28.84000015258789,28.854999542236328,28.809999465942383,28.834999084472656,73000.0
2016-02-03,22.369020462036133,28.864999771118164,28.920000076293945,28.834999084472656,28.889999389648438,157800.0
2016-02-04,22.400014877319336,28.905000686645508,28.924999237060547,28.84000015258789,28.8700008392334,1203400.0
2016-02-05,22.41163444519043,28.920000076293945,28.93000030517578,28.850000381469727,28.889999389648438,79600.0
2016-02-08,22.49688148498535,29.030000686645508,29.049999237060547,28.920000076293945,28.93000030517578,165400.0
2016-02-09,22.493000030517578,29.024999618530273,29.079999923706055,28.959999084472656,29.079999923706055,417800.0
2016-02-10,22.500749588012695,29.03499984741211,29.059999465942383,28.975000381469727,29.0,101200.0
2016-02-11,22.531755447387695,29.075000762939453,29.174999237060547,29.05500030517578,29.15999984741211,96800.0
2016-02-12,22.446510314941406,28.96500015258789,29.03499984741211,28.93000030517578,29.030000686645508,86800.0
2016-02-16,22.396142959594727,28.899999618530273,28.93000030517578,28.854999542236328,28.8700008392334,76200.0
2016-02-17,22.384510040283203,28.885000228881836,28.889999389648438,28.825000762939453,28.850000381469727,124000.0
2016-02-18,22.473628997802734,29.0,29.0049991607666,28.889999389648438,28.889999389648438,133600.0
2016-02-19,22.43876075744629,28.954999923706055,29.024999618530273,28.90999984741211,29.024999618530273,203600.0
2016-02-22,22.446510314941406,28.96500015258789,29.0,28.954999923706055,28.96500015258789,56400.0
2016-02-23,22.477506637573242,29.0049991607666,29.040000915527344,28.915000915527344,28.915000915527344,75200.0
2016-02-24,22.4891300201416,29.020000457763672,29.1200008392334,29.0049991607666,29.05500030517578,52600.0
2016-02-25,22.54337501525879,29.09000015258789,29.114999771118164,29.040000915527344,29.06999969482422,99800.0
2016-02-26,22.485258102416992,29.014999389648438,29.059999465942383,28.975000381469727,29.045000076293945,82800.0
2016-02-29,22.493000030517578,29.024999618530273,29.045000076293945,29.0,29.0,74800.0
2016-03-01,22.436304092407227,28.889999389648438,29.014999389648438,28.885000228881836,28.979999542236328,63800.0
2016-03-02,22.451847076416016,28.90999984741211,28.915000915527344,28.860000610351562,28.885000228881836,143800.0
2016-03-03,22.467369079589844,28.93000030517578,28.954999923706055,28.885000228881836,28.899999618530273,140600.0
2016-03-04,22.416908264160156,28.864999771118164,28.940000534057617,28.825000762939453,28.924999237060547,132800.0
2016-03-07,22.42467498779297,28.875,28.875,28.825000762939453,28.8700008392334,55800.0
2016-03-08,22.513978958129883,28.989999771118164,29.010000228881836,28.94499969482422,28.989999771118164,227400.0
2016-03-09,22.50619888305664,28.979999542236328,29.0,28.93000030517578,28.950000762939453,1396200.0
2016-03-10,22.49067497253418,28.959999084472656,28.9950008392334,28.905000686645508,28.979999542236328,95600.0
2016-03-11,22.444082260131836,28.899999618530273,28.975000381469727,28.8700008392334,28.924999237060547,541800.0
2016-03-14,22.475141525268555,28.940000534057617,28.959999084472656,28.915000915527344,28.915000915527344,30600.0
2016-03-15,22.467369079589844,28.93000030517578,28.975000381469727,28.90999984741211,28.969999313354492,303200.0
2016-03-16,22.53727149963379,29.020000457763672,29.03499984741211,28.875,28.885000228881836,217000.0
2016-03-17,22.587759017944336,29.084999084472656,29.114999771118164,29.045000076293945,29.045000076293945,60400.0
2016-03-18,22.611053466796875,29.114999771118164,29.149999618530273,29.094999313354492,29.145000457763672,84800.0
2016-03-21,22.591636657714844,29.09000015258789,29.110000610351562,29.065000534057617,29.09000015258789,143600.0
2016-03-22,22.545042037963867,29.030000686645508,29.135000228881836,29.024999618530273,29.065000534057617,95600.0
2016-03-23,22.599403381347656,29.100000381469727,29.1200008392334,29.024999618530273,29.024999618530273,158800.0
2016-03-24,22.6265811920166,29.135000228881836,29.145000457763672,29.09000015258789,29.135000228881836,96200.0
2016-03-28,22.622692108154297,29.1299991607666,29.174999237060547,29.084999084472656,29.084999084472656,332400.0
2016-03-29,22.700355529785156,29.229999542236328,29.260000228881836,29.15999984741211,29.170000076293945,53600.0
2016-03-30,22.684825897216797,29.209999084472656,29.225000381469727,29.170000076293945,29.225000381469727,514000.0
2016-03-31,22.73531723022461,29.274999618530273,29.309999465942383,29.209999084472656,29.209999084472656,283800.0
2016-04-01,22.725971221923828,29.200000762939453,29.264999389648438,29.165000915527344,29.264999389648438,1308400.0
2016-04-04,22.749319076538086,29.229999542236328,29.2549991607666,29.204999923706055,29.239999771118164,91000.0
2016-04-05,22.79212760925293,29.28499984741211,29.325000762939453,29.270000457763672,29.280000686645508,170600.0
2016-04-06,22.7960147857666,29.290000915527344,29.295000076293945,29.2549991607666,29.295000076293945,201600.0
2016-04-07,22.8582763671875,29.3700008392334,29.40999984741211,29.309999465942383,29.325000762939453,66600.0
2016-04-08,22.823259353637695,29.325000762939453,29.354999542236328,29.30500030517578,29.344999313354492,598600.0
2016-04-11,22.827136993408203,29.329999923706055,29.3700008392334,29.30500030517578,29.30500030517578,62200.0
2016-04-12,22.799901962280273,29.295000076293945,29.309999465942383,29.25,29.264999389648438,1968800.0
2016-04-13,22.799901962280273,29.295000076293945,29.31999969482422,29.2450008392334,29.274999618530273,185400.0
2016-04-14,22.77266502380371,29.260000228881836,29.30500030517578,29.2549991607666,29.290000915527344,106400.0
2016-04-15,22.815481185913086,29.315000534057617,29.34000015258789,29.295000076293945,29.295000076293945,65400.0
2016-04-18,22.823259353637695,29.325000762939453,29.329999923706055,29.274999618530273,29.30500030517578,973800.0
2016-04-19,22.815481185913086,29.315000534057617,29.329999923706055,29.274999618530273,29.290000915527344,128400.0
2016-04-20,22.768781661987305,29.2549991607666,29.354999542236328,29.239999771118164,29.334999084472656,94000.0
2016-04-21,22.72986602783203,29.204999923706055,29.229999542236328,29.165000915527344,29.225000381469727,49600.0
2016-04-22,22.737648010253906,29.21500015258789,29.2450008392334,29.21500015258789,29.225000381469727,88800.0
2016-04-25,22.702613830566406,29.170000076293945,29.225000381469727,29.170000076293945,29.225000381469727,65600.0
2016-04-26,22.679271697998047,29.139999389648438,29.200000762939453,29.1299991607666,29.190000534057617,92200.0
2016-04-27,22.78434181213379,29.274999618530273,29.274999618530273,29.184999465942383,29.204999923706055,149000.0
2016-04-28,22.815481185913086,29.315000534057617,29.325000762939453,29.25,29.274999618530273,63400.0
2016-04-29,22.803789138793945,29.299999237060547,29.31999969482422,29.274999618530273,29.280000686645508,81200.0
2016-05-02,22.77377700805664,29.200000762939453,29.2549991607666,29.190000534057617,29.2549991607666,51800.0
2016-05-03,22.867359161376953,29.31999969482422,29.375,29.270000457763672,29.270000457763672,351200.0
2016-05-04,22.847862243652344,29.295000076293945,29.360000610351562,29.274999618530273,29.350000381469727,138000.0
2016-05-05,22.89466094970703,29.354999542236328,29.395000457763672,29.290000915527344,29.329999923706055,84800.0
2016-05-06,22.902454376220703,29.364999771118164,29.385000228881836,29.350000381469727,29.375,154600.0
2016-05-09,22.921955108642578,29.389999389648438,29.395000457763672,29.350000381469727,29.3799991607666,42400.0
2016-05-10,22.933656692504883,29.405000686645508,29.40999984741211,29.329999923706055,29.385000228881836,299400.0
2016-05-11,22.94925308227539,29.424999237060547,29.450000762939453,29.354999542236328,29.389999389648438,296800.0
2016-05-12,22.902454376220703,29.364999771118164,29.420000076293945,29.364999771118164,29.3799991607666,89000.0
2016-05-13,22.957048416137695,29.434999465942383,29.454999923706055,29.364999771118164,29.364999771118164,72200.0
2016-05-16,22.921955108642578,29.389999389648438,29.415000915527344,29.3799991607666,29.399999618530273,58000.0
2016-05-17,22.910266876220703,29.375,29.399999618530273,29.344999313354492,29.3700008392334,166200.0
2016-05-18,22.797176361083984,29.229999542236328,29.309999465942383,29.190000534057617,29.28499984741211,86000.0
2016-05-19,22.78547477722168,29.21500015258789,29.260000228881836,29.18000030517578,29.18000030517578,159200.0
2016-05-20,22.762081146240234,29.184999465942383,29.2450008392334,29.15999984741211,29.219999313354492,172600.0
2016-05-23,22.79326820373535,29.225000381469727,29.2549991607666,29.174999237060547,29.229999542236328,82600.0
2016-05-24,22.781572341918945,29.209999084472656,29.2549991607666,29.170000076293945,29.184999465942383,55400.0
2016-05-25,22.78547477722168,29.21500015258789,29.229999542236328,29.184999465942383,29.19499969482422,53200.0
2016-05-26,22.80107879638672,29.235000610351562,29.274999618530273,29.209999084472656,29.21500015258789,57800.0
2016-05-27,22.808868408203125,29.2450008392334,29.264999389648438,29.139999389648438,29.260000228881836,125600.0
2016-05-31,22.82056427001953,29.260000228881836,29.274999618530273,29.174999237060547,29.190000534057617,235200.0
2016-06-01,22.80611228942871,29.18000030517578,29.2450008392334,29.174999237060547,29.225000381469727,136600.0
2016-06-02,22.86081886291504,29.25,29.260000228881836,29.184999465942383,29.225000381469727,105400.0
2016-06-03,22.985876083374023,29.40999984741211,29.420000076293945,29.34000015258789,29.3700008392334,172400.0
2016-06-06,22.931161880493164,29.34000015258789,29.399999618530273,29.325000762939453,29.350000381469727,848200.0
2016-06-07,22.970237731933594,29.389999389648438,29.40999984741211,29.364999771118164,29.385000228881836,90600.0
2016-06-08,22.985876083374023,29.40999984741211,29.43000030517578,29.364999771118164,29.389999389648438,265800.0
2016-06-09,23.03276824951172,29.469999313354492,29.485000610351562,29.450000762939453,29.475000381469727,410400.0
2016-06-10,23.079662322998047,29.530000686645508,29.55500030517578,29.485000610351562,29.510000228881836,82600.0
2016-06-13,23.071847915649414,29.520000457763672,29.559999465942383,29.5,29.549999237060547,37000.0
2016-06-14,23.05229949951172,29.4950008392334,29.579999923706055,29.485000610351562,29.559999465942383,88200.0
2016-06-15,23.11482810974121,29.575000762939453,29.600000381469727,29.5049991607666,29.5049991607666,71000.0
2016-06-16,23.099191665649414,29.55500030517578,29.604999542236328,29.530000686645508,29.579999923706055,92200.0
2016-06-17,23.067935943603516,29.514999389648438,29.545000076293945,29.5,29.545000076293945,51000.0
2016-06-20,23.03276824951172,29.469999313354492,29.4950008392334,29.44499969482422,29.479999542236328,113200.0
2016-06-21,23.009315490722656,29.440000534057617,29.489999771118164,29.43000030517578,29.46500015258789,64000.0
2016-06-22,23.021041870117188,29.454999923706055,29.479999542236328,29.434999465942383,29.450000762939453,95400.0
2016-06-23,22.985876083374023,29.40999984741211,29.434999465942383,29.389999389648438,29.40999984741211,74000.0
2016-06-24,23.099191665649414,29.55500030517578,29.625,29.524999618530273,29.579999923706055,65800.0
2016-06-27,23.177356719970703,29.655000686645508,29.71500015258789,29.600000381469727,29.665000915527344,326800.0
2016-06-28,23.228145599365234,29.719999313354492,29.739999771118164,29.6299991607666,29.739999771118164,154400.0
2016-06-29,23.19688606262207,29.68000030517578,29.719999313354492,29.655000686645508,29.684999465942383,57200.0
2016-06-30,23.216432571411133,29.704999923706055,29.729999542236328,29.68000030517578,29.68000030517578,99200.0
2016-07-01,23.27674102783203,29.719999313354492,29.735000610351562,29.65999984741211,29.719999313354492,116600.0
2016-07-05,23.35897445678711,29.825000762939453,29.875,29.774999618530273,29.875,394200.0
2016-07-06,23.409879684448242,29.889999389648438,29.90999984741211,29.790000915527344,29.864999771118164,81000.0
2016-07-07,23.38247299194336,29.854999542236328,29.924999237060547,29.80500030517578,29.924999237060547,91200.0
2016-07-08,23.405967712402344,29.885000228881836,29.899999618530273,29.834999084472656,29.834999084472656,69200.0
2016-07-11,23.351139068603516,29.815000534057617,29.8799991607666,29.795000076293945,29.8799991607666,67400.0
2016-07-12,23.26891326904297,29.709999084472656,29.780000686645508,29.700000762939453,29.780000686645508,647400.0
2016-07-13,23.319812774658203,29.774999618530273,29.854999542236328,29.7549991607666,29.799999237060547,121800.0
2016-07-14,23.308059692382812,29.760000228881836,29.764999389648438,29.69499969482422,29.69499969482422,48200.0
2016-07-15,23.21407699584961,29.639999389648438,29.704999923706055,29.625,29.690000534057617,155000.0
2016-07-18,23.237581253051758,29.670000076293945,29.71500015258789,29.600000381469727,29.684999465942383,151200.0
2016-07-19,23.264997482299805,29.704999923706055,29.719999313354492,29.665000915527344,29.690000534057617,63600.0
2016-07-20,23.237581253051758,29.670000076293945,29.690000534057617,29.635000228881836,29.68000030517578,81000.0
2016-07-21,23.25324058532715,29.690000534057617,29.704999923706055,29.594999313354492,29.594999313354492,72200.0
2016-07-22,23.26106834411621,29.700000762939453,29.729999542236328,29.655000686645508,29.65999984741211,82000.0
2016-07-25,23.245405197143555,29.68000030517578,29.71500015258789,29.665000915527344,29.71500015258789,57600.0
2016-07-26,23.25324058532715,29.690000534057617,29.725000381469727,29.649999618530273,29.725000381469727,78600.0
2016-07-27,23.31197738647461,29.764999389648438,29.764999389648438,29.655000686645508,29.709999084472656,88800.0
2016-07-28,23.288484573364258,29.735000610351562,29.78499984741211,29.71500015258789,29.725000381469727,96600.0
2016-07-29,23.378557205200195,29.850000381469727,29.850000381469727,29.770000457763672,29.795000076293945,74000.0
2016-08-01,23.274572372436523,29.655000686645508,29.75,29.645000457763672,29.709999084472656,543000.0
2016-08-02,23.278480529785156,29.65999984741211,29.69499969482422,29.579999923706055,29.639999389648438,174000.0
2016-08-03,23.28633689880371,29.670000076293945,29.674999237060547,29.584999084472656,29.625,266200.0
2016-08-04,23.32558250427246,29.719999313354492,29.7450008392334,29.6299991607666,29.65999984741211,84800.0
2016-08-05,23.251008987426758,29.625,29.670000076293945,29.594999313354492,29.670000076293945,57000.0
2016-08-08,23.231393814086914,29.600000381469727,29.649999618530273,29.579999923706055,29.579999923706055,73000.0
2016-08-09,23.28241539001465,29.665000915527344,29.690000534057617,29.639999389648438,29.649999618530273,1241400.0
2016-08-10,23.329500198364258,29.725000381469727,29.735000610351562,29.65999984741211,29.68000030517578,250600.0
2016-08-11,23.262784957885742,29.639999389648438,29.71500015258789,29.639999389648438,29.71500015258789,459600.0
2016-08-12,23.32558250427246,29.719999313354492,29.774999618530273,29.700000762939453,29.719999313354492,52600.0
2016-08-15,23.302026748657227,29.690000534057617,29.719999313354492,29.690000534057617,29.690000534057617,239000.0
2016-08-16,23.28241539001465,29.665000915527344,29.690000534057617,29.639999389648438,29.655000686645508,488200.0
2016-08-17,23.302026748657227,29.690000534057617,29.729999542236328,29.645000457763672,29.65999984741211,141200.0
2016-08-18,23.33734703063965,29.735000610351562,29.7549991607666,29.684999465942383,29.684999465942383,56400.0
2016-08-19,23.313804626464844,29.704999923706055,29.709999084472656,29.649999618530273,29.690000534057617,103400.0
2016-08-22,23.33734703063965,29.735000610351562,29.7549991607666,29.700000762939453,29.729999542236328,83400.0
2016-08-23,23.333415985107422,29.729999542236328,29.764999389648438,29.719999313354492,29.764999389648438,97600.0
2016-08-24,23.341270446777344,29.739999771118164,29.7549991607666,29.700000762939453,29.729999542236328,109000.0
2016-08-25,23.32166290283203,29.71500015258789,29.735000610351562,29.690000534057617,29.719999313354492,61600.0
2016-08-26,23.262784957885742,29.639999389648438,29.7549991607666,29.635000228881836,29.725000381469727,68200.0
2016-08-29,23.313804626464844,29.704999923706055,29.729999542236328,29.670000076293945,29.670000076293945,69800.0
2016-08-30,23.32558250427246,29.719999313354492,29.7450008392334,29.684999465942383,29.725000381469727,82800.0
2016-08-31,23.294172286987305,29.68000030517578,29.735000610351562,29.674999237060547,29.729999542236328,236800.0
2016-09-01,23.331939697265625,29.665000915527344,29.674999237060547,29.579999923706055,29.604999542236328,72800.0
2016-09-02,23.284738540649414,29.604999542236328,29.649999618530273,29.565000534057617,29.635000228881836,237000.0
2016-09-06,23.339792251586914,29.674999237060547,29.725000381469727,29.6200008392334,29.625,1286000.0
2016-09-07,23.359460830688477,29.700000762939453,29.735000610351562,29.684999465942383,29.725000381469727,43200.0
2016-09-08,23.288679122924805,29.610000610351562,29.690000534057617,29.575000762939453,29.655000686645508,181800.0
2016-09-09,23.206090927124023,29.5049991607666,29.545000076293945,29.454999923706055,29.520000457763672,245800.0
2016-09-12,23.194290161132812,29.489999771118164,29.530000686645508,29.450000762939453,29.5049991607666,672200.0
2016-09-13,23.147104263305664,29.43000030517578,29.520000457763672,29.385000228881836,29.520000457763672,1561200.0
2016-09-14,23.151037216186523,29.434999465942383,29.475000381469727,29.415000915527344,29.434999465942383,267000.0
2016-09-15,23.166763305664062,29.454999923706055,29.479999542236328,29.395000457763672,29.459999084472656,190600.0
2016-09-16,23.174633026123047,29.46500015258789,29.485000610351562,29.440000534057617,29.46500015258789,75200.0
2016-09-19,23.154964447021484,29.440000534057617,29.485000610351562,29.440000534057617,29.44499969482422,369600.0
2016-09-20,23.18642807006836,29.479999542236328,29.514999389648438,29.459999084472656,29.4950008392334,65800.0
2016-09-21,23.20216941833496,29.5,29.540000915527344,29.375,29.485000610351562,161600.0
2016-09-22,23.272947311401367,29.59000015258789,29.610000610351562,29.530000686645508,29.530000686645508,300000.0
2016-09-23,23.27686882019043,29.594999313354492,29.610000610351562,29.545000076293945,29.594999313354492,67800.0
2016-09-26,23.320140838623047,29.649999618530273,29.670000076293945,29.604999542236328,29.639999389648438,285400.0
2016-09-27,23.331939697265625,29.665000915527344,29.69499969482422,29.649999618530273,29.69499969482422,231400.0
2016-09-28,23.33586883544922,29.670000076293945,29.71500015258789,29.65999984741211,29.69499969482422,138600.0
2016-09-29,23.33586883544922,29.670000076293945,29.700000762939453,29.6299991607666,29.6299991607666,150800.0
2016-09-30,23.300460815429688,29.625,29.700000762939453,29.614999771118164,29.700000762939453,767600.0
2016-10-03,23.275251388549805,29.530000686645508,29.600000381469727,29.479999542236328,29.56999969482422,844200.0
2016-10-04,23.224021911621094,29.46500015258789,29.53499984741211,29.44499969482422,29.514999389648438,142800.0
2016-10-05,23.176727294921875,29.405000686645508,29.469999313354492,29.395000457763672,29.46500015258789,215400.0
2016-10-06,23.192495346069336,29.424999237060547,29.46500015258789,29.3799991607666,29.40999984741211,199400.0
2016-10-07,23.204317092895508,29.440000534057617,29.44499969482422,29.3700008392334,29.424999237060547,176600.0
2016-10-10,23.172788619995117,29.399999618530273,29.40999984741211,29.334999084472656,29.360000610351562,81800.0
2016-10-11,23.164907455444336,29.389999389648438,29.420000076293945,29.350000381469727,29.3799991607666,282800.0
2016-10-12,23.149147033691406,29.3700008392334,29.3799991607666,29.325000762939453,29.3700008392334,107600.0
2016-10-13,23.204317092895508,29.440000534057617,29.450000762939453,29.399999618530273,29.434999465942383,81800.0
2016-10-14,23.149147033691406,29.3700008392334,29.43000030517578,29.360000610351562,29.405000686645508,77400.0
2016-10-17,23.164907455444336,29.389999389648438,29.434999465942383,29.364999771118164,29.385000228881836,32400.0
2016-10-18,23.20825958251953,29.44499969482422,29.450000762939453,29.399999618530273,29.399999618530273,50400.0
2016-10-19,23.20825958251953,29.44499969482422,29.475000381469727,29.395000457763672,29.395000457763672,57000.0
2016-10-20,23.220081329345703,29.459999084472656,29.4950008392334,29.420000076293945,29.479999542236328,168000.0
2016-10-21,23.227962493896484,29.469999313354492,29.5,29.44499969482422,29.46500015258789,124400.0
2016-10-24,23.200374603271484,29.434999465942383,29.469999313354492,29.43000030517578,29.469999313354492,41800.0
2016-10-25,23.188552856445312,29.420000076293945,29.454999923706055,29.395000457763672,29.399999618530273,315800.0
2016-10-26,23.160966873168945,29.385000228881836,29.43000030517578,29.375,29.420000076293945,72000.0
2016-10-27,23.090023040771484,29.295000076293945,29.344999313354492,29.28499984741211,29.31999969482422,64800.0
2016-10-28,23.090023040771484,29.295000076293945,29.334999084472656,29.290000915527344,29.315000534057617,45000.0
2016-10-31,23.101852416992188,29.309999465942383,29.344999313354492,29.290000915527344,29.315000534057617,981800.0
2016-11-01,23.092369079589844,29.235000610351562,29.299999237060547,29.204999923706055,29.229999542236328,101000.0
2016-11-02,23.127912521362305,29.280000686645508,29.344999313354492,29.270000457763672,29.295000076293945,77200.0
2016-11-03,23.116065979003906,29.264999389648438,29.299999237060547,29.235000610351562,29.270000457763672,159600.0
2016-11-04,23.15555763244629,29.315000534057617,29.34000015258789,29.264999389648438,29.315000534057617,73200.0
2016-11-07,23.120010375976562,29.270000457763672,29.299999237060547,29.2549991607666,29.260000228881836,142200.0
2016-11-08,23.08447265625,29.225000381469727,29.290000915527344,29.204999923706055,29.280000686645508,349600.0
2016-11-09,22.883056640625,28.969999313354492,29.18000030517578,28.924999237060547,29.135000228881836,91200.0
2016-11-10,22.764570236206055,28.81999969482422,28.94499969482422,28.809999465942383,28.94499969482422,213200.0
2016-11-11,22.721113204956055,28.764999389648438,28.850000381469727,28.764999389648438,28.80500030517578,126000.0
2016-11-14,22.650035858154297,28.674999237060547,28.770000457763672,28.655000686645508,28.655000686645508,126600.0
2016-11-15,22.650035858154297,28.674999237060547,28.7450008392334,28.670000076293945,28.69499969482422,225200.0
2016-11-16,22.685577392578125,28.719999313354492,28.739999771118164,28.65999984741211,28.65999984741211,143000.0
2016-11-17,22.62238311767578,28.639999389648438,28.700000762939453,28.6200008392334,28.68000030517578,143000.0
2016-11-18,22.571044921875,28.575000762939453,28.68000030517578,28.545000076293945,28.635000228881836,231800.0
2016-11-21,22.559200286865234,28.559999465942383,28.6200008392334,28.540000915527344,28.565000534057617,344000.0
2016-11-22,22.606590270996094,28.6200008392334,28.649999618530273,28.584999084472656,28.600000381469727,367800.0
2016-11-23,22.535505294799805,28.530000686645508,28.565000534057617,28.475000381469727,28.514999389648438,371000.0
2016-11-25,22.551294326782227,28.549999237060547,28.56999969482422,28.5,28.540000915527344,62400.0
2016-11-28,22.598691940307617,28.610000610351562,28.614999771118164,28.559999465942383,28.56999969482422,70200.0
2016-11-29,22.614486694335938,28.6299991607666,28.649999618530273,28.559999465942383,28.575000762939453,139400.0
2016-11-30,22.535505294799805,28.530000686645508,28.565000534057617,28.5,28.55500030517578,131000.0
2016-12-01,22.478500366210938,28.395000457763672,28.440000534057617,28.31999969482422,28.440000534057617,101200.0
2016-12-02,22.54975128173828,28.485000610351562,28.520000457763672,28.420000076293945,28.420000076293945,138000.0
2016-12-05,22.569538116455078,28.510000228881836,28.545000076293945,28.405000686645508,28.43000030517578,1943200.0
2016-12-06,22.557666778564453,28.4950008392334,28.53499984741211,28.475000381469727,28.524999618530273,81600.0
2016-12-07,22.60516357421875,28.55500030517578,28.575000762939453,28.530000686645508,28.530000686645508,170200.0
2016-12-08,22.565582275390625,28.5049991607666,28.530000686645508,28.46500015258789,28.489999771118164,1738000.0
2016-12-09,22.506214141845703,28.43000030517578,28.5,28.405000686645508,28.475000381469727,202000.0
2016-12-12,22.518095016479492,28.44499969482422,28.44499969482422,28.354999542236328,28.40999984741211,583400.0
2016-12-13,22.506214141845703,28.43000030517578,28.46500015258789,28.395000457763672,28.46500015258789,454000.0
2016-12-14,22.407255172729492,28.30500030517578,28.524999618530273,28.30500030517578,28.469999313354492,217200.0
2016-12-15,22.399341583251953,28.295000076293945,28.350000381469727,28.2549991607666,28.329999923706055,296200.0
2016-12-16,22.38350486755371,28.274999618530273,28.334999084472656,28.239999771118164,28.295000076293945,219000.0
2016-12-19,22.42704200744629,28.329999923706055,28.360000610351562,28.295000076293945,28.295000076293945,234000.0
2016-12-20,22.399341583251953,28.295000076293945,28.31999969482422,28.274999618530273,28.295000076293945,194800.0
2016-12-21,22.43891143798828,28.344999313354492,28.3799991607666,28.299999237060547,28.344999313354492,350600.0
2016-12-22,22.45079231262207,28.360000610351562,28.364999771118164,28.290000915527344,28.334999084472656,246400.0
2016-12-23,22.470579147338867,28.385000228881836,28.420000076293945,28.364999771118164,28.385000228881836,705400.0
2016-12-27,22.466617584228516,28.3799991607666,28.389999389648438,28.329999923706055,28.329999923706055,427800.0
2016-12-28,22.485275268554688,28.34000015258789,28.3799991607666,28.274999618530273,28.274999618530273,478200.0
2016-12-29,22.564613342285156,28.440000534057617,28.46500015258789,28.389999389648438,28.389999389648438,119600.0
2016-12-30,22.58047866821289,28.459999084472656,28.4950008392334,28.440000534057617,28.440000534057617,234000.0
2017-01-03,22.59238624572754,28.475000381469727,28.510000228881836,28.415000915527344,28.43000030517578,53200.0
2017-01-04,22.612215042114258,28.5,28.524999618530273,28.44499969482422,28.475000381469727,101600.0
2017-01-05,22.71535873413086,28.6299991607666,28.6299991607666,28.524999618530273,28.524999618530273,87800.0
2017-01-06,22.66775131225586,28.56999969482422,28.59000015258789,28.540000915527344,28.56999969482422,160400.0
2017-01-09,22.711389541625977,28.625,28.649999618530273,28.584999084472656,28.649999618530273,114800.0
2017-01-10,22.707427978515625,28.6200008392334,28.6299991607666,28.56999969482422,28.6200008392334,281000.0
2017-01-11,22.695526123046875,28.604999542236328,28.690000534057617,28.579999923706055,28.610000610351562,672000.0
2017-01-12,22.695526123046875,28.604999542236328,28.704999923706055,28.600000381469727,28.65999984741211,1288000.0
2017-01-13,22.675689697265625,28.579999923706055,28.6299991607666,28.520000457763672,28.604999542236328,80600.0
2017-01-17,22.731225967407227,28.649999618530273,28.684999465942383,28.610000610351562,28.655000686645508,201600.0
2017-01-18,22.636024475097656,28.530000686645508,28.625,28.514999389648438,28.610000610351562,105000.0
2017-01-19,22.612215042114258,28.5,28.524999618530273,28.43000030517578,28.475000381469727,161000.0
2017-01-20,22.60428237915039,28.489999771118164,28.5,28.405000686645508,28.434999465942383,120200.0
2017-01-23,22.68758773803711,28.594999313354492,28.604999542236328,28.5049991607666,28.53499984741211,241400.0
2017-01-24,22.624113082885742,28.514999389648438,28.565000534057617,28.475000381469727,28.565000534057617,139600.0
2017-01-25,22.548744201660156,28.420000076293945,28.479999542236328,28.395000457763672,28.450000762939453,135000.0
2017-01-26,22.56858253479004,28.44499969482422,28.454999923706055,28.3700008392334,28.3799991607666,693200.0
2017-01-27,22.58841323852539,28.469999313354492,28.489999771118164,28.440000534057617,28.489999771118164,87400.0
2017-01-30,22.596342086791992,28.479999542236328,28.514999389648438,28.459999084472656,28.510000228881836,57000.0
2017-01-31,22.624113082885742,28.514999389648438,28.559999465942383,28.479999542236328,28.514999389648438,261800.0
2017-02-01,22.593509674072266,28.415000915527344,28.459999084472656,28.3700008392334,28.415000915527344,165800.0
2017-02-02,22.62531280517578,28.454999923706055,28.5049991607666,28.424999237060547,28.5,124800.0
2017-02-03,22.61338233947754,28.440000534057617,28.524999618530273,28.40999984741211,28.520000457763672,57200.0
2017-02-06,22.688913345336914,28.53499984741211,28.549999237060547,28.479999542236328,28.489999771118164,78600.0
2017-02-07,22.728670120239258,28.584999084472656,28.610000610351562,28.520000457763672,28.55500030517578,233200.0
2017-02-08,22.76445770263672,28.6299991607666,28.670000076293945,28.600000381469727,28.600000381469727,102800.0
2017-02-09,22.696874618530273,28.545000076293945,28.655000686645508,28.545000076293945,28.604999542236328,1094000.0
2017-02-10,22.688913345336914,28.53499984741211,28.575000762939453,28.5,28.5049991607666,168400.0
2017-02-13,22.688913345336914,28.53499984741211,28.55500030517578,28.4950008392334,28.510000228881836,57200.0
2017-02-14,22.641225814819336,28.475000381469727,28.53499984741211,28.420000076293945,28.53499984741211,129800.0
2017-02-15,22.60940170288086,28.434999465942383,28.450000762939453,28.395000457763672,28.405000686645508,108800.0
2017-02-16,22.63723373413086,28.469999313354492,28.514999389648438,28.43000030517578,28.44499969482422,205000.0
2017-02-17,22.68494987487793,28.530000686645508,28.56999969482422,28.520000457763672,28.56999969482422,65000.0
2017-02-21,22.67699432373047,28.520000457763672,28.56999969482422,28.485000610351562,28.520000457763672,103200.0
2017-02-22,22.692893981933594,28.540000915527344,28.594999313354492,28.489999771118164,28.584999084472656,88600.0
2017-02-23,22.74458885192871,28.604999542236328,28.614999771118164,28.559999465942383,28.56999969482422,51800.0
2017-02-24,22.800243377685547,28.674999237060547,28.71500015258789,28.635000228881836,28.68000030517578,264400.0
2017-02-27,22.768442153930664,28.635000228881836,28.69499969482422,28.635000228881836,28.68000030517578,217800.0
2017-02-28,22.76445770263672,28.6299991607666,28.684999465942383,28.625,28.674999237060547,269000.0
2017-03-01,22.663650512695312,28.440000534057617,28.475000381469727,28.434999465942383,28.46500015258789,144800.0
2017-03-02,22.639747619628906,28.40999984741211,28.420000076293945,28.375,28.420000076293945,64400.0
2017-03-03,22.635759353637695,28.405000686645508,28.440000534057617,28.360000610351562,28.440000534057617,80200.0
2017-03-06,22.639747619628906,28.40999984741211,28.440000534057617,28.389999389648438,28.434999465942383,76400.0
2017-03-07,22.60787010192871,28.3700008392334,28.43000030517578,28.354999542236328,28.424999237060547,142400.0
2017-03-08,22.55208969116211,28.299999237060547,28.325000762939453,28.274999618530273,28.299999237060547,234200.0
2017-03-09,22.49231719970703,28.225000381469727,28.2549991607666,28.200000762939453,28.2549991607666,354200.0
2017-03-10,22.508249282836914,28.2450008392334,28.270000457763672,28.204999923706055,28.2549991607666,56800.0
2017-03-13,22.476377487182617,28.204999923706055,28.2549991607666,28.19499969482422,28.21500015258789,605000.0
2017-03-14,22.488327026367188,28.219999313354492,28.2549991607666,28.190000534057617,28.21500015258789,51000.0
2017-03-15,22.599899291992188,28.360000610351562,28.364999771118164,28.219999313354492,28.2450008392334,272000.0
2017-03-16,22.57997703552246,28.334999084472656,28.375,28.329999923706055,28.329999923706055,61400.0
2017-03-17,22.639747619628906,28.40999984741211,28.40999984741211,28.360000610351562,28.3799991607666,99800.0
2017-03-20,22.663650512695312,28.440000534057617,28.459999084472656,28.395000457763672,28.395000457763672,95600.0
2017-03-21,22.719432830810547,28.510000228881836,28.514999389648438,28.424999237060547,28.459999084472656,56800.0
2017-03-22,22.743337631225586,28.540000915527344,28.579999923706055,28.510000228881836,28.53499984741211,39000.0
2017-03-23,22.755281448364258,28.55500030517578,28.59000015258789,28.5049991607666,28.59000015258789,79000.0
2017-03-24,22.7473201751709,28.545000076293945,28.565000534057617,28.510000228881836,28.530000686645508,43000.0
2017-03-27,22.78318977355957,28.59000015258789,28.649999618530273,28.565000534057617,28.645000457763672,397600.0
2017-03-28,22.73138427734375,28.524999618530273,28.655000686645508,28.514999389648438,28.614999771118164,66200.0
2017-03-29,22.771228790283203,28.575000762939453,28.594999313354492,28.540000915527344,28.56999969482422,60400.0
2017-03-30,22.739349365234375,28.53499984741211,28.559999465942383,28.514999389648438,28.549999237060547,68200.0
2017-03-31,22.7592716217041,28.559999465942383,28.584999084472656,28.540000915527344,28.565000534057617,58600.0
2017-04-03,22.8387451171875,28.594999313354492,28.604999542236328,28.524999618530273,28.524999618530273,72200.0
2017-04-04,22.82676887512207,28.579999923706055,28.614999771118164,28.565000534057617,28.600000381469727,60600.0
2017-04-05,22.830759048461914,28.584999084472656,28.610000610351562,28.530000686645508,28.545000076293945,112200.0
2017-04-06,22.84673309326172,28.604999542236328,28.6200008392334,28.559999465942383,28.594999313354492,344200.0
2017-04-07,22.794818878173828,28.540000915527344,28.65999984741211,28.53499984741211,28.625,97400.0
2017-04-10,22.82277488708496,28.575000762939453,28.600000381469727,28.559999465942383,28.575000762939453,47400.0
2017-04-11,22.906644821166992,28.68000030517578,28.684999465942383,28.6200008392334,28.625,1147400.0
2017-04-12,22.958553314208984,28.7450008392334,28.7450008392334,28.670000076293945,28.69499969482422,143800.0
2017-04-13,22.974523544311523,28.764999389648438,28.795000076293945,28.709999084472656,28.739999771118164,47400.0
2017-04-17,22.958553314208984,28.7450008392334,28.815000534057617,28.739999771118164,28.815000534057617,52200.0
2017-04-18,23.042409896850586,28.850000381469727,28.8700008392334,28.790000915527344,28.809999465942383,123200.0
2017-04-19,23.014461517333984,28.815000534057617,28.825000762939453,28.790000915527344,28.825000762939453,57600.0
2017-04-20,22.994491577148438,28.790000915527344,28.850000381469727,28.7450008392334,28.790000915527344,107400.0
2017-04-21,22.986509323120117,28.780000686645508,28.81999969482422,28.774999618530273,28.799999237060547,61200.0
2017-04-24,22.96253776550293,28.75,28.760000228881836,28.670000076293945,28.725000381469727,85000.0
2017-04-25,22.878686904907227,28.645000457763672,28.704999923706055,28.6299991607666,28.700000762939453,51200.0
2017-04-26,22.922622680664062,28.700000762939453,28.700000762939453,28.625,28.65999984741211,305200.0
2017-04-27,22.9385929107666,28.719999313354492,28.725000381469727,28.665000915527344,28.690000534057617,102000.0
2017-04-28,22.958553314208984,28.7450008392334,28.7450008392334,28.68000030517578,28.700000762939453,55600.0
2017-05-01,22.90572166442871,28.614999771118164,28.690000534057617,28.56999969482422,28.665000915527344,1162600.0
2017-05-02,22.945751190185547,28.665000915527344,28.68000030517578,28.59000015258789,28.59000015258789,141200.0
2017-05-03,22.921733856201172,28.635000228881836,28.709999084472656,28.635000228881836,28.65999984741211,53800.0
2017-05-04,22.889713287353516,28.594999313354492,28.6299991607666,28.59000015258789,28.6299991607666,45200.0
2017-05-05,22.91373634338379,28.625,28.6299991607666,28.579999923706055,28.594999313354492,121600.0
2017-05-08,22.889713287353516,28.594999313354492,28.614999771118164,28.565000534057617,28.579999923706055,167600.0
2017-05-09,22.861692428588867,28.559999465942383,28.579999923706055,28.514999389648438,28.579999923706055,200400.0
2017-05-10,22.857694625854492,28.55500030517578,28.610000610351562,28.530000686645508,28.559999465942383,41400.0
2017-05-11,22.865697860717773,28.565000534057617,28.575000762939453,28.520000457763672,28.520000457763672,49200.0
2017-05-12,22.945751190185547,28.665000915527344,28.674999237060547,28.635000228881836,28.655000686645508,68400.0
2017-05-15,22.9577579498291,28.68000030517578,28.684999465942383,28.639999389648438,28.684999465942383,58400.0
2017-05-16,22.969751358032227,28.69499969482422,28.725000381469727,28.670000076293945,28.71500015258789,57200.0
2017-05-17,23.085824966430664,28.84000015258789,28.850000381469727,28.760000228881836,28.780000686645508,96600.0
2017-05-18,23.093833923339844,28.850000381469727,28.860000610351562,28.80500030517578,28.84000015258789,108400.0
2017-05-19,23.06181526184082,28.809999465942383,28.844999313354492,28.764999389648438,28.80500030517578,74200.0
2017-05-22,23.07382583618164,28.825000762939453,28.829999923706055,28.795000076293945,28.825000762939453,43600.0
2017-05-23,23.02979850769043,28.770000457763672,28.834999084472656,28.7450008392334,28.825000762939453,49000.0
2017-05-24,23.06181526184082,28.809999465942383,28.815000534057617,28.75,28.780000686645508,84800.0
2017-05-25,23.053810119628906,28.799999237060547,28.850000381469727,28.790000915527344,28.850000381469727,59200.0
2017-05-26,23.05781364440918,28.80500030517578,28.84000015258789,28.790000915527344,28.84000015258789,26200.0
2017-05-30,23.101842880249023,28.860000610351562,28.875,28.834999084472656,28.875,47600.0
2017-05-31,23.133852005004883,28.899999618530273,28.90999984741211,28.864999771118164,28.864999771118164,39000.0
2017-06-01,23.12904930114746,28.829999923706055,28.84000015258789,28.780000686645508,28.80500030517578,50800.0
2017-06-02,23.197227478027344,28.915000915527344,28.924999237060547,28.875,28.895000457763672,178000.0
2017-06-05,23.145084381103516,28.850000381469727,28.899999618530273,28.834999084472656,28.854999542236328,161400.0
2017-06-06,23.197227478027344,28.915000915527344,28.959999084472656,28.90999984741211,28.940000534057617,73400.0
2017-06-07,23.181194305419922,28.895000457763672,28.934999465942383,28.885000228881836,28.899999618530273,275000.0
2017-06-08,23.14910125732422,28.854999542236328,28.889999389648438,28.84000015258789,28.8799991607666,49600.0
2017-06-09,23.121023178100586,28.81999969482422,28.860000610351562,28.770000457763672,28.80500030517578,168400.0
2017-06-12,23.14910125732422,28.854999542236328,28.8799991607666,28.81999969482422,28.84000015258789,63400.0
2017-06-13,23.14910125732422,28.854999542236328,28.854999542236328,28.80500030517578,28.80500030517578,124400.0
2017-06-14,23.205263137817383,28.924999237060547,29.014999389648438,28.90999984741211,28.94499969482422,131600.0
2017-06-15,23.18520164489746,28.899999618530273,28.93000030517578,28.899999618530273,28.905000686645508,109600.0
2017-06-16,23.225313186645508,28.950000762939453,28.954999923706055,28.895000457763672,28.93000030517578,53200.0
2017-06-19,23.197227478027344,28.915000915527344,28.940000534057617,28.889999389648438,28.940000534057617,47200.0
2017-06-20,23.245370864868164,28.975000381469727,28.979999542236328,28.889999389648438,28.90999984741211,66000.0
2017-06-21,23.237348556518555,28.96500015258789,28.989999771118164,28.924999237060547,28.954999923706055,64600.0
2017-06-22,23.261417388916016,28.9950008392334,29.0,28.924999237060547,28.979999542236328,57000.0
2017-06-23,23.225313186645508,28.950000762939453,29.010000228881836,28.950000762939453,28.950000762939453,60800.0
2017-06-26,23.281471252441406,29.020000457763672,29.045000076293945,28.9950008392334,29.0049991607666,43600.0
2017-06-27,23.20926856994629,28.93000030517578,28.979999542236328,28.8799991607666,28.979999542236328,189800.0
2017-06-28,23.213287353515625,28.934999465942383,28.934999465942383,28.885000228881836,28.924999237060547,70200.0
2017-06-29,23.145084381103516,28.850000381469727,28.8799991607666,28.81999969482422,28.825000762939453,60200.0
2017-06-30,23.1330623626709,28.834999084472656,28.8700008392334,28.799999237060547,28.864999771118164,37400.0
2017-07-03,23.083606719970703,28.709999084472656,28.795000076293945,28.670000076293945,28.7450008392334,60600.0
2017-07-05,23.107728958129883,28.739999771118164,28.75,28.65999984741211,28.700000762939453,200800.0
2017-07-06,23.06752586364746,28.690000534057617,28.704999923706055,28.645000457763672,28.69499969482422,61400.0
2017-07-07,23.055465698242188,28.674999237060547,28.704999923706055,28.635000228881836,28.68000030517578,149600.0
2017-07-10,23.06752586364746,28.690000534057617,28.719999313354492,28.65999984741211,28.690000534057617,69800.0
2017-07-11,23.091651916503906,28.719999313354492,28.719999313354492,28.655000686645508,28.690000534057617,82600.0
2017-07-12,23.119792938232422,28.7549991607666,28.809999465942383,28.729999542236328,28.78499984741211,460600.0
2017-07-13,23.107728958129883,28.739999771118164,28.770000457763672,28.729999542236328,28.75,31200.0
2017-07-14,23.13587188720703,28.774999618530273,28.829999923706055,28.7549991607666,28.809999465942383,62800.0
2017-07-17,23.151958465576172,28.795000076293945,28.809999465942383,28.764999389648438,28.770000457763672,47000.0
2017-07-18,23.2042179107666,28.860000610351562,28.875,28.84000015258789,28.854999542236328,58000.0
2017-07-19,23.212249755859375,28.8700008392334,28.885000228881836,28.850000381469727,28.8700008392334,38800.0
2017-07-20,23.22834014892578,28.889999389648438,28.915000915527344,28.875,28.905000686645508,44400.0
2017-07-21,23.252464294433594,28.920000076293945,28.94499969482422,28.889999389648438,28.924999237060547,32600.0
2017-07-24,23.23637580871582,28.899999618530273,28.924999237060547,28.895000457763672,28.920000076293945,24000.0
2017-07-25,23.151958465576172,28.795000076293945,28.854999542236328,28.795000076293945,28.850000381469727,44200.0
2017-07-26,23.208234786987305,28.864999771118164,28.885000228881836,28.774999618530273,28.80500030517578,46400.0
2017-07-27,23.164016723632812,28.809999465942383,28.844999313354492,28.795000076293945,28.799999237060547,283200.0
2017-07-28,23.216279983520508,28.875,28.875,28.809999465942383,28.809999465942383,32600.0
2017-07-31,23.216279983520508,28.875,28.899999618530273,28.84000015258789,28.860000610351562,180600.0
2017-08-01,23.267850875854492,28.875,28.895000457763672,28.809999465942383,28.809999465942383,34400.0
2017-08-02,23.255760192871094,28.860000610351562,28.895000457763672,28.860000610351562,28.875,51400.0
2017-08-03,23.300073623657227,28.915000915527344,28.940000534057617,28.889999389648438,28.899999618530273,38600.0
2017-08-04,23.251726150512695,28.854999542236328,28.905000686645508,28.834999084472656,28.905000686645508,56800.0
2017-08-07,23.267850875854492,28.875,28.895000457763672,28.850000381469727,28.889999389648438,23600.0
2017-08-08,23.235612869262695,28.834999084472656,28.875,28.80500030517578,28.8700008392334,49400.0
2017-08-09,23.26381492614746,28.8700008392334,28.940000534057617,28.84000015258789,28.895000457763672,119400.0
2017-08-10,23.30411720275879,28.920000076293945,28.934999465942383,28.8799991607666,28.895000457763672,35800.0
2017-08-11,23.300073623657227,28.915000915527344,28.940000534057617,28.885000228881836,28.885000228881836,22000.0
2017-08-14,23.30411720275879,28.920000076293945,28.94499969482422,28.895000457763672,28.915000915527344,117800.0
2017-08-15,23.26381492614746,28.8700008392334,28.885000228881836,28.84000015258789,28.84000015258789,25400.0
2017-08-16,23.287986755371094,28.899999618530273,28.93000030517578,28.81999969482422,28.81999969482422,57800.0
2017-08-17,23.33231544494629,28.954999923706055,28.96500015258789,28.895000457763672,28.895000457763672,59400.0
2017-08-18,23.324260711669922,28.94499969482422,28.985000610351562,28.915000915527344,28.969999313354492,29600.0
2017-08-21,23.344402313232422,28.969999313354492,28.985000610351562,28.950000762939453,28.969999313354492,39200.0
2017-08-22,23.324260711669922,28.94499969482422,28.969999313354492,28.940000534057617,28.959999084472656,56400.0
2017-08-23,23.360515594482422,28.989999771118164,28.9950008392334,28.94499969482422,28.979999542236328,56200.0
2017-08-24,23.320222854614258,28.940000534057617,28.979999542236328,28.940000534057617,28.96500015258789,115400.0
2017-08-25,23.368568420410156,29.0,29.014999389648438,28.959999084472656,28.975000381469727,42000.0
2017-08-28,23.388717651367188,29.024999618530273,29.024999618530273,28.96500015258789,29.0,51800.0
2017-08-29,23.392738342285156,29.030000686645508,29.100000381469727,29.0,29.100000381469727,37400.0
2017-08-30,23.408863067626953,29.049999237060547,29.049999237060547,29.0049991607666,29.010000228881836,52200.0
2017-08-31,23.429014205932617,29.075000762939453,29.079999923706055,29.040000915527344,29.049999237060547,30000.0
2017-09-01,23.404375076293945,28.979999542236328,29.020000457763672,28.940000534057617,29.020000457763672,158400.0
2017-09-05,23.49725341796875,29.094999313354492,29.094999313354492,29.014999389648438,29.030000686645508,132200.0
2017-09-06,23.436677932739258,29.020000457763672,29.110000610351562,29.020000457763672,29.075000762939453,179200.0
2017-09-07,23.51744842529297,29.1200008392334,29.125,29.059999465942383,29.06999969482422,28400.0
2017-09-08,23.47707176208496,29.06999969482422,29.1200008392334,29.06999969482422,29.104999542236328,34400.0
2017-09-11,23.4205322265625,29.0,29.075000762939453,28.989999771118164,29.020000457763672,96600.0
2017-09-12,23.39630126953125,28.969999313354492,28.989999771118164,28.950000762939453,28.989999771118164,113600.0
2017-09-13,23.363996505737305,28.93000030517578,28.975000381469727,28.93000030517578,28.975000381469727,85200.0
2017-09-14,23.380151748657227,28.950000762939453,28.954999923706055,28.895000457763672,28.895000457763672,45000.0
2017-09-15,23.380151748657227,28.950000762939453,28.96500015258789,28.934999465942383,28.940000534057617,37800.0
2017-09-18,23.347854614257812,28.90999984741211,28.94499969482422,28.905000686645508,28.924999237060547,55400.0
2017-09-19,23.351877212524414,28.915000915527344,28.934999465942383,28.899999618530273,28.93000030517578,81000.0
2017-09-20,23.32765007019043,28.885000228881836,28.940000534057617,28.854999542236328,28.934999465942383,28000.0
2017-09-21,23.319583892822266,28.875,28.90999984741211,28.8700008392334,28.905000686645508,39800.0
2017-09-22,23.347854614257812,28.90999984741211,28.93000030517578,28.875,28.924999237060547,52600.0
2017-09-25,23.39630126953125,28.969999313354492,28.975000381469727,28.920000076293945,28.920000076293945,29600.0
2017-09-26,23.38822364807129,28.959999084472656,28.969999313354492,28.940000534057617,28.959999084472656,49600.0
2017-09-27,23.311504364013672,28.864999771118164,28.885000228881836,28.854999542236328,28.885000228881836,31400.0
2017-09-28,23.30746841430664,28.860000610351562,28.875,28.834999084472656,28.850000381469727,299600.0
2017-09-29,23.303428649902344,28.854999542236328,28.895000457763672,28.844999313354492,28.885000228881836,80600.0
2017-10-02,23.314760208129883,28.80500030517578,28.81999969482422,28.790000915527344,28.81999969482422,30800.0
2017-10-03,23.339046478271484,28.834999084472656,28.850000381469727,28.809999465942383,28.809999465942383,50600.0
2017-10-04,23.359275817871094,28.860000610351562,28.860000610351562,28.809999465942383,28.84000015258789,46000.0
2017-10-05,23.306676864624023,28.795000076293945,28.834999084472656,28.78499984741211,28.834999084472656,38400.0
2017-10-06,23.29047966003418,28.774999618530273,28.815000534057617,28.709999084472656,28.735000610351562,300400.0
2017-10-09,23.286434173583984,28.770000457763672,28.80500030517578,28.764999389648438,28.790000915527344,21200.0
2017-10-10,23.298574447631836,28.78499984741211,28.84000015258789,28.78499984741211,28.80500030517578,349000.0
2017-10-11,23.318805694580078,28.809999465942383,28.84000015258789,28.795000076293945,28.84000015258789,24000.0
2017-10-12,23.33094596862793,28.825000762939453,28.84000015258789,28.799999237060547,28.825000762939453,57600.0
2017-10-13,23.395700454711914,28.905000686645508,28.915000915527344,28.864999771118164,28.889999389648438,62400.0
2017-10-16,23.39164924621582,28.899999618530273,28.90999984741211,28.860000610351562,28.860000610351562,23100.0
2017-10-17,23.38355255126953,28.889999389648438,28.899999618530273,28.84000015258789,28.8700008392334,53100.0
2017-10-18,23.326906204223633,28.81999969482422,28.860000610351562,28.809999465942383,28.81999969482422,94200.0
2017-10-19,23.359275817871094,28.860000610351562,28.899999618530273,28.829999923706055,28.850000381469727,136500.0
2017-10-20,23.31071662902832,28.799999237060547,28.809999465942383,28.780000686645508,28.799999237060547,174600.0
2017-10-23,23.27834129333496,28.760000228881836,28.850000381469727,28.739999771118164,28.81999969482422,503500.0
2017-10-24,23.294519424438477,28.780000686645508,28.799999237060547,28.760000228881836,28.799999237060547,210900.0
2017-10-25,23.262136459350586,28.739999771118164,28.75,28.68000030517578,28.719999313354492,457200.0
2017-10-26,23.24596405029297,28.719999313354492,28.780000686645508,28.700000762939453,28.780000686645508,415400.0
2017-10-27,23.286434173583984,28.770000457763672,28.770000457763672,28.700000762939453,28.700000762939453,348300.0
2017-10-30,23.34308433532715,28.84000015258789,28.850000381469727,28.780000686645508,28.799999237060547,207100.0
2017-10-31,23.318805694580078,28.809999465942383,28.850000381469727,28.809999465942383,28.850000381469727,375000.0
2017-11-01,23.330974578857422,28.760000228881836,28.809999465942383,28.739999771118164,28.770000457763672,200400.0
2017-11-02,23.37154197692871,28.809999465942383,28.81999969482422,28.760000228881836,28.799999237060547,382900.0
2017-11-03,23.379648208618164,28.81999969482422,28.84000015258789,28.790000915527344,28.799999237060547,165200.0
2017-11-06,23.412097930908203,28.860000610351562,28.8700008392334,28.829999923706055,28.850000381469727,242000.0
2017-11-07,23.412097930908203,28.860000610351562,28.8799991607666,28.81999969482422,28.860000610351562,429100.0
2017-11-08,23.412097930908203,28.860000610351562,28.8700008392334,28.809999465942383,28.860000610351562,487800.0
2017-11-09,23.38776206970215,28.829999923706055,28.84000015258789,28.790000915527344,28.809999465942383,461400.0
2017-11-10,23.29852294921875,28.719999313354492,28.790000915527344,28.719999313354492,28.760000228881836,286400.0
2017-11-13,23.290407180786133,28.709999084472656,28.729999542236328,28.700000762939453,28.729999542236328,237100.0
2017-11-14,23.30664825439453,28.729999542236328,28.739999771118164,28.690000534057617,28.709999084472656,342700.0
2017-11-15,23.363420486450195,28.799999237060547,28.809999465942383,28.729999542236328,28.780000686645508,254500.0
2017-11-16,23.330974578857422,28.760000228881836,28.790000915527344,28.75,28.770000457763672,228100.0
2017-11-17,23.355310440063477,28.790000915527344,28.799999237060547,28.75,28.75,449700.0
2017-11-20,23.347206115722656,28.780000686645508,28.790000915527344,28.75,28.770000457763672,497800.0
2017-11-21,23.330974578857422,28.760000228881836,28.799999237060547,28.75,28.770000457763672,555200.0
2017-11-22,23.403982162475586,28.850000381469727,28.860000610351562,28.790000915527344,28.809999465942383,604600.0
2017-11-24,23.403982162475586,28.850000381469727,28.850000381469727,28.809999465942383,28.850000381469727,78100.0
2017-11-27,23.38776206970215,28.829999923706055,28.850000381469727,28.809999465942383,28.850000381469727,376800.0
2017-11-28,23.3958683013916,28.84000015258789,28.8700008392334,28.81999969482422,28.860000610351562,471600.0
2017-11-29,23.355310440063477,28.790000915527344,28.809999465942383,28.760000228881836,28.799999237060547,680500.0
2017-11-30,23.32286262512207,28.75,28.790000915527344,28.719999313354492,28.770000457763672,431200.0
2017-12-01,23.358640670776367,28.729999542236328,28.790000915527344,28.65999984741211,28.68000030517578,882700.0
2017-12-04,23.383028030395508,28.760000228881836,28.760000228881836,28.709999084472656,28.729999542236328,519000.0
2017-12-05,23.39116096496582,28.770000457763672,28.770000457763672,28.719999313354492,28.739999771118164,2023600.0
2017-12-06,23.42367935180664,28.809999465942383,28.850000381469727,28.799999237060547,28.84000015258789,616800.0
2017-12-07,23.399290084838867,28.780000686645508,28.84000015258789,28.770000457763672,28.81999969482422,357000.0
2017-12-08,23.383028030395508,28.760000228881836,28.790000915527344,28.739999771118164,28.790000915527344,559100.0
2017-12-11,23.358640670776367,28.729999542236328,28.809999465942383,28.729999542236328,28.780000686645508,392400.0
2017-12-12,23.36676597595215,28.739999771118164,28.75,28.700000762939453,28.75,334100.0
2017-12-13,23.42367935180664,28.809999465942383,28.809999465942383,28.739999771118164,28.780000686645508,861900.0
2017-12-14,23.43994140625,28.829999923706055,28.829999923706055,28.780000686645508,28.81999969482422,352300.0
2017-12-15,23.44807243347168,28.84000015258789,28.84000015258789,28.799999237060547,28.81999969482422,267100.0
2017-12-18,23.42367935180664,28.809999465942383,28.84000015258789,28.780000686645508,28.84000015258789,592200.0
2017-12-19,23.345457077026367,28.649999618530273,28.700000762939453,28.59000015258789,28.690000534057617,595100.0
2017-12-20,23.304704666137695,28.600000381469727,28.610000610351562,28.559999465942383,28.610000610351562,664600.0
2017-12-21,23.304704666137695,28.600000381469727,28.610000610351562,28.559999465942383,28.600000381469727,739600.0
2017-12-22,23.304704666137695,28.600000381469727,28.639999389648438,28.579999923706055,28.639999389648438,360000.0
2017-12-26,23.353595733642578,28.65999984741211,28.65999984741211,28.610000610351562,28.6299991607666,379400.0
2017-12-27,23.4106502532959,28.729999542236328,28.729999542236328,28.649999618530273,28.690000534057617,790200.0
2017-12-28,23.40248680114746,28.719999313354492,28.739999771118164,28.700000762939453,28.729999542236328,444100.0
2017-12-29,23.41878318786621,28.739999771118164,28.760000228881836,28.719999313354492,28.729999542236328,1178300.0
2018-01-02,23.386199951171875,28.700000762939453,28.739999771118164,28.670000076293945,28.739999771118164,2199400.0
2018-01-03,23.369901657104492,28.68000030517578,28.719999313354492,28.68000030517578,28.709999084472656,614700.0
2018-01-04,23.369901657104492,28.68000030517578,28.700000762939453,28.639999389648438,28.68000030517578,1372400.0
2018-01-05,23.353595733642578,28.65999984741211,28.709999084472656,28.639999389648438,28.700000762939453,1046900.0
2018-01-08,23.36174964904785,28.670000076293945,28.700000762939453,28.639999389648438,28.700000762939453,604600.0
2018-01-09,23.288415908813477,28.579999923706055,28.649999618530273,28.56999969482422,28.649999618530273,1804500.0
2018-01-10,23.280271530151367,28.56999969482422,28.579999923706055,28.510000228881836,28.549999237060547,4438300.0
2018-01-11,23.304704666137695,28.600000381469727,28.610000610351562,28.540000915527344,28.59000015258789,1232800.0
2018-01-12,23.304704666137695,28.600000381469727,28.610000610351562,28.549999237060547,28.59000015258789,1122100.0
2018-01-16,23.32100486755371,28.6200008392334,28.639999389648438,28.59000015258789,28.600000381469727,4245200.0
2018-01-17,23.288415908813477,28.579999923706055,28.610000610351562,28.559999465942383,28.610000610351562,1242400.0
2018-01-18,23.231374740600586,28.510000228881836,28.549999237060547,28.489999771118164,28.530000686645508,4050400.0
2018-01-19,23.18248748779297,28.450000762939453,28.520000457763672,28.440000534057617,28.520000457763672,4324400.0
2018-01-22,23.174339294433594,28.440000534057617,28.489999771118164,28.420000076293945,28.479999542236328,614400.0
2018-01-23,23.206926345825195,28.479999542236328,28.479999542236328,28.440000534057617,28.469999313354492,691800.0
2018-01-24,23.18248748779297,28.450000762939453,28.450000762939453,28.420000076293945,28.450000762939453,502400.0
2018-01-25,23.2150821685791,28.489999771118164,28.5,28.40999984741211,28.440000534057617,615600.0
2018-01-26,23.18248748779297,28.450000762939453,28.479999542236328,28.43000030517578,28.479999542236328,453600.0
2018-01-29,23.166187286376953,28.43000030517578,28.43000030517578,28.389999389648438,28.420000076293945,677800.0
2018-01-30,23.109153747558594,28.360000610351562,28.43000030517578,28.360000610351562,28.420000076293945,567100.0
2018-01-31,23.133594512939453,28.389999389648438,28.40999984741211,28.329999923706055,28.389999389648438,580600.0
2018-02-01,23.05438232421875,28.229999542236328,28.329999923706055,28.229999542236328,28.299999237060547,313100.0
2018-02-02,23.00537872314453,28.170000076293945,28.200000762939453,28.1299991607666,28.200000762939453,925800.0
2018-02-05,23.08704376220703,28.270000457763672,28.280000686645508,28.1200008392334,28.1299991607666,550200.0
2018-02-06,23.02988052368164,28.200000762939453,28.25,28.190000534057617,28.25,514100.0
2018-02-07,22.989044189453125,28.149999618530273,28.219999313354492,28.1299991607666,28.200000762939453,459800.0
2018-02-08,22.940048217773438,28.09000015258789,28.149999618530273,28.079999923706055,28.09000015258789,410700.0
2018-02-09,22.891040802001953,28.030000686645508,28.100000381469727,28.030000686645508,28.06999969482422,1208400.0
2018-02-12,22.915544509887695,28.059999465942383,28.09000015258789,28.020000457763672,28.020000457763672,329500.0
2018-02-13,22.923715591430664,28.06999969482422,28.06999969482422,28.030000686645508,28.059999465942383,365800.0
2018-02-14,22.850215911865234,27.979999542236328,28.049999237060547,27.969999313354492,28.030000686645508,413900.0
2018-02-15,22.866546630859375,28.0,28.020000457763672,27.959999084472656,27.989999771118164,759000.0
2018-02-16,22.891040802001953,28.030000686645508,28.06999969482422,28.0,28.030000686645508,653100.0
2018-02-20,22.882875442504883,28.020000457763672,28.049999237060547,27.979999542236328,28.020000457763672,408400.0
2018-02-21,22.82571029663086,27.950000762939453,28.049999237060547,27.93000030517578,28.030000686645508,3034500.0
2018-02-22,22.8420467376709,27.969999313354492,28.010000228881836,27.940000534057617,27.989999771118164,1120800.0
2018-02-23,22.891040802001953,28.030000686645508,28.040000915527344,27.979999542236328,28.030000686645508,531800.0
2018-02-26,22.923715591430664,28.06999969482422,28.09000015258789,28.049999237060547,28.09000015258789,301400.0
2018-02-27,22.866546630859375,28.0,28.09000015258789,27.959999084472656,28.09000015258789,511700.0
2018-02-28,22.891040802001953,28.030000686645508,28.040000915527344,27.989999771118164,28.030000686645508,276200.0
2018-03-01,22.927066802978516,28.010000228881836,28.030000686645508,27.959999084472656,28.020000457763672,610300.0
2018-03-02,22.894311904907227,27.969999313354492,28.010000228881836,27.940000534057617,28.0,414800.0
2018-03-05,22.886138916015625,27.959999084472656,28.010000228881836,27.93000030517578,28.010000228881836,335100.0
2018-03-06,22.894311904907227,27.969999313354492,28.0,27.950000762939453,27.950000762939453,528500.0
2018-03-07,22.894311904907227,27.969999313354492,28.0,27.950000762939453,27.979999542236328,549300.0
2018-03-08,22.91068458557129,27.989999771118164,28.020000457763672,27.959999084472656,27.979999542236328,519200.0
2018-03-09,22.886138916015625,27.959999084472656,27.979999542236328,27.950000762939453,27.959999084472656,624200.0
2018-03-12,22.902503967285156,27.979999542236328,27.989999771118164,27.950000762939453,27.979999542236328,311000.0
2018-03-13,22.918869018554688,28.0,28.010000228881836,27.969999313354492,28.010000228881836,693300.0
2018-03-14,22.94343376159668,28.030000686645508,28.059999465942383,27.979999542236328,27.989999771118164,316200.0
2018-03-15,22.959806442260742,28.049999237060547,28.059999465942383,28.030000686645508,28.049999237060547,274800.0
2018-03-16,22.94343376159668,28.030000686645508,28.040000915527344,28.010000228881836,28.040000915527344,352500.0
2018-03-19,22.927066802978516,28.010000228881836,28.040000915527344,27.969999313354492,28.030000686645508,545400.0
2018-03-20,22.902503967285156,27.979999542236328,27.989999771118164,27.969999313354492,27.979999542236328,325600.0
2018-03-21,22.8697566986084,27.940000534057617,27.969999313354492,27.90999984741211,27.950000762939453,304500.0
2018-03-22,22.918869018554688,28.0,28.049999237060547,27.979999542236328,28.010000228881836,506500.0
2018-03-23,22.918869018554688,28.0,28.040000915527344,28.0,28.0,330700.0
2018-03-26,22.918869018554688,28.0,28.040000915527344,28.0,28.010000228881836,404300.0
2018-03-27,22.959806442260742,28.049999237060547,28.06999969482422,27.989999771118164,27.989999771118164,356300.0
2018-03-28,22.967985153198242,28.059999465942383,28.1200008392334,28.059999465942383,28.09000015258789,318000.0
2018-03-29,23.04983901977539,28.15999984741211,28.190000534057617,28.079999923706055,28.079999923706055,678800.0
2018-04-02,23.06378746032715,28.110000610351562,28.1299991607666,28.059999465942383,28.09000015258789,544600.0
2018-04-03,23.039173126220703,28.079999923706055,28.100000381469727,28.040000915527344,28.100000381469727,950100.0
2018-04-04,23.014564514160156,28.049999237060547,28.100000381469727,28.030000686645508,28.09000015258789,361600.0
2018-04-05,22.989948272705078,28.020000457763672,28.049999237060547,27.989999771118164,28.020000457763672,966400.0
2018-04-06,23.039173126220703,28.079999923706055,28.09000015258789,28.010000228881836,28.079999923706055,421100.0
2018-04-09,23.047382354736328,28.09000015258789,28.110000610351562,28.010000228881836,28.06999969482422,392800.0
2018-04-10,23.006351470947266,28.040000915527344,28.100000381469727,28.030000686645508,28.06999969482422,773400.0
2018-04-11,23.039173126220703,28.079999923706055,28.110000610351562,28.059999465942383,28.059999465942383,289100.0
2018-04-12,23.006351470947266,28.040000915527344,28.06999969482422,28.020000457763672,28.06999969482422,332300.0
2018-04-13,23.006351470947266,28.040000915527344,28.049999237060547,28.0,28.010000228881836,299900.0
2018-04-16,23.022762298583984,28.059999465942383,28.059999465942383,27.979999542236328,28.040000915527344,276100.0
2018-04-17,23.030960083007812,28.06999969482422,28.079999923706055,28.0,28.030000686645508,429800.0
2018-04-18,22.96532440185547,27.989999771118164,28.049999237060547,27.989999771118164,28.040000915527344,384200.0
2018-04-19,22.924299240112305,27.940000534057617,27.959999084472656,27.90999984741211,27.950000762939453,9264400.0
2018-04-20,22.85045623779297,27.850000381469727,27.899999618530273,27.850000381469727,27.899999618530273,444000.0
2018-04-23,22.825849533081055,27.81999969482422,27.8700008392334,27.799999237060547,27.84000015258789,2010800.0
2018-04-24,22.825849533081055,27.81999969482422,27.829999923706055,27.790000915527344,27.829999923706055,764100.0
2018-04-25,22.76841926574707,27.75,27.799999237060547,27.729999542236328,27.770000457763672,817600.0
2018-04-26,22.801233291625977,27.790000915527344,27.799999237060547,27.760000228881836,27.760000228881836,797900.0
2018-04-27,22.842260360717773,27.84000015258789,27.84000015258789,27.790000915527344,27.790000915527344,234300.0
2018-04-30,22.85045623779297,27.850000381469727,27.889999389648438,27.829999923706055,27.860000610351562,704400.0
2018-05-01,22.823328018188477,27.75,27.790000915527344,27.739999771118164,27.790000915527344,519000.0
2018-05-02,22.815088272094727,27.739999771118164,27.780000686645508,27.729999542236328,27.780000686645508,300100.0
2018-05-03,22.831544876098633,27.760000228881836,27.799999237060547,27.75,27.75,319800.0
2018-05-04,22.831544876098633,27.760000228881836,27.799999237060547,27.75,27.799999237060547,208600.0
2018-05-07,22.847999572753906,27.780000686645508,27.790000915527344,27.760000228881836,27.790000915527344,275400.0
2018-05-08,22.823328018188477,27.75,27.770000457763672,27.719999313354492,27.760000228881836,1449400.0
2018-05-09,22.798654556274414,27.719999313354492,27.75,27.709999084472656,27.729999542236328,512100.0
2018-05-10,22.831544876098633,27.760000228881836,27.760000228881836,27.709999084472656,27.719999313354492,472800.0
2018-05-11,22.83976936340332,27.770000457763672,27.790000915527344,27.760000228881836,27.790000915527344,418200.0
2018-05-14,22.83976936340332,27.770000457763672,27.790000915527344,27.760000228881836,27.790000915527344,453000.0
2018-05-15,22.749298095703125,27.65999984741211,27.709999084472656,27.639999389648438,27.65999984741211,302900.0
2018-05-16,22.716405868530273,27.6200008392334,27.649999618530273,27.610000610351562,27.6299991607666,506000.0
2018-05-17,22.675277709960938,27.56999969482422,27.6200008392334,27.56999969482422,27.579999923706055,546000.0
2018-05-18,22.732851028442383,27.639999389648438,27.649999618530273,27.579999923706055,27.610000610351562,472800.0
2018-05-21,22.749298095703125,27.65999984741211,27.670000076293945,27.639999389648438,27.670000076293945,395100.0
2018-05-22,22.749298095703125,27.65999984741211,27.670000076293945,27.610000610351562,27.65999984741211,617300.0
2018-05-23,22.790422439575195,27.709999084472656,27.719999313354492,27.68000030517578,27.709999084472656,678000.0
2018-05-24,22.847999572753906,27.780000686645508,27.809999465942383,27.75,27.790000915527344,370000.0
2018-05-25,22.905563354492188,27.850000381469727,27.860000610351562,27.809999465942383,27.809999465942383,242000.0
2018-05-29,23.037168502807617,28.010000228881836,28.040000915527344,27.90999984741211,27.920000076293945,578700.0
2018-05-30,23.020706176757812,27.989999771118164,28.079999923706055,27.950000762939453,28.079999923706055,384100.0
2018-05-31,22.99604034423828,27.959999084472656,28.020000457763672,27.940000534057617,27.950000762939453,240900.0
2018-06-01,22.96965789794922,27.860000610351562,27.8799991607666,27.75,27.809999465942383,1047900.0
2018-06-04,22.903701782226562,27.780000686645508,27.84000015258789,27.770000457763672,27.829999923706055,277800.0
2018-06-05,22.928436279296875,27.809999465942383,27.829999923706055,27.780000686645508,27.799999237060547,301900.0
2018-06-06,22.870710372924805,27.739999771118164,27.780000686645508,27.729999542236328,27.760000228881836,874900.0
2018-06-07,22.903701782226562,27.780000686645508,27.799999237060547,27.709999084472656,27.760000228881836,889100.0
2018-06-08,22.903701782226562,27.780000686645508,27.799999237060547,27.760000228881836,27.799999237060547,300200.0
2018-06-11,22.878971099853516,27.75,27.760000228881836,27.719999313354492,27.719999313354492,365000.0
2018-06-12,22.88720703125,27.760000228881836,27.770000457763672,27.709999084472656,27.719999313354492,1897200.0
2018-06-13,22.878971099853516,27.75,27.790000915527344,27.700000762939453,27.770000457763672,381900.0
2018-06-14,22.911943435668945,27.790000915527344,27.790000915527344,27.739999771118164,27.770000457763672,466300.0
2018-06-15,22.928436279296875,27.809999465942383,27.84000015258789,27.790000915527344,27.829999923706055,430300.0
2018-06-18,22.928436279296875,27.809999465942383,27.829999923706055,27.770000457763672,27.829999923706055,564000.0
2018-06-19,22.961406707763672,27.850000381469727,27.850000381469727,27.81999969482422,27.850000381469727,350200.0
2018-06-20,22.911943435668945,27.790000915527344,27.850000381469727,27.770000457763672,27.850000381469727,299700.0
2018-06-21,22.920181274414062,27.799999237060547,27.81999969482422,27.760000228881836,27.760000228881836,250100.0
2018-06-22,22.903701782226562,27.780000686645508,27.84000015258789,27.780000686645508,27.809999465942383,499900.0
2018-06-25,22.928436279296875,27.809999465942383,27.84000015258789,27.780000686645508,27.829999923706055,401800.0
2018-06-26,22.94491958618164,27.829999923706055,27.850000381469727,27.780000686645508,27.829999923706055,242700.0
2018-06-27,23.00263023376465,27.899999618530273,27.90999984741211,27.829999923706055,27.8799991607666,338900.0
2018-06-28,22.98614501953125,27.8799991607666,27.90999984741211,27.8700008392334,27.8799991607666,378300.0
2018-06-29,22.99439239501953,27.889999389648438,27.899999618530273,27.850000381469727,27.889999389648438,372400.0
2018-07-02,22.985294342041016,27.809999465942383,27.850000381469727,27.790000915527344,27.850000381469727,752800.0
2018-07-03,23.018360137939453,27.850000381469727,27.889999389648438,27.809999465942383,27.81999969482422,254400.0
2018-07-05,23.05142593383789,27.889999389648438,27.899999618530273,27.850000381469727,27.8700008392334,536400.0
2018-07-06,23.059680938720703,27.899999618530273,27.920000076293945,27.8799991607666,27.899999618530273,813100.0
2018-07-09,23.05142593383789,27.889999389648438,27.899999618530273,27.850000381469727,27.860000610351562,436500.0
2018-07-10,23.034887313842773,27.8700008392334,27.889999389648438,27.850000381469727,27.889999389648438,597500.0
2018-07-11,23.05142593383789,27.889999389648438,27.920000076293945,27.860000610351562,27.899999618530273,572800.0
2018-07-12,23.059680938720703,27.899999618530273,27.920000076293945,27.8700008392334,27.90999984741211,243900.0
2018-07-13,23.101003646850586,27.950000762939453,27.950000762939453,27.90999984741211,27.93000030517578,201100.0
2018-07-16,23.07621955871582,27.920000076293945,27.940000534057617,27.8799991607666,27.920000076293945,233500.0
2018-07-17,23.05142593383789,27.889999389648438,27.920000076293945,27.8799991607666,27.90999984741211,330500.0
2018-07-18,23.043155670166016,27.8799991607666,27.90999984741211,27.860000610351562,27.8799991607666,326500.0
2018-07-19,23.07621955871582,27.920000076293945,27.940000534057617,27.8799991607666,27.8799991607666,776300.0
2018-07-20,23.034887313842773,27.8700008392334,27.93000030517578,27.850000381469727,27.889999389648438,285800.0
2018-07-23,22.960500717163086,27.780000686645508,27.829999923706055,27.780000686645508,27.809999465942383,318400.0
2018-07-24,22.968769073486328,27.790000915527344,27.790000915527344,27.760000228881836,27.790000915527344,202200.0
2018-07-25,23.0018310546875,27.829999923706055,27.850000381469727,27.790000915527344,27.790000915527344,371800.0
2018-07-26,22.985294342041016,27.809999465942383,27.829999923706055,27.790000915527344,27.829999923706055,271800.0
2018-07-27,22.985294342041016,27.809999465942383,27.84000015258789,27.780000686645508,27.84000015258789,292100.0
2018-07-30,22.977033615112305,27.799999237060547,27.829999923706055,27.780000686645508,27.809999465942383,236000.0
2018-07-31,23.0018310546875,27.829999923706055,27.860000610351562,27.799999237060547,27.809999465942383,335500.0
2018-08-01,22.985246658325195,27.739999771118164,27.770000457763672,27.700000762939453,27.700000762939453,613200.0
2018-08-02,22.985246658325195,27.739999771118164,27.739999771118164,27.700000762939453,27.729999542236328,354700.0
2018-08-03,23.001827239990234,27.760000228881836,27.780000686645508,27.739999771118164,27.780000686645508,357600.0
2018-08-06,23.051546096801758,27.81999969482422,27.829999923706055,27.799999237060547,27.799999237060547,285700.0
2018-08-07,23.026683807373047,27.790000915527344,27.829999923706055,27.770000457763672,27.829999923706055,1336400.0
2018-08-08,22.985246658325195,27.739999771118164,27.780000686645508,27.729999542236328,27.780000686645508,452900.0
2018-08-09,23.026683807373047,27.790000915527344,27.809999465942383,27.770000457763672,27.780000686645508,623300.0
2018-08-10,23.1344051361084,27.920000076293945,27.940000534057617,27.809999465942383,27.889999389648438,509200.0
2018-08-13,23.117834091186523,27.899999618530273,27.90999984741211,27.860000610351562,27.899999618530273,383300.0
2018-08-14,23.09296989440918,27.8700008392334,27.899999618530273,27.8700008392334,27.899999618530273,271800.0
2018-08-15,23.117834091186523,27.899999618530273,27.940000534057617,27.850000381469727,27.850000381469727,401400.0
2018-08-16,23.117834091186523,27.899999618530273,27.950000762939453,27.889999389648438,27.950000762939453,328400.0
2018-08-17,23.14268684387207,27.93000030517578,27.959999084472656,27.899999618530273,27.93000030517578,308500.0
2018-08-20,23.192401885986328,27.989999771118164,27.989999771118164,27.950000762939453,27.979999542236328,605100.0
2018-08-21,23.159259796142578,27.950000762939453,28.0,27.93000030517578,28.0,418700.0
2018-08-22,23.16755485534668,27.959999084472656,27.989999771118164,27.940000534057617,27.979999542236328,302800.0
2018-08-23,23.16755485534668,27.959999084472656,27.979999542236328,27.959999084472656,27.959999084472656,357300.0
2018-08-24,23.192401885986328,27.989999771118164,28.0,27.940000534057617,27.969999313354492,243800.0
2018-08-27,23.159259796142578,27.950000762939453,27.979999542236328,27.950000762939453,27.969999313354492,364400.0
2018-08-28,23.12611198425293,27.90999984741211,27.950000762939453,27.90999984741211,27.950000762939453,366800.0
2018-08-29,23.1344051361084,27.920000076293945,27.940000534057617,27.8799991607666,27.899999618530273,508700.0
2018-08-30,23.1344051361084,27.920000076293945,27.950000762939453,27.90999984741211,27.90999984741211,645900.0
2018-08-31,23.15097427368164,27.940000534057617,27.989999771118164,27.93000030517578,27.969999313354492,283600.0
2018-09-04,23.110273361206055,27.81999969482422,27.959999084472656,27.81999969482422,27.959999084472656,500900.0
2018-09-05,23.110273361206055,27.81999969482422,27.829999923706055,27.799999237060547,27.809999465942383,404900.0
2018-09-06,23.12688636779785,27.84000015258789,27.850000381469727,27.799999237060547,27.81999969482422,323300.0
2018-09-07,23.085350036621094,27.790000915527344,27.799999237060547,27.770000457763672,27.780000686645508,251400.0
2018-09-10,23.093658447265625,27.799999237060547,27.799999237060547,27.780000686645508,27.790000915527344,358200.0
2018-09-11,23.043811798095703,27.739999771118164,27.780000686645508,27.709999084472656,27.780000686645508,488900.0
2018-09-12,23.052120208740234,27.75,27.770000457763672,27.739999771118164,27.760000228881836,399800.0
2018-09-13,23.06873321533203,27.770000457763672,27.790000915527344,27.729999542236328,27.770000457763672,563500.0
2018-09-14,23.043811798095703,27.739999771118164,27.760000228881836,27.709999084472656,27.739999771118164,382000.0
2018-09-17,23.043811798095703,27.739999771118164,27.760000228881836,27.670000076293945,27.670000076293945,273300.0
2018-09-18,22.985666275024414,27.670000076293945,27.709999084472656,27.65999984741211,27.690000534057617,381600.0
2018-09-19,22.944137573242188,27.6200008392334,27.649999618530273,27.600000381469727,27.6200008392334,519700.0
2018-09-20,22.960742950439453,27.639999389648438,27.649999618530273,27.610000610351562,27.6200008392334,341000.0
2018-09-21,22.960742950439453,27.639999389648438,27.649999618530273,27.610000610351562,27.610000610351562,375400.0
2018-09-24,22.944137573242188,27.6200008392334,27.65999984741211,27.610000610351562,27.610000610351562,233300.0
2018-09-25,22.935827255249023,27.610000610351562,27.6200008392334,27.600000381469727,27.6200008392334,524500.0
2018-09-26,22.960742950439453,27.639999389648438,27.68000030517578,27.610000610351562,27.610000610351562,567000.0
2018-09-27,22.993976593017578,27.68000030517578,27.690000534057617,27.639999389648438,27.690000534057617,385500.0
2018-09-28,23.018892288208008,27.709999084472656,27.729999542236328,27.68000030517578,27.729999542236328,487400.0
2018-10-01,22.98558235168457,27.600000381469727,27.6299991607666,27.579999923706055,27.59000015258789,307300.0
2018-10-02,23.002246856689453,27.6200008392334,27.639999389648438,27.600000381469727,27.6200008392334,617100.0
2018-10-03,22.902297973632812,27.5,27.6200008392334,27.489999771118164,27.610000610351562,577400.0
2018-10-04,22.86066436767578,27.450000762939453,27.489999771118164,27.40999984741211,27.489999771118164,459400.0
2018-10-05,22.80236053466797,27.3799991607666,27.40999984741211,27.299999237060547,27.299999237060547,654700.0
2018-10-08,22.78570556640625,27.360000610351562,27.389999389648438,27.350000381469727,27.350000381469727,672800.0
2018-10-09,22.810697555541992,27.389999389648438,27.399999618530273,27.350000381469727,27.360000610351562,607500.0
2018-10-10,22.810697555541992,27.389999389648438,27.389999389648438,27.350000381469727,27.350000381469727,463200.0
2018-10-11,22.868988037109375,27.459999084472656,27.469999313354492,27.3799991607666,27.3799991607666,801800.0
2018-10-12,22.88564109802246,27.479999542236328,27.510000228881836,27.440000534057617,27.469999313354492,499000.0
2018-10-15,22.84400177001953,27.43000030517578,27.479999542236328,27.420000076293945,27.440000534057617,1097900.0
2018-10-16,22.86066436767578,27.450000762939453,27.469999313354492,27.420000076293945,27.43000030517578,520300.0
2018-10-17,22.82733917236328,27.40999984741211,27.469999313354492,27.40999984741211,27.469999313354492,1024000.0
2018-10-18,22.82733917236328,27.40999984741211,27.420000076293945,27.360000610351562,27.399999618530273,234700.0
2018-10-19,22.794038772583008,27.3700008392334,27.3799991607666,27.34000015258789,27.3799991607666,366100.0
2018-10-22,22.777372360229492,27.350000381469727,27.389999389648438,27.329999923706055,27.389999389648438,393200.0
2018-10-23,22.81901741027832,27.399999618530273,27.440000534057617,27.3799991607666,27.440000534057617,362900.0
2018-10-24,22.87731170654297,27.469999313354492,27.479999542236328,27.399999618530273,27.399999618530273,665300.0
2018-10-25,22.84400177001953,27.43000030517578,27.469999313354492,27.420000076293945,27.440000534057617,413000.0
2018-10-26,22.89397621154785,27.489999771118164,27.520000457763672,27.459999084472656,27.459999084472656,316400.0
2018-10-29,22.902297973632812,27.5,27.530000686645508,27.469999313354492,27.530000686645508,526500.0
2018-10-30,22.86066436767578,27.450000762939453,27.479999542236328,27.43000030517578,27.469999313354492,315200.0
2018-10-31,22.810697555541992,27.389999389648438,27.440000534057617,27.389999389648438,27.420000076293945,444000.0
2018-11-01,22.820707321166992,27.329999923706055,27.350000381469727,27.290000915527344,27.329999923706055,396400.0
2018-11-02,22.778961181640625,27.280000686645508,27.34000015258789,27.260000228881836,27.309999465942383,3692200.0
2018-11-05,22.753910064697266,27.25,27.290000915527344,27.239999771118164,27.290000915527344,1007900.0
2018-11-06,22.778961181640625,27.280000686645508,27.290000915527344,27.239999771118164,27.290000915527344,884500.0
2018-11-07,22.778961181640625,27.280000686645508,27.34000015258789,27.270000457763672,27.299999237060547,749200.0
2018-11-08,22.762248992919922,27.260000228881836,27.309999465942383,27.25,27.309999465942383,3870400.0
2018-11-09,22.778961181640625,27.280000686645508,27.309999465942383,27.260000228881836,27.260000228881836,952400.0
2018-11-12,22.804006576538086,27.309999465942383,27.309999465942383,27.270000457763672,27.280000686645508,470500.0
2018-11-13,22.804006576538086,27.309999465942383,27.329999923706055,27.260000228881836,27.309999465942383,664800.0
2018-11-14,22.829057693481445,27.34000015258789,27.360000610351562,27.299999237060547,27.309999465942383,731600.0
2018-11-15,22.837417602539062,27.350000381469727,27.360000610351562,27.31999969482422,27.350000381469727,915100.0
2018-11-16,22.90420913696289,27.43000030517578,27.43000030517578,27.329999923706055,27.350000381469727,498600.0
2018-11-19,22.920907974243164,27.450000762939453,27.450000762939453,27.399999618530273,27.399999618530273,391500.0
2018-11-20,22.90420913696289,27.43000030517578,27.450000762939453,27.389999389648438,27.40999984741211,903500.0
2018-11-21,22.920907974243164,27.450000762939453,27.450000762939453,27.389999389648438,27.43000030517578,767200.0
2018-11-23,22.895862579345703,27.420000076293945,27.469999313354492,27.420000076293945,27.420000076293945,316300.0
2018-11-26,22.895862579345703,27.420000076293945,27.459999084472656,27.40999984741211,27.43000030517578,412000.0
2018-11-27,22.920907974243164,27.450000762939453,27.479999542236328,27.399999618530273,27.399999618530273,2781400.0
2018-11-28,22.91256332397461,27.440000534057617,27.489999771118164,27.40999984741211,27.459999084472656,1298200.0
2018-11-29,22.962665557861328,27.5,27.5,27.440000534057617,27.469999313354492,835900.0
2018-11-30,22.954317092895508,27.489999771118164,27.5,27.450000762939453,27.459999084472656,378400.0
2018-12-03,22.997011184692383,27.469999313354492,27.469999313354492,27.3799991607666,27.420000076293945,648700.0
2018-12-04,23.055614471435547,27.540000915527344,27.56999969482422,27.489999771118164,27.5,1923600.0
2018-12-06,23.09746742248535,27.59000015258789,27.610000610351562,27.520000457763672,27.579999923706055,601100.0
2018-12-07,23.1476993560791,27.649999618530273,27.649999618530273,27.510000228881836,27.559999465942383,911600.0
2018-12-10,23.1476993560791,27.649999618530273,27.719999313354492,27.6299991607666,27.719999313354492,1078500.0
2018-12-11,23.139324188232422,27.639999389648438,27.68000030517578,27.610000610351562,27.65999984741211,4614600.0
2018-12-12,23.130950927734375,27.6299991607666,27.68000030517578,27.59000015258789,27.639999389648438,3757600.0
2018-12-13,23.156082153320312,27.65999984741211,27.68000030517578,27.610000610351562,27.6299991607666,1283300.0
2018-12-14,23.139324188232422,27.639999389648438,27.700000762939453,27.6200008392334,27.68000030517578,939800.0
2018-12-17,23.181180953979492,27.690000534057617,27.719999313354492,27.639999389648438,27.639999389648438,1061800.0
2018-12-18,23.26490592956543,27.790000915527344,27.809999465942383,27.700000762939453,27.75,1237500.0
2018-12-19,23.28336524963379,27.739999771118164,27.790000915527344,27.700000762939453,27.700000762939453,1024700.0
2018-12-20,23.249794006347656,27.700000762939453,27.889999389648438,27.700000762939453,27.889999389648438,1306200.0
2018-12-21,23.249794006347656,27.700000762939453,27.75,27.68000030517578,27.739999771118164,834300.0
2018-12-24,23.28336524963379,27.739999771118164,27.780000686645508,27.709999084472656,27.760000228881836,540300.0
2018-12-26,23.207820892333984,27.649999618530273,27.799999237060547,27.649999618530273,27.760000228881836,1246500.0
2018-12-27,23.26658058166504,27.719999313354492,27.760000228881836,27.65999984741211,27.65999984741211,1525800.0
2018-12-28,23.325334548950195,27.790000915527344,27.799999237060547,27.719999313354492,27.719999313354492,1013900.0
2018-12-31,23.375686645507812,27.850000381469727,27.860000610351562,27.790000915527344,27.799999237060547,1533500.0
2019-01-02,23.40087890625,27.8799991607666,27.90999984741211,27.81999969482422,27.81999969482422,4436200.0
2019-01-03,23.50159454345703,28.0,28.0,27.8799991607666,27.8799991607666,1247300.0
2019-01-04,23.409271240234375,27.889999389648438,27.940000534057617,27.889999389648438,27.920000076293945,2276400.0
2019-01-07,23.38408851623535,27.860000610351562,27.93000030517578,27.860000610351562,27.889999389648438,1444600.0
2019-01-08,23.375686645507812,27.850000381469727,27.90999984741211,27.81999969482422,27.81999969482422,1175100.0
2019-01-09,23.40087890625,27.8799991607666,27.889999389648438,27.850000381469727,27.860000610351562,1185400.0
2019-01-10,23.375686645507812,27.850000381469727,27.899999618530273,27.809999465942383,27.899999618530273,1440500.0
2019-01-11,23.392480850219727,27.8700008392334,27.899999618530273,27.8700008392334,27.889999389648438,477300.0
2019-01-14,23.40087890625,27.8799991607666,27.920000076293945,27.850000381469727,27.920000076293945,464400.0
2019-01-15,23.38408851623535,27.860000610351562,27.899999618530273,27.850000381469727,27.899999618530273,652300.0
2019-01-16,23.38408851623535,27.860000610351562,27.8700008392334,27.809999465942383,27.809999465942383,1098500.0
2019-01-17,23.358911514282227,27.829999923706055,27.8799991607666,27.829999923706055,27.8700008392334,1170500.0
2019-01-18,23.350513458251953,27.81999969482422,27.860000610351562,27.799999237060547,27.799999237060547,1026000.0
2019-01-22,23.417659759521484,27.899999618530273,27.90999984741211,27.850000381469727,27.8799991607666,2184700.0
2019-01-23,23.40087890625,27.8799991607666,27.899999618530273,27.860000610351562,27.899999618530273,1028900.0
2019-01-24,23.442846298217773,27.93000030517578,27.969999313354492,27.90999984741211,27.950000762939453,1132600.0
2019-01-25,23.434436798095703,27.920000076293945,27.950000762939453,27.90999984741211,27.950000762939453,600800.0
2019-01-28,23.45123291015625,27.940000534057617,27.950000762939453,27.920000076293945,27.940000534057617,656200.0
2019-01-29,23.484813690185547,27.979999542236328,27.979999542236328,27.920000076293945,27.93000030517578,640000.0
2019-01-30,23.53516960144043,28.040000915527344,28.040000915527344,27.959999084472656,27.979999542236328,421700.0
2019-01-31,23.619102478027344,28.139999389648438,28.149999618530273,28.049999237060547,28.09000015258789,761400.0
2019-02-01,23.554302215576172,27.989999771118164,28.059999465942383,27.969999313354492,28.059999465942383,1855100.0
2019-02-04,23.529056549072266,27.959999084472656,27.989999771118164,27.920000076293945,27.989999771118164,2653400.0
2019-02-05,23.579553604125977,28.020000457763672,28.049999237060547,27.989999771118164,28.010000228881836,643600.0
2019-02-06,23.604793548583984,28.049999237060547,28.079999923706055,28.010000228881836,28.06999969482422,666700.0
2019-02-07,23.630035400390625,28.079999923706055,28.09000015258789,28.020000457763672,28.09000015258789,1566400.0
2019-02-08,23.655284881591797,28.110000610351562,28.1200008392334,28.049999237060547,28.049999237060547,430000.0
2019-02-11,23.630035400390625,28.079999923706055,28.079999923706055,28.049999237060547,28.049999237060547,311100.0
2019-02-12,23.630035400390625,28.079999923706055,28.09000015258789,28.040000915527344,28.09000015258789,2143700.0
2019-02-13,23.59638023376465,28.040000915527344,28.059999465942383,28.010000228881836,28.010000228881836,662500.0
2019-02-14,23.613208770751953,28.059999465942383,28.110000610351562,28.059999465942383,28.110000610351562,669600.0
2019-02-15,23.621627807617188,28.06999969482422,28.100000381469727,28.049999237060547,28.059999465942383,748500.0
2019-02-19,23.672119140625,28.1299991607666,28.139999389648438,28.079999923706055,28.079999923706055,6685600.0
2019-02-20,23.646869659423828,28.100000381469727,28.139999389648438,28.09000015258789,28.1200008392334,950900.0
2019-02-21,23.621627807617188,28.06999969482422,28.079999923706055,28.040000915527344,28.079999923706055,793900.0
2019-02-22,23.672119140625,28.1299991607666,28.139999389648438,28.06999969482422,28.110000610351562,490900.0
2019-02-25,23.646869659423828,28.100000381469727,28.1299991607666,28.079999923706055,28.1299991607666,731000.0
2019-02-26,23.680538177490234,28.139999389648438,28.15999984741211,28.110000610351562,28.149999618530273,542900.0
2019-02-27,23.638458251953125,28.09000015258789,28.1299991607666,28.09000015258789,28.100000381469727,1123800.0
2019-02-28,23.58796501159668,28.030000686645508,28.100000381469727,28.030000686645508,28.100000381469727,1391100.0
2019-03-01,23.564348220825195,27.93000030517578,28.0,27.899999618530273,27.979999542236328,2663100.0
2019-03-04,23.606529235839844,27.979999542236328,27.979999542236328,27.950000762939453,27.979999542236328,1164400.0
2019-03-05,23.623395919799805,28.0,28.0,27.950000762939453,27.979999542236328,1004500.0
2019-03-06,23.640277862548828,28.020000457763672,28.040000915527344,27.989999771118164,27.989999771118164,944400.0
2019-03-07,23.69933319091797,28.09000015258789,28.1200008392334,28.049999237060547,28.06999969482422,465300.0
2019-03-08,23.74152183532715,28.139999389648438,28.139999389648438,28.06999969482422,28.110000610351562,641500.0
2019-03-11,23.72464942932129,28.1200008392334,28.1299991607666,28.079999923706055,28.1200008392334,833100.0
2019-03-12,23.7752685546875,28.18000030517578,28.200000762939453,28.1299991607666,28.139999389648438,877900.0
2019-03-13,23.75838851928711,28.15999984741211,28.190000534057617,28.149999618530273,28.190000534057617,414200.0
2019-03-14,23.733081817626953,28.1299991607666,28.18000030517578,28.1200008392334,28.18000030517578,341700.0
2019-03-15,23.7752685546875,28.18000030517578,28.200000762939453,28.15999984741211,28.18000030517578,360500.0
2019-03-18,23.783700942993164,28.190000534057617,28.200000762939453,28.170000076293945,28.200000762939453,802400.0
2019-03-19,23.7752685546875,28.18000030517578,28.190000534057617,28.149999618530273,28.190000534057617,2298300.0
2019-03-20,23.859636306762695,28.280000686645508,28.290000915527344,28.18000030517578,28.219999313354492,503500.0
2019-03-21,23.884944915771484,28.309999465942383,28.31999969482422,28.290000915527344,28.309999465942383,545500.0
2019-03-22,23.994626998901367,28.440000534057617,28.440000534057617,28.360000610351562,28.389999389648438,2254200.0
2019-03-25,24.045244216918945,28.5,28.540000915527344,28.43000030517578,28.469999313354492,923700.0
2019-03-26,24.05367088317871,28.510000228881836,28.520000457763672,28.459999084472656,28.479999542236328,437100.0
2019-03-27,24.095869064331055,28.559999465942383,28.579999923706055,28.510000228881836,28.530000686645508,814400.0
2019-03-28,24.104305267333984,28.56999969482422,28.56999969482422,28.520000457763672,28.549999237060547,1939900.0
2019-03-29,24.078994750976562,28.540000915527344,28.549999237060547,28.5,28.520000457763672,719500.0
2019-04-01,23.989336013793945,28.360000610351562,28.43000030517578,28.329999923706055,28.43000030517578,2066700.0
2019-04-02,23.989336013793945,28.360000610351562,28.3799991607666,28.34000015258789,28.360000610351562,1317100.0
2019-04-03,23.972414016723633,28.34000015258789,28.350000381469727,28.31999969482422,28.34000015258789,770700.0
2019-04-04,23.98086929321289,28.350000381469727,28.3700008392334,28.31999969482422,28.31999969482422,1241800.0
2019-04-05,23.997785568237305,28.3700008392334,28.3799991607666,28.350000381469727,28.360000610351562,804100.0
2019-04-08,23.997785568237305,28.3700008392334,28.40999984741211,28.350000381469727,28.40999984741211,865200.0
2019-04-09,24.014707565307617,28.389999389648438,28.399999618530273,28.360000610351562,28.399999618530273,2317700.0
2019-04-10,24.04008674621582,28.420000076293945,28.43000030517578,28.399999618530273,28.43000030517578,447400.0
2019-04-11,24.014707565307617,28.389999389648438,28.420000076293945,28.3700008392334,28.40999984741211,2360000.0
2019-04-12,23.972414016723633,28.34000015258789,28.360000610351562,28.31999969482422,28.350000381469727,546500.0
2019-04-15,23.98086929321289,28.350000381469727,28.350000381469727,28.31999969482422,28.329999923706055,570200.0
2019-04-16,23.955495834350586,28.31999969482422,28.34000015258789,28.299999237060547,28.34000015258789,516900.0
2019-04-17,23.938570022583008,28.299999237060547,28.31999969482422,28.280000686645508,28.280000686645508,719100.0
2019-04-18,23.972414016723633,28.34000015258789,28.350000381469727,28.309999465942383,28.309999465942383,590700.0
2019-04-22,23.938570022583008,28.299999237060547,28.350000381469727,28.299999237060547,28.350000381469727,617500.0
2019-04-23,23.98086929321289,28.350000381469727,28.350000381469727,28.31999969482422,28.34000015258789,580400.0
2019-04-24,24.031618118286133,28.40999984741211,28.40999984741211,28.3799991607666,28.399999618530273,912800.0
2019-04-25,24.031618118286133,28.40999984741211,28.420000076293945,28.3799991607666,28.399999618530273,403900.0
2019-04-26,24.057003021240234,28.440000534057617,28.469999313354492,28.440000534057617,28.469999313354492,679800.0
2019-04-29,24.031618118286133,28.40999984741211,28.450000762939453,28.399999618530273,28.450000762939453,378900.0
2019-04-30,24.057003021240234,28.440000534057617,28.469999313354492,28.40999984741211,28.43000030517578,893400.0
2019-05-01,24.076507568359375,28.389999389648438,28.469999313354492,28.3700008392334,28.399999618530273,1012200.0
2019-05-02,24.02562141418457,28.329999923706055,28.3799991607666,28.31999969482422,28.3799991607666,540000.0
2019-05-03,24.051067352294922,28.360000610351562,28.3799991607666,28.350000381469727,28.360000610351562,431600.0
2019-05-06,24.101953506469727,28.420000076293945,28.43000030517578,28.3799991607666,28.43000030517578,540500.0
2019-05-07,24.110431671142578,28.43000030517578,28.459999084472656,28.40999984741211,28.450000762939453,543400.0
2019-05-08,24.110431671142578,28.43000030517578,28.479999542236328,28.399999618530273,28.479999542236328,706700.0
2019-05-09,24.127395629882812,28.450000762939453,28.469999313354492,28.40999984741211,28.440000534057617,504000.0
2019-05-10,24.127395629882812,28.450000762939453,28.469999313354492,28.420000076293945,28.43000030517578,533700.0
2019-05-13,24.18675422668457,28.520000457763672,28.520000457763672,28.459999084472656,28.5,1039500.0
2019-05-14,24.169795989990234,28.5,28.530000686645508,28.479999542236328,28.479999542236328,694000.0
2019-05-15,24.229150772094727,28.56999969482422,28.56999969482422,28.510000228881836,28.549999237060547,953500.0
2019-05-16,24.195240020751953,28.530000686645508,28.549999237060547,28.5,28.540000915527344,2389300.0
2019-05-17,24.195240020751953,28.530000686645508,28.56999969482422,28.530000686645508,28.540000915527344,654600.0
2019-05-20,24.195240020751953,28.530000686645508,28.540000915527344,28.5,28.510000228881836,1060100.0
2019-05-21,24.169795989990234,28.5,28.530000686645508,28.469999313354492,28.520000457763672,589800.0
2019-05-22,24.20372772216797,28.540000915527344,28.559999465942383,28.5,28.520000457763672,996200.0
2019-05-23,24.27156639099121,28.6200008392334,28.649999618530273,28.559999465942383,28.559999465942383,2005700.0
2019-05-24,24.288528442382812,28.639999389648438,28.649999618530273,28.600000381469727,28.649999618530273,386500.0
2019-05-28,24.32244300842285,28.68000030517578,28.700000762939453,28.649999618530273,28.649999618530273,597500.0
2019-05-29,24.339418411254883,28.700000762939453,28.760000228881836,28.690000534057617,28.739999771118164,1825600.0
2019-05-30,24.39876937866211,28.770000457763672,28.780000686645508,28.690000534057617,28.700000762939453,1169000.0
2019-05-31,24.49205780029297,28.8799991607666,28.889999389648438,28.790000915527344,28.790000915527344,1961700.0
2019-06-03,24.571983337402344,28.899999618530273,28.90999984741211,28.81999969482422,28.860000610351562,2434600.0
2019-06-04,24.54648208618164,28.8700008392334,28.889999389648438,28.81999969482422,28.860000610351562,933200.0
2019-06-05,24.537979125976562,28.860000610351562,28.889999389648438,28.850000381469727,28.8700008392334,509600.0
2019-06-06,24.529468536376953,28.850000381469727,28.889999389648438,28.829999923706055,28.860000610351562,515400.0
2019-06-07,24.580486297607422,28.90999984741211,28.950000762939453,28.889999389648438,28.920000076293945,990800.0
2019-06-10,24.537979125976562,28.860000610351562,28.889999389648438,28.850000381469727,28.889999389648438,667400.0
2019-06-11,24.512466430664062,28.829999923706055,28.860000610351562,28.81999969482422,28.81999969482422,1621200.0
2019-06-12,24.55497932434082,28.8799991607666,28.889999389648438,28.84000015258789,28.84000015258789,552400.0
2019-06-13,24.580486297607422,28.90999984741211,28.940000534057617,28.889999389648438,28.920000076293945,525300.0
2019-06-14,24.597492218017578,28.93000030517578,28.940000534057617,28.899999618530273,28.90999984741211,351600.0
2019-06-17,24.605989456176758,28.940000534057617,28.950000762939453,28.90999984741211,28.950000762939453,1346900.0
2019-06-18,24.64849853515625,28.989999771118164,29.020000457763672,28.959999084472656,29.0,907300.0
2019-06-19,24.74202537536621,29.100000381469727,29.100000381469727,28.950000762939453,28.969999313354492,1224000.0
2019-06-20,24.776042938232422,29.139999389648438,29.18000030517578,29.1200008392334,29.1200008392334,1830200.0
2019-06-21,24.70801544189453,29.059999465942383,29.1200008392334,29.059999465942383,29.110000610351562,568100.0
2019-06-24,24.776042938232422,29.139999389648438,29.15999984741211,29.100000381469727,29.1299991607666,1283900.0
2019-06-25,24.776042938232422,29.139999389648438,29.18000030517578,29.1200008392334,29.170000076293945,536400.0
2019-06-26,24.716516494750977,29.06999969482422,29.139999389648438,29.06999969482422,29.139999389648438,643800.0
2019-06-27,24.79303741455078,29.15999984741211,29.15999984741211,29.100000381469727,29.100000381469727,631600.0
2019-06-28,24.801544189453125,29.170000076293945,29.18000030517578,29.1299991607666,29.149999618530273,1707200.0
2019-07-01,24.79558563232422,29.09000015258789,29.139999389648438,29.049999237060547,29.139999389648438,1475300.0
2019-07-02,24.846710205078125,29.149999618530273,29.15999984741211,29.100000381469727,29.1200008392334,848700.0
2019-07-03,24.89786720275879,29.209999084472656,29.219999313354492,29.139999389648438,29.15999984741211,533100.0
2019-07-05,24.804100036621094,29.100000381469727,29.1200008392334,29.030000686645508,29.110000610351562,606300.0
2019-07-08,24.78705596923828,29.079999923706055,29.110000610351562,29.06999969482422,29.100000381469727,1159200.0
2019-07-09,24.78705596923828,29.079999923706055,29.079999923706055,29.040000915527344,29.049999237060547,791900.0
2019-07-10,24.78705596923828,29.079999923706055,29.110000610351562,29.040000915527344,29.110000610351562,1366000.0
2019-07-11,24.701824188232422,28.979999542236328,29.059999465942383,28.969999313354492,29.059999465942383,1482400.0
2019-07-12,24.71886444091797,29.0,29.010000228881836,28.959999084472656,28.979999542236328,588300.0
2019-07-15,24.744436264038086,29.030000686645508,29.040000915527344,29.010000228881836,29.010000228881836,497900.0
2019-07-16,24.71886444091797,29.0,29.010000228881836,28.959999084472656,28.989999771118164,1680600.0
2019-07-17,24.78705596923828,29.079999923706055,29.09000015258789,29.010000228881836,29.030000686645508,670000.0
2019-07-18,24.83820152282715,29.139999389648438,29.149999618530273,29.059999465942383,29.09000015258789,743700.0
2019-07-19,24.812625885009766,29.110000610351562,29.1299991607666,29.09000015258789,29.110000610351562,648200.0
2019-07-22,24.83820152282715,29.139999389648438,29.15999984741211,29.1299991607666,29.15999984741211,479300.0
2019-07-23,24.812625885009766,29.110000610351562,29.139999389648438,29.09000015258789,29.1299991607666,737900.0
2019-07-24,24.846710205078125,29.149999618530273,29.15999984741211,29.110000610351562,29.110000610351562,554800.0
2019-07-25,24.812625885009766,29.110000610351562,29.139999389648438,29.059999465942383,29.139999389648438,530200.0
2019-07-26,24.812625885009766,29.110000610351562,29.1200008392334,29.09000015258789,29.100000381469727,479700.0
2019-07-29,24.812625885009766,29.110000610351562,29.149999618530273,29.110000610351562,29.1299991607666,441900.0
2019-07-30,24.821149826049805,29.1200008392334,29.149999618530273,29.100000381469727,29.149999618530273,881200.0
2019-07-31,24.855239868164062,29.15999984741211,29.200000762939453,29.09000015258789,29.139999389648438,1738500.0
2019-08-01,25.011619567871094,29.270000457763672,29.329999923706055,29.1200008392334,29.1299991607666,2756300.0
2019-08-02,25.045804977416992,29.309999465942383,29.31999969482422,29.270000457763672,29.299999237060547,843600.0
2019-08-05,25.156892776489258,29.440000534057617,29.440000534057617,29.3799991607666,29.399999618530273,635700.0
2019-08-06,25.208152770996094,29.5,29.5,29.399999618530273,29.450000762939453,1664600.0
2019-08-07,25.19961166381836,29.489999771118164,29.6200008392334,29.479999542236328,29.579999923706055,1692600.0
2019-08-08,25.22525405883789,29.520000457763672,29.530000686645508,29.420000076293945,29.479999542236328,2612400.0
2019-08-09,25.182525634765625,29.469999313354492,29.559999465942383,29.450000762939453,29.540000915527344,853200.0
2019-08-12,25.285070419311523,29.59000015258789,29.600000381469727,29.520000457763672,29.549999237060547,852400.0
2019-08-13,25.233800888061523,29.530000686645508,29.6200008392334,29.510000228881836,29.6200008392334,747300.0
2019-08-14,25.336339950561523,29.649999618530273,29.65999984741211,29.600000381469727,29.600000381469727,1426700.0
2019-08-15,25.438880920410156,29.770000457763672,29.790000915527344,29.65999984741211,29.65999984741211,1939300.0
2019-08-16,25.421785354614258,29.75,29.760000228881836,29.670000076293945,29.739999771118164,1569300.0
2019-08-19,25.36197853088379,29.68000030517578,29.709999084472656,29.65999984741211,29.690000534057617,766100.0
2019-08-20,25.41324806213379,29.739999771118164,29.739999771118164,29.709999084472656,29.729999542236328,685000.0
2019-08-21,25.404705047607422,29.729999542236328,29.780000686645508,29.690000534057617,29.719999313354492,1230700.0
2019-08-22,25.336339950561523,29.649999618530273,29.75,29.649999618530273,29.719999313354492,812800.0
2019-08-23,25.44742202758789,29.780000686645508,29.799999237060547,29.649999618530273,29.649999618530273,747000.0
2019-08-26,25.44742202758789,29.780000686645508,29.829999923706055,29.75,29.790000915527344,10969100.0
2019-08-27,25.507244110107422,29.850000381469727,29.860000610351562,29.790000915527344,29.799999237060547,802900.0
2019-08-28,25.515785217285156,29.860000610351562,29.920000076293945,29.850000381469727,29.90999984741211,781500.0
2019-08-29,25.498693466186523,29.84000015258789,29.860000610351562,29.790000915527344,29.829999923706055,1472600.0
2019-08-30,25.515785217285156,29.860000610351562,29.8700008392334,29.799999237060547,29.829999923706055,1296300.0
2019-09-03,25.533771514892578,29.809999465942383,29.860000610351562,29.75,29.790000915527344,2771500.0
2019-09-04,25.576602935791016,29.860000610351562,29.8700008392334,29.799999237060547,29.84000015258789,1373400.0
2019-09-05,25.456682205200195,29.719999313354492,29.790000915527344,29.65999984741211,29.790000915527344,929600.0
2019-09-06,25.465253829956055,29.729999542236328,29.760000228881836,29.709999084472656,29.719999313354492,999100.0
2019-09-09,25.379592895507812,29.6299991607666,29.690000534057617,29.6200008392334,29.690000534057617,1222300.0
2019-09-10,25.242549896240234,29.469999313354492,29.600000381469727,29.459999084472656,29.600000381469727,773800.0
2019-09-11,25.21685218811035,29.440000534057617,29.479999542236328,29.43000030517578,29.469999313354492,1756600.0
2019-09-12,25.18259048461914,29.399999618530273,29.520000457763672,29.3799991607666,29.5,859700.0
2019-09-13,25.054107666015625,29.25,29.360000610351562,29.239999771118164,29.329999923706055,900300.0
2019-09-16,25.11406135559082,29.31999969482422,29.700000762939453,29.270000457763672,29.299999237060547,698500.0
2019-09-17,25.139759063720703,29.350000381469727,29.389999389648438,29.299999237060547,29.34000015258789,726900.0
2019-09-18,25.18259048461914,29.399999618530273,29.469999313354492,29.360000610351562,29.420000076293945,965100.0
2019-09-19,25.19970703125,29.420000076293945,29.459999084472656,29.40999984741211,29.43000030517578,898600.0
2019-09-20,25.285369873046875,29.520000457763672,29.520000457763672,29.43000030517578,29.440000534057617,1723200.0
2019-09-23,25.2939395904541,29.530000686645508,29.6200008392334,29.520000457763672,29.549999237060547,8170800.0
2019-09-24,25.38816261291504,29.639999389648438,29.649999618530273,29.56999969482422,29.579999923706055,871200.0
2019-09-25,25.268239974975586,29.5,29.6299991607666,29.489999771118164,29.610000610351562,1233100.0
2019-09-26,25.311067581176758,29.549999237060547,29.59000015258789,29.510000228881836,29.549999237060547,821400.0
2019-09-27,25.345327377319336,29.59000015258789,29.610000610351562,29.540000915527344,29.579999923706055,490000.0
2019-09-30,25.38816261291504,29.639999389648438,29.639999389648438,29.549999237060547,29.59000015258789,11311500.0
2019-10-01,25.404468536376953,29.59000015258789,29.6299991607666,29.450000762939453,29.510000228881836,2820800.0
2019-10-02,25.438812255859375,29.6299991607666,29.649999618530273,29.59000015258789,29.6299991607666,1002000.0
2019-10-03,25.533254623413086,29.739999771118164,29.760000228881836,29.649999618530273,29.68000030517578,1416000.0
2019-10-04,25.559011459350586,29.770000457763672,29.780000686645508,29.729999542236328,29.739999771118164,490200.0
2019-10-07,25.516082763671875,29.719999313354492,29.760000228881836,29.700000762939453,29.760000228881836,610700.0
2019-10-08,25.533254623413086,29.739999771118164,29.770000457763672,29.690000534057617,29.770000457763672,859700.0
2019-10-09,25.464576721191406,29.65999984741211,29.760000228881836,29.639999389648438,29.739999771118164,1216000.0
2019-10-10,25.395889282226562,29.579999923706055,29.639999389648438,29.559999465942383,29.639999389648438,1127500.0
2019-10-11,25.31861114501953,29.489999771118164,29.540000915527344,29.440000534057617,29.540000915527344,686000.0
2019-10-14,25.352956771850586,29.530000686645508,29.540000915527344,29.5,29.510000228881836,577300.0
2019-10-15,25.284271240234375,29.450000762939453,29.540000915527344,29.440000534057617,29.540000915527344,1798600.0
2019-10-16,25.327198028564453,29.5,29.5,29.450000762939453,29.479999542236328,580200.0
2019-10-17,25.327198028564453,29.5,29.530000686645508,29.459999084472656,29.489999771118164,557800.0
2019-10-18,25.310026168823242,29.479999542236328,29.510000228881836,29.459999084472656,29.479999542236328,4377600.0
2019-10-21,25.267105102539062,29.43000030517578,29.479999542236328,29.43000030517578,29.469999313354492,583500.0
2019-10-22,25.284271240234375,29.450000762939453,29.489999771118164,29.420000076293945,29.450000762939453,814400.0
2019-10-23,25.31861114501953,29.489999771118164,29.520000457763672,29.479999542236328,29.520000457763672,885500.0
2019-10-24,25.327198028564453,29.5,29.540000915527344,29.489999771118164,29.520000457763672,622300.0
2019-10-25,25.27569580078125,29.440000534057617,29.530000686645508,29.440000534057617,29.479999542236328,474400.0
2019-10-28,25.24993324279785,29.40999984741211,29.43000030517578,29.3700008392334,29.43000030517578,602700.0
2019-10-29,25.241350173950195,29.399999618530273,29.440000534057617,29.3799991607666,29.440000534057617,483100.0
2019-10-30,25.327198028564453,29.5,29.5,29.399999618530273,29.43000030517578,703800.0
2019-10-31,25.421632766723633,29.610000610351562,29.6200008392334,29.540000915527344,29.540000915527344,774600.0
2019-11-01,25.420785903930664,29.540000915527344,29.579999923706055,29.489999771118164,29.530000686645508,690700.0
2019-11-04,25.369140625,29.479999542236328,29.5,29.43000030517578,29.5,9010900.0
2019-11-05,25.265880584716797,29.360000610351562,29.420000076293945,29.329999923706055,29.420000076293945,1542200.0
2019-11-06,25.308910369873047,29.40999984741211,29.43000030517578,29.3700008392334,29.40999984741211,1493600.0
2019-11-07,25.188432693481445,29.270000457763672,29.350000381469727,29.209999084472656,29.350000381469727,1101300.0
2019-11-08,25.16261100769043,29.239999771118164,29.309999465942383,29.239999771118164,29.239999771118164,767800.0
2019-11-11,25.188432693481445,29.270000457763672,29.299999237060547,29.229999542236328,29.299999237060547,311000.0
2019-11-12,25.19703483581543,29.280000686645508,29.299999237060547,29.229999542236328,29.299999237060547,2617500.0
2019-11-13,25.248674392700195,29.34000015258789,29.360000610351562,29.309999465942383,29.360000610351562,722000.0
2019-11-14,25.317508697509766,29.420000076293945,29.440000534057617,29.389999389648438,29.389999389648438,421800.0
2019-11-15,25.300308227539062,29.399999618530273,29.43000030517578,29.389999389648438,29.40999984741211,653600.0
2019-11-18,25.35193634033203,29.459999084472656,29.469999313354492,29.440000534057617,29.469999313354492,723900.0
2019-11-19,25.369140625,29.479999542236328,29.479999542236328,29.450000762939453,29.469999313354492,982900.0
2019-11-20,25.41217613220215,29.530000686645508,29.549999237060547,29.5,29.5,521900.0
2019-11-21,25.394962310791016,29.510000228881836,29.520000457763672,29.469999313354492,29.520000457763672,555900.0
2019-11-22,25.403568267822266,29.520000457763672,29.540000915527344,29.489999771118164,29.540000915527344,461800.0
2019-11-25,25.429386138916016,29.549999237060547,29.549999237060547,29.520000457763672,29.530000686645508,469500.0
2019-11-26,25.463802337646484,29.59000015258789,29.600000381469727,29.549999237060547,29.559999465942383,500500.0
2019-11-27,25.43799591064453,29.559999465942383,29.56999969482422,29.540000915527344,29.56999969482422,569300.0
2019-11-29,25.429386138916016,29.549999237060547,29.56999969482422,29.520000457763672,29.56999969482422,3624700.0
2019-12-02,25.36815071105957,29.40999984741211,29.43000030517578,29.3700008392334,29.43000030517578,974300.0
2019-12-03,25.49753189086914,29.559999465942383,29.559999465942383,29.459999084472656,29.469999313354492,9200800.0
2019-12-04,25.445770263671875,29.5,29.540000915527344,29.459999084472656,29.540000915527344,988300.0
2019-12-05,25.42852020263672,29.479999542236328,29.489999771118164,29.43000030517578,29.469999313354492,548300.0
2019-12-06,25.385398864746094,29.43000030517578,29.459999084472656,29.3799991607666,29.420000076293945,764000.0
2019-12-09,25.402650833129883,29.450000762939453,29.469999313354492,29.440000534057617,29.450000762939453,450100.0
2019-12-10,25.385398864746094,29.43000030517578,29.459999084472656,29.40999984741211,29.459999084472656,1479300.0
2019-12-11,25.437145233154297,29.489999771118164,29.530000686645508,29.440000534057617,29.459999084472656,670900.0
2019-12-12,25.333646774291992,29.3700008392334,29.5,29.350000381469727,29.5,1246100.0
2019-12-13,25.445770263671875,29.5,29.5,29.399999618530273,29.399999618530273,775400.0
2019-12-16,25.394025802612305,29.440000534057617,29.489999771118164,29.40999984741211,29.489999771118164,986400.0
2019-12-17,25.385398864746094,29.43000030517578,29.489999771118164,29.40999984741211,29.440000534057617,601800.0
2019-12-18,25.359527587890625,29.399999618530273,29.440000534057617,29.3700008392334,29.440000534057617,1814600.0
2019-12-19,25.36815071105957,29.40999984741211,29.440000534057617,29.3700008392334,29.420000076293945,3098200.0
2019-12-20,25.3586368560791,29.329999923706055,29.360000610351562,29.299999237060547,29.329999923706055,5873500.0
2019-12-23,25.3586368560791,29.329999923706055,29.3700008392334,29.309999465942383,29.360000610351562,1153500.0
2019-12-24,25.384572982788086,29.360000610351562,29.3700008392334,29.299999237060547,29.329999923706055,291700.0
2019-12-26,25.410503387451172,29.389999389648438,29.389999389648438,29.34000015258789,29.360000610351562,678400.0
2019-12-27,25.445100784301758,29.43000030517578,29.43000030517578,29.399999618530273,29.420000076293945,578900.0
2019-12-30,25.445100784301758,29.43000030517578,29.43000030517578,29.350000381469727,29.3700008392334,1681300.0
2019-12-31,25.401859283447266,29.3799991607666,29.40999984741211,29.3700008392334,29.40999984741211,1172600.0
2020-01-02,25.4537410736084,29.440000534057617,29.479999542236328,29.399999618530273,29.399999618530273,2011800.0
2020-01-03,25.540203094482422,29.540000915527344,29.549999237060547,29.459999084472656,29.459999084472656,843700.0
2020-01-06,25.531557083129883,29.530000686645508,29.59000015258789,29.489999771118164,29.56999969482422,1255300.0
2020-01-07,25.48832130432129,29.479999542236328,29.549999237060547,29.469999313354492,29.540000915527344,840900.0
2020-01-08,25.4537410736084,29.440000534057617,29.510000228881836,29.420000076293945,29.489999771118164,842900.0
2020-01-09,25.479679107666016,29.469999313354492,29.469999313354492,29.3799991607666,29.40999984741211,715300.0
2020-01-10,25.52290153503418,29.520000457763672,29.530000686645508,29.459999084472656,29.479999542236328,1864700.0
2020-01-13,25.52290153503418,29.520000457763672,29.520000457763672,29.479999542236328,29.520000457763672,812300.0
2020-01-14,25.531557083129883,29.530000686645508,29.540000915527344,29.510000228881836,29.520000457763672,968200.0
2020-01-15,25.58342170715332,29.59000015258789,29.59000015258789,29.549999237060547,29.579999923706055,908000.0
2020-01-16,25.574779510498047,29.579999923706055,29.59000015258789,29.549999237060547,29.59000015258789,4190400.0
2020-01-17,25.55748748779297,29.559999465942383,29.559999465942383,29.510000228881836,29.510000228881836,2525200.0
2020-01-21,25.62666130065918,29.639999389648438,29.649999618530273,29.600000381469727,29.610000610351562,2410100.0
2020-01-22,25.63530731201172,29.649999618530273,29.65999984741211,29.6299991607666,29.6299991607666,972300.0
2020-01-23,25.678539276123047,29.700000762939453,29.719999313354492,29.68000030517578,29.690000534057617,1057300.0
2020-01-24,25.704479217529297,29.729999542236328,29.770000457763672,29.700000762939453,29.700000762939453,931200.0
2020-01-27,25.78228759765625,29.81999969482422,29.850000381469727,29.799999237060547,29.829999923706055,856200.0
2020-01-28,25.773635864257812,29.809999465942383,29.84000015258789,29.780000686645508,29.809999465942383,1061600.0
2020-01-29,25.834156036376953,29.8799991607666,29.8799991607666,29.829999923706055,29.829999923706055,899500.0
2020-01-30,25.834156036376953,29.8799991607666,29.93000030517578,29.850000381469727,29.8700008392334,1019400.0
2020-01-31,25.911985397338867,29.969999313354492,29.969999313354492,29.90999984741211,29.920000076293945,1073700.0
2020-02-03,25.91111183166504,29.899999618530273,29.899999618530273,29.81999969482422,29.8700008392334,1102200.0
2020-02-04,25.83311653137207,29.809999465942383,29.8700008392334,29.780000686645508,29.8700008392334,608800.0
2020-02-05,25.77245330810547,29.739999771118164,29.770000457763672,29.719999313354492,29.770000457763672,733100.0
2020-02-06,25.798452377319336,29.770000457763672,29.780000686645508,29.729999542236328,29.75,599900.0
2020-02-07,25.87644386291504,29.860000610351562,29.8700008392334,29.809999465942383,29.829999923706055,3129000.0
2020-02-10,25.893775939941406,29.8799991607666,29.920000076293945,29.8700008392334,29.920000076293945,979300.0
2020-02-11,25.87644386291504,29.860000610351562,29.889999389648438,29.84000015258789,29.889999389648438,2231900.0
2020-02-12,25.850448608398438,29.829999923706055,29.850000381469727,29.799999237060547,29.850000381469727,612200.0
2020-02-13,25.859111785888672,29.84000015258789,29.860000610351562,29.81999969482422,29.850000381469727,1083800.0
2020-02-14,25.885108947753906,29.8700008392334,29.899999618530273,29.860000610351562,29.8799991607666,556100.0
2020-02-18,25.928447723388672,29.920000076293945,29.940000534057617,29.889999389648438,29.920000076293945,1823400.0
2020-02-19,25.928447723388672,29.920000076293945,29.93000030517578,29.889999389648438,29.920000076293945,1460000.0
2020-02-20,25.963111877441406,29.959999084472656,29.979999542236328,29.93000030517578,29.950000762939453,14985500.0
2020-02-21,26.03243064880371,30.040000915527344,30.06999969482422,29.979999542236328,29.979999542236328,1312200.0
2020-02-24,26.101764678955078,30.1200008392334,30.18000030517578,30.1200008392334,30.149999618530273,766100.0
2020-02-25,26.171083450317383,30.200000762939453,30.219999313354492,30.1299991607666,30.15999984741211,2217800.0
2020-02-26,26.145090103149414,30.170000076293945,30.229999542236328,30.149999618530273,30.170000076293945,1149200.0
2020-02-27,26.15375518798828,30.18000030517578,30.260000228881836,30.149999618530273,30.260000228881836,1615600.0
2020-02-28,26.29241180419922,30.34000015258789,30.40999984741211,30.219999313354492,30.239999771118164,2911100.0
2020-03-02,26.324541091918945,30.309999465942383,30.450000762939453,30.309999465942383,30.389999389648438,11234800.0
2020-03-03,26.52429962158203,30.540000915527344,30.6200008392334,30.34000015258789,30.3700008392334,7625700.0
2020-03-04,26.49825096130371,30.510000228881836,30.610000610351562,30.489999771118164,30.56999969482422,2472700.0
2020-03-05,26.559038162231445,30.579999923706055,30.6299991607666,30.559999465942383,30.579999923706055,1139600.0
2020-03-06,26.776174545288086,30.829999923706055,30.889999389648438,30.709999084472656,30.780000686645508,2168400.0
2020-03-09,26.75880241394043,30.809999465942383,31.389999389648438,30.75,31.15999984741211,2773800.0
2020-03-10,26.37666130065918,30.3700008392334,30.739999771118164,30.329999923706055,30.709999084472656,4075700.0
2020-03-11,26.02924919128418,29.969999313354492,30.469999313354492,29.959999084472656,30.329999923706055,2319000.0
2020-03-12,24.45724105834961,28.15999984741211,29.950000762939453,26.229999542236328,29.469999313354492,4073300.0
2020-03-13,24.309598922729492,27.989999771118164,29.40999984741211,27.989999771118164,28.25,3796100.0
2020-03-16,25.377864837646484,29.219999313354492,29.5,27.989999771118164,28.18000030517578,4080700.0
2020-03-17,24.73516845703125,28.479999542236328,29.770000457763672,28.479999542236328,29.31999969482422,3046100.0
2020-03-18,24.25749969482422,27.93000030517578,28.65999984741211,27.75,27.989999771118164,2576100.0
2020-03-19,24.30091667175293,27.979999542236328,28.209999084472656,27.1299991607666,27.1299991607666,4321900.0
2020-03-20,24.84807777404785,28.610000610351562,28.8799991607666,27.56999969482422,27.700000762939453,5144600.0
2020-03-23,25.473405838012695,29.329999923706055,29.5,27.1200008392334,27.5,4689900.0
2020-03-24,25.742645263671875,29.639999389648438,29.790000915527344,28.579999923706055,28.959999084472656,3596000.0
2020-03-25,26.046628952026367,29.989999771118164,30.110000610351562,28.56999969482422,28.56999969482422,4018100.0
2020-03-26,25.942399978637695,29.8700008392334,30.1200008392334,29.739999771118164,29.739999771118164,4047100.0
2020-03-27,26.150848388671875,30.110000610351562,30.15999984741211,29.479999542236328,29.540000915527344,2566900.0
2020-03-30,26.142154693603516,30.100000381469727,30.3700008392334,30.0,30.040000915527344,8309400.0
2020-03-31,26.246376037597656,30.219999313354492,30.260000228881836,30.030000686645508,30.100000381469727,2666100.0
2020-04-01,26.32210350036621,30.239999771118164,30.25,29.920000076293945,30.09000015258789,3255500.0
2020-04-02,26.191545486450195,30.09000015258789,30.280000686645508,29.979999542236328,30.280000686645508,3196200.0
2020-04-03,26.11320686340332,30.0,30.229999542236328,30.0,30.020000457763672,962900.0
2020-04-06,26.296003341674805,30.209999084472656,30.239999771118164,30.030000686645508,30.139999389648438,1503800.0
2020-04-07,26.31340789794922,30.229999542236328,30.25,30.09000015258789,30.190000534057617,2795300.0
2020-04-08,26.26987648010254,30.18000030517578,30.290000915527344,30.059999465942383,30.06999969482422,1867100.0
2020-04-09,26.574541091918945,30.530000686645508,30.540000915527344,30.329999923706055,30.399999618530273,4726000.0
2020-04-13,26.48749542236328,30.43000030517578,30.56999969482422,30.350000381469727,30.450000762939453,1357400.0
2020-04-14,26.443965911865234,30.3799991607666,30.530000686645508,30.360000610351562,30.40999984741211,1415100.0
2020-04-15,26.61805534362793,30.579999923706055,30.610000610351562,30.350000381469727,30.350000381469727,2005200.0
2020-04-16,26.652877807617188,30.6200008392334,30.700000762939453,30.549999237060547,30.700000762939453,1358200.0
2020-04-17,26.565834045410156,30.520000457763672,30.690000534057617,30.510000228881836,30.690000534057617,1636700.0
2020-04-20,26.539716720581055,30.489999771118164,30.549999237060547,30.399999618530273,30.5,8033900.0
2020-04-21,26.548418045043945,30.5,30.600000381469727,30.489999771118164,30.56999969482422,793000.0
2020-04-22,26.591947555541992,30.549999237060547,30.68000030517578,30.459999084472656,30.600000381469727,1374200.0
2020-04-23,26.626766204833984,30.59000015258789,30.799999237060547,30.489999771118164,30.489999771118164,1897800.0
2020-04-24,26.609350204467773,30.56999969482422,30.6299991607666,30.5,30.5,1428400.0
2020-04-27,26.504892349243164,30.450000762939453,30.600000381469727,30.450000762939453,30.600000381469727,1569500.0
2020-04-28,26.61805534362793,30.579999923706055,30.6299991607666,30.479999542236328,30.549999237060547,1204000.0
2020-04-29,26.652877807617188,30.6200008392334,30.65999984741211,30.549999237060547,30.549999237060547,1625800.0
2020-04-30,26.63546371459961,30.600000381469727,30.690000534057617,30.559999465942383,30.579999923706055,2806500.0
2020-05-01,26.6127872467041,30.510000228881836,30.579999923706055,30.440000534057617,30.459999084472656,1539700.0
2020-05-04,26.6127872467041,30.510000228881836,30.56999969482422,30.489999771118164,30.510000228881836,1311500.0
2020-05-05,26.630231857299805,30.530000686645508,30.540000915527344,30.43000030517578,30.43000030517578,1904000.0
2020-05-06,26.490671157836914,30.3700008392334,30.5,30.31999969482422,30.489999771118164,930500.0
2020-05-07,26.577896118164062,30.469999313354492,30.479999542236328,30.360000610351562,30.43000030517578,919500.0
2020-05-08,26.508108139038086,30.389999389648438,30.469999313354492,30.3700008392334,30.469999313354492,851700.0
2020-05-11,26.420888900756836,30.290000915527344,30.440000534057617,30.280000686645508,30.350000381469727,1718000.0
2020-05-12,26.508108139038086,30.389999389648438,30.450000762939453,30.329999923706055,30.3700008392334,1790600.0
2020-05-13,26.525562286376953,30.40999984741211,30.479999542236328,30.40999984741211,30.450000762939453,925000.0
2020-05-14,26.586618423461914,30.479999542236328,30.489999771118164,30.450000762939453,30.469999313354492,1746600.0
2020-05-15,26.621509552001953,30.520000457763672,30.530000686645508,30.469999313354492,30.510000228881836,778700.0
2020-05-18,26.586618423461914,30.479999542236328,30.559999465942383,30.440000534057617,30.520000457763672,748200.0
2020-05-19,26.604063034057617,30.5,30.520000457763672,30.440000534057617,30.440000534057617,1942100.0
2020-05-20,26.6912899017334,30.600000381469727,30.6200008392334,30.5,30.540000915527344,1936100.0
2020-05-21,26.70001792907715,30.610000610351562,30.65999984741211,30.579999923706055,30.639999389648438,1717600.0
2020-05-22,26.708740234375,30.6200008392334,30.649999618530273,30.549999237060547,30.549999237060547,585900.0
2020-05-26,26.673845291137695,30.579999923706055,30.65999984741211,30.579999923706055,30.600000381469727,703500.0
2020-05-27,26.71746063232422,30.6299991607666,30.649999618530273,30.59000015258789,30.639999389648438,1071600.0
2020-05-28,26.682571411132812,30.59000015258789,30.610000610351562,30.559999465942383,30.559999465942383,1609800.0
2020-05-29,26.778522491455078,30.700000762939453,30.709999084472656,30.610000610351562,30.6200008392334,2202800.0
2020-06-01,26.763656616210938,30.6200008392334,30.639999389648438,30.579999923706055,30.639999389648438,1519700.0
2020-06-02,26.78988265991211,30.649999618530273,30.65999984741211,30.600000381469727,30.6200008392334,2620800.0
2020-06-03,26.728689193725586,30.579999923706055,30.65999984741211,30.530000686645508,30.649999618530273,2668900.0
2020-06-04,26.667505264282227,30.510000228881836,30.600000381469727,30.489999771118164,30.600000381469727,1023800.0
2020-06-05,26.684993743896484,30.530000686645508,30.530000686645508,30.399999618530273,30.5,1242600.0
2020-06-08,26.684993743896484,30.530000686645508,30.56999969482422,30.450000762939453,30.450000762939453,1155200.0
2020-06-09,26.746170043945312,30.600000381469727,30.639999389648438,30.56999969482422,30.6299991607666,3015900.0
2020-06-10,26.851072311401367,30.719999313354492,30.719999313354492,30.59000015258789,30.6299991607666,1174000.0
2020-06-11,26.807363510131836,30.670000076293945,30.729999542236328,30.65999984741211,30.670000076293945,950400.0
2020-06-12,26.816102981567383,30.68000030517578,30.739999771118164,30.639999389648438,30.639999389648438,2228800.0
2020-06-15,26.920982360839844,30.799999237060547,30.799999237060547,30.690000534057617,30.729999542236328,1226100.0
2020-06-16,26.851072311401367,30.719999313354492,30.780000686645508,30.65999984741211,30.719999313354492,1255700.0
2020-06-17,26.816102981567383,30.68000030517578,30.780000686645508,30.639999389648438,30.780000686645508,1959900.0
2020-06-18,26.851072311401367,30.719999313354492,30.739999771118164,30.709999084472656,30.739999771118164,869700.0
2020-06-19,26.85980796813965,30.729999542236328,30.75,30.719999313354492,30.739999771118164,658000.0
2020-06-22,26.868539810180664,30.739999771118164,30.799999237060547,30.719999313354492,30.770000457763672,7165800.0
2020-06-23,26.851072311401367,30.719999313354492,30.780000686645508,30.700000762939453,30.780000686645508,1352000.0
2020-06-24,26.851072311401367,30.719999313354492,30.75,30.68000030517578,30.68000030517578,984400.0
2020-06-25,26.877286911010742,30.75,30.799999237060547,30.729999542236328,30.799999237060547,583900.0
2020-06-26,26.92973518371582,30.809999465942383,30.829999923706055,30.75,30.799999237060547,1012400.0
2020-06-29,26.9384708404541,30.81999969482422,30.850000381469727,30.790000915527344,30.809999465942383,859600.0
2020-06-30,26.973434448242188,30.860000610351562,30.8799991607666,30.790000915527344,30.850000381469727,993600.0
2020-07-01,26.98395538330078,30.809999465942383,30.809999465942383,30.700000762939453,30.780000686645508,2266600.0
2020-07-02,27.0014591217041,30.829999923706055,30.850000381469727,30.770000457763672,30.770000457763672,1406200.0
2020-07-06,27.0014591217041,30.829999923706055,30.860000610351562,30.780000686645508,30.780000686645508,1387200.0
2020-07-07,27.045246124267578,30.8799991607666,30.889999389648438,30.829999923706055,30.860000610351562,1316700.0
2020-07-08,27.045246124267578,30.8799991607666,30.899999618530273,30.850000381469727,30.899999618530273,1056900.0
2020-07-09,27.115318298339844,30.959999084472656,30.979999542236328,30.889999389648438,30.920000076293945,1199200.0
2020-07-10,27.06277084350586,30.899999618530273,30.989999771118164,30.899999618530273,30.920000076293945,2601100.0
2020-07-13,27.080284118652344,30.920000076293945,30.950000762939453,30.889999389648438,30.940000534057617,1094300.0
2020-07-14,27.12407684326172,30.969999313354492,30.989999771118164,30.93000030517578,30.969999313354492,2131500.0
2020-07-15,27.106557846069336,30.950000762939453,30.959999084472656,30.93000030517578,30.959999084472656,773300.0
2020-07-16,27.132835388183594,30.979999542236328,31.020000457763672,30.979999542236328,30.979999542236328,1022600.0
2020-07-17,27.141590118408203,30.989999771118164,31.020000457763672,30.979999542236328,31.010000228881836,618700.0
2020-07-20,27.18537712097168,31.040000915527344,31.059999465942383,31.020000457763672,31.020000457763672,471800.0
2020-07-21,27.211652755737305,31.06999969482422,31.06999969482422,31.049999237060547,31.049999237060547,720300.0
2020-07-22,27.246686935424805,31.110000610351562,31.1200008392334,31.079999923706055,31.09000015258789,816000.0
2020-07-23,27.281721115112305,31.149999618530273,31.149999618530273,31.079999923706055,31.079999923706055,912100.0
2020-07-24,27.264198303222656,31.1299991607666,31.18000030517578,31.079999923706055,31.149999618530273,1100200.0
2020-07-27,27.229167938232422,31.09000015258789,31.149999618530273,31.06999969482422,31.149999618530273,1106100.0
2020-07-28,27.255447387695312,31.1200008392334,31.1299991607666,31.100000381469727,31.1299991607666,728800.0
2020-07-29,27.290477752685547,31.15999984741211,31.170000076293945,31.110000610351562,31.149999618530273,970500.0
2020-07-30,27.32551383972168,31.200000762939453,31.200000762939453,31.110000610351562,31.110000610351562,777600.0
2020-07-31,27.343027114868164,31.219999313354492,31.239999771118164,31.170000076293945,31.200000762939453,1407500.0
2020-08-03,27.34478187561035,31.15999984741211,31.190000534057617,31.079999923706055,31.079999923706055,955000.0
2020-08-04,27.406213760375977,31.229999542236328,31.239999771118164,31.190000534057617,31.190000534057617,1536500.0
2020-08-05,27.362333297729492,31.18000030517578,31.209999084472656,31.170000076293945,31.209999084472656,1323600.0
2020-08-06,27.397436141967773,31.219999313354492,31.260000228881836,31.209999084472656,31.229999542236328,811300.0
2020-08-07,27.379886627197266,31.200000762939453,31.260000228881836,31.18000030517578,31.219999313354492,783900.0
2020-08-10,27.336008071899414,31.149999618530273,31.229999542236328,31.139999389648438,31.219999313354492,1034700.0
2020-08-11,27.248249053955078,31.049999237060547,31.139999389648438,31.010000228881836,31.139999389648438,1565300.0
2020-08-12,27.204370498657227,31.0,31.030000686645508,30.959999084472656,31.020000457763672,1047600.0
2020-08-13,27.10784339904785,30.889999389648438,31.06999969482422,30.860000610351562,31.06999969482422,1179500.0
2020-08-14,27.072736740112305,30.850000381469727,30.889999389648438,30.84000015258789,30.850000381469727,955600.0
2020-08-17,27.090295791625977,30.8700008392334,30.920000076293945,30.8700008392334,30.889999389648438,1473900.0
2020-08-18,27.160497665405273,30.950000762939453,30.959999084472656,30.8799991607666,30.8799991607666,1134900.0
2020-08-19,27.125389099121094,30.90999984741211,30.979999542236328,30.889999389648438,30.969999313354492,1138100.0
2020-08-20,27.160497665405273,30.950000762939453,30.989999771118164,30.940000534057617,30.969999313354492,1607800.0
2020-08-21,27.19559669494629,30.989999771118164,31.0,30.93000030517578,30.989999771118164,1191300.0
2020-08-24,27.178050994873047,30.969999313354492,31.020000457763672,30.959999084472656,30.969999313354492,846600.0
2020-08-25,27.125389099121094,30.90999984741211,30.959999084472656,30.84000015258789,30.959999084472656,1395600.0
2020-08-26,27.116622924804688,30.899999618530273,30.90999984741211,30.84000015258789,30.8799991607666,1248800.0
2020-08-27,27.002534866333008,30.770000457763672,30.950000762939453,30.770000457763672,30.920000076293945,2170200.0
2020-08-28,27.037649154663086,30.809999465942383,30.84000015258789,30.790000915527344,30.84000015258789,1225700.0
2020-08-31,27.10784339904785,30.889999389648438,30.93000030517578,30.799999237060547,30.799999237060547,1939300.0
2020-09-01,27.17115592956543,30.899999618530273,30.90999984741211,30.780000686645508,30.850000381469727,1725500.0
2020-09-02,27.25029182434082,30.989999771118164,30.989999771118164,30.90999984741211,30.940000534057617,2127100.0
2020-09-03,27.25029182434082,30.989999771118164,31.020000457763672,30.959999084472656,30.969999313354492,2875900.0
2020-09-04,27.09202003479004,30.809999465942383,30.979999542236328,30.809999465942383,30.979999542236328,6582800.0
2020-09-08,27.135982513427734,30.860000610351562,30.899999618530273,30.84000015258789,30.8700008392334,1363000.0
2020-09-09,27.118396759033203,30.84000015258789,30.940000534057617,30.799999237060547,30.940000534057617,1777900.0
2020-09-10,27.135982513427734,30.860000610351562,30.8700008392334,30.760000228881836,30.799999237060547,4107000.0
2020-09-11,27.144779205322266,30.8700008392334,30.899999618530273,30.84000015258789,30.899999618530273,1350600.0
2020-09-14,27.144779205322266,30.8700008392334,30.899999618530273,30.860000610351562,30.889999389648438,1237900.0
2020-09-15,27.135982513427734,30.860000610351562,30.899999618530273,30.860000610351562,30.860000610351562,853200.0
2020-09-16,27.135982513427734,30.860000610351562,30.899999618530273,30.829999923706055,30.860000610351562,1390000.0
2020-09-17,27.153562545776367,30.8799991607666,30.90999984741211,30.850000381469727,30.889999389648438,1077900.0
2020-09-18,27.118396759033203,30.84000015258789,30.899999618530273,30.829999923706055,30.899999618530273,815300.0
2020-09-21,27.12718391418457,30.850000381469727,30.899999618530273,30.829999923706055,30.899999618530273,928200.0
2020-09-22,27.118396759033203,30.84000015258789,30.8799991607666,30.829999923706055,30.8799991607666,604900.0
2020-09-23,27.09202003479004,30.809999465942383,30.8799991607666,30.790000915527344,30.8799991607666,1099800.0
2020-09-24,27.09202003479004,30.809999465942383,30.81999969482422,30.780000686645508,30.790000915527344,537900.0
2020-09-25,27.09202003479004,30.809999465942383,30.8700008392334,30.780000686645508,30.8700008392334,1121000.0
2020-09-28,27.109601974487305,30.829999923706055,30.84000015258789,30.770000457763672,30.770000457763672,5148100.0
2020-09-29,27.12718391418457,30.850000381469727,30.860000610351562,30.829999923706055,30.850000381469727,885100.0
2020-09-30,27.09202003479004,30.809999465942383,30.850000381469727,30.760000228881836,30.850000381469727,2900500.0
2020-10-01,27.117565155029297,30.780000686645508,30.780000686645508,30.700000762939453,30.739999771118164,3821200.0
2020-10-02,27.091136932373047,30.75,30.780000686645508,30.729999542236328,30.760000228881836,1954200.0
2020-10-05,27.00302505493164,30.649999618530273,30.700000762939453,30.649999618530273,30.690000534057617,1503500.0
2020-10-06,27.029468536376953,30.68000030517578,30.719999313354492,30.6299991607666,30.670000076293945,1659400.0
2020-10-07,27.00302505493164,30.649999618530273,30.709999084472656,30.610000610351562,30.709999084472656,1385200.0
2020-10-08,27.047082901000977,30.700000762939453,30.700000762939453,30.649999618530273,30.68000030517578,746100.0
2020-10-09,27.047082901000977,30.700000762939453,30.700000762939453,30.639999389648438,30.649999618530273,2200500.0
2020-10-12,27.091136932373047,30.75,30.760000228881836,30.690000534057617,30.729999542236328,802700.0
2020-10-13,27.117565155029297,30.780000686645508,30.780000686645508,30.729999542236328,30.739999771118164,1823600.0
2020-10-14,27.117565155029297,30.780000686645508,30.790000915527344,30.75,30.790000915527344,1383600.0
2020-10-15,27.09994125366211,30.760000228881836,30.799999237060547,30.75,30.760000228881836,933300.0
2020-10-16,27.082319259643555,30.739999771118164,30.780000686645508,30.719999313354492,30.739999771118164,1130700.0
2020-10-19,27.05589485168457,30.709999084472656,30.719999313354492,30.690000534057617,30.709999084472656,864800.0
2020-10-20,27.038278579711914,30.690000534057617,30.719999313354492,30.649999618530273,30.719999313354492,1588500.0
2020-10-21,26.985414505004883,30.6299991607666,30.65999984741211,30.6200008392334,30.6299991607666,1706900.0
2020-10-22,26.95016860961914,30.59000015258789,30.6299991607666,30.56999969482422,30.600000381469727,1099500.0
2020-10-23,26.976600646972656,30.6200008392334,30.6299991607666,30.579999923706055,30.579999923706055,698900.0
2020-10-26,27.02065658569336,30.670000076293945,30.690000534057617,30.639999389648438,30.639999389648438,993900.0
2020-10-27,27.073509216308594,30.729999542236328,30.739999771118164,30.670000076293945,30.670000076293945,3320600.0
2020-10-28,27.038278579711914,30.690000534057617,30.75,30.68000030517578,30.709999084472656,930400.0
2020-10-29,26.994216918945312,30.639999389648438,30.709999084472656,30.610000610351562,30.690000534057617,2655700.0
2020-10-30,26.932552337646484,30.56999969482422,30.639999389648438,30.549999237060547,30.639999389648438,1075200.0
2020-11-02,26.966094970703125,30.549999237060547,30.59000015258789,30.540000915527344,30.549999237060547,1188400.0
2020-11-03,26.966094970703125,30.549999237060547,30.549999237060547,30.510000228881836,30.549999237060547,1513500.0
2020-11-04,27.151451110839844,30.760000228881836,30.790000915527344,30.709999084472656,30.709999084472656,1431900.0
2020-11-05,27.186765670776367,30.799999237060547,30.809999465942383,30.75,30.790000915527344,1384200.0
2020-11-06,27.116147994995117,30.719999313354492,30.739999771118164,30.690000534057617,30.739999771118164,1243700.0
2020-11-09,26.98375129699707,30.56999969482422,30.639999389648438,30.520000457763672,30.610000610351562,1860200.0
2020-11-10,26.939613342285156,30.520000457763672,30.559999465942383,30.5,30.559999465942383,1654100.0
2020-11-11,26.966094970703125,30.549999237060547,30.559999465942383,30.510000228881836,30.530000686645508,1683200.0
2020-11-12,27.05435562133789,30.649999618530273,30.649999618530273,30.59000015258789,30.600000381469727,888300.0
2020-11-13,27.0720157623291,30.670000076293945,30.690000534057617,30.649999618530273,30.690000534057617,684500.0
2020-11-16,27.08084487915039,30.68000030517578,30.690000534057617,30.649999618530273,30.670000076293945,1172800.0
2020-11-17,27.13379669189453,30.739999771118164,30.739999771118164,30.690000534057617,30.700000762939453,1165300.0
2020-11-18,27.13379669189453,30.739999771118164,30.770000457763672,30.739999771118164,30.760000228881836,8589800.0
2020-11-19,27.204416275024414,30.81999969482422,30.84000015258789,30.770000457763672,30.770000457763672,5256100.0
2020-11-20,27.23089599609375,30.850000381469727,30.8700008392334,30.799999237060547,30.84000015258789,1025200.0
2020-11-23,27.21324348449707,30.829999923706055,30.850000381469727,30.81999969482422,30.850000381469727,764300.0
2020-11-24,27.177934646606445,30.790000915527344,30.829999923706055,30.760000228881836,30.81999969482422,3982700.0
2020-11-25,27.169109344482422,30.780000686645508,30.81999969482422,30.760000228881836,30.780000686645508,992000.0
2020-11-27,27.222074508666992,30.84000015258789,30.850000381469727,30.790000915527344,30.790000915527344,446700.0
2020-11-30,27.257383346557617,30.8799991607666,30.889999389648438,30.829999923706055,30.829999923706055,931800.0
2020-12-01,27.157447814941406,30.709999084472656,30.790000915527344,30.68000030517578,30.790000915527344,2553900.0
2020-12-02,27.13976287841797,30.690000534057617,30.709999084472656,30.6299991607666,30.68000030517578,2173100.0
2020-12-03,27.20166015625,30.760000228881836,30.770000457763672,30.709999084472656,30.729999542236328,1631700.0
2020-12-04,27.11323356628418,30.65999984741211,30.709999084472656,30.649999618530273,30.709999084472656,1325600.0
2020-12-07,27.16629409790039,30.719999313354492,30.739999771118164,30.690000534057617,30.690000534057617,1866800.0
2020-12-08,27.157447814941406,30.709999084472656,30.770000457763672,30.709999084472656,30.729999542236328,1238100.0
2020-12-09,27.11323356628418,30.65999984741211,30.68000030517578,30.6299991607666,30.6299991607666,2643400.0
2020-12-10,27.183982849121094,30.739999771118164,30.75,30.68000030517578,30.719999313354492,1488300.0
2020-12-11,27.210508346557617,30.770000457763672,30.799999237060547,30.729999542236328,30.729999542236328,1741400.0
2020-12-14,27.219350814819336,30.780000686645508,30.780000686645508,30.719999313354492,30.739999771118164,2276800.0
2020-12-15,27.219350814819336,30.780000686645508,30.790000915527344,30.729999542236328,30.790000915527344,1030900.0
2020-12-16,27.20166015625,30.760000228881836,30.780000686645508,30.700000762939453,30.739999771118164,1109600.0
2020-12-17,27.192825317382812,30.75,30.81999969482422,30.729999542236328,30.809999465942383,985300.0
2020-12-18,27.207887649536133,30.709999084472656,30.790000915527344,30.68000030517578,30.790000915527344,2245000.0
2020-12-21,27.190162658691406,30.690000534057617,30.739999771118164,30.670000076293945,30.729999542236328,1050400.0
2020-12-22,27.225601196289062,30.729999542236328,30.75,30.68000030517578,30.68000030517578,985200.0
2020-12-23,27.207887649536133,30.709999084472656,30.719999313354492,30.639999389648438,30.719999313354492,1413500.0
2020-12-24,27.243324279785156,30.75,30.760000228881836,30.690000534057617,30.75,657200.0
2020-12-28,27.23445701599121,30.739999771118164,30.760000228881836,30.690000534057617,30.739999771118164,1121900.0
2020-12-29,27.252185821533203,30.760000228881836,30.760000228881836,30.700000762939453,30.700000762939453,1156100.0
2020-12-30,27.261035919189453,30.770000457763672,30.790000915527344,30.729999542236328,30.790000915527344,1467800.0
2020-12-31,27.278764724731445,30.790000915527344,30.81999969482422,30.760000228881836,30.799999237060547,1139700.0
2021-01-04,27.261035919189453,30.770000457763672,30.790000915527344,30.739999771118164,30.790000915527344,1434500.0
2021-01-05,27.225601196289062,30.729999542236328,30.75,30.68000030517578,30.729999542236328,1271000.0
2021-01-06,27.092710494995117,30.579999923706055,30.6299991607666,30.520000457763672,30.6299991607666,2118900.0
2021-01-07,27.066123962402344,30.549999237060547,30.559999465942383,30.510000228881836,30.559999465942383,1581800.0
2021-01-08,27.04841423034668,30.530000686645508,30.540000915527344,30.469999313354492,30.489999771118164,1875800.0
2021-01-11,26.995250701904297,30.469999313354492,30.530000686645508,30.450000762939453,30.530000686645508,1460000.0
2021-01-12,26.9775390625,30.450000762939453,30.469999313354492,30.389999389648438,30.40999984741211,2280100.0
2021-01-13,27.05727195739746,30.540000915527344,30.600000381469727,30.489999771118164,30.5,2683100.0
2021-01-14,27.03955078125,30.520000457763672,30.600000381469727,30.489999771118164,30.540000915527344,3962200.0
2021-01-15,27.066123962402344,30.549999237060547,30.579999923706055,30.520000457763672,30.579999923706055,1704800.0
2021-01-19,27.092710494995117,30.579999923706055,30.59000015258789,30.520000457763672,30.520000457763672,1614900.0
2021-01-20,27.1015625,30.59000015258789,30.600000381469727,30.559999465942383,30.600000381469727,1352900.0
2021-01-21,27.05727195739746,30.540000915527344,30.649999618530273,30.520000457763672,30.530000686645508,1548000.0
2021-01-22,27.066123962402344,30.549999237060547,30.65999984741211,30.530000686645508,30.65999984741211,857100.0
2021-01-25,27.13701057434082,30.6299991607666,30.639999389648438,30.559999465942383,30.559999465942383,1512800.0
2021-01-26,27.128150939941406,30.6200008392334,30.639999389648438,30.579999923706055,30.610000610351562,940700.0
2021-01-27,27.13701057434082,30.6299991607666,30.65999984741211,30.6200008392334,30.65999984741211,1292300.0
2021-01-28,27.110431671142578,30.600000381469727,30.6200008392334,30.559999465942383,30.610000610351562,914000.0
2021-01-29,27.07499885559082,30.559999465942383,30.59000015258789,30.510000228881836,30.510000228881836,1163900.0
2021-02-01,27.106056213378906,30.540000915527344,30.579999923706055,30.479999542236328,30.530000686645508,2048200.0
2021-02-02,27.088302612304688,30.520000457763672,30.520000457763672,30.489999771118164,30.5,915300.0
2021-02-03,27.035051345825195,30.459999084472656,30.5,30.450000762939453,30.5,1113900.0
2021-02-04,27.035051345825195,30.459999084472656,30.469999313354492,30.399999618530273,30.440000534057617,1020900.0
2021-02-05,26.990680694580078,30.40999984741211,30.479999542236328,30.40999984741211,30.479999542236328,943900.0
2021-02-08,27.008426666259766,30.43000030517578,30.469999313354492,30.350000381469727,30.3799991607666,1004400.0
2021-02-09,27.008426666259766,30.43000030517578,30.479999542236328,30.43000030517578,30.43000030517578,1584300.0
2021-02-10,27.06167221069336,30.489999771118164,30.489999771118164,30.350000381469727,30.350000381469727,1451200.0
2021-02-11,27.026172637939453,30.450000762939453,30.489999771118164,30.43000030517578,30.459999084472656,1405900.0
2021-02-12,26.937421798706055,30.350000381469727,30.40999984741211,30.350000381469727,30.389999389648438,1340300.0
2021-02-16,26.83091163635254,30.229999542236328,30.280000686645508,30.219999313354492,30.280000686645508,2927700.0
2021-02-17,26.875282287597656,30.280000686645508,30.290000915527344,30.239999771118164,30.290000915527344,2627300.0
2021-02-18,26.86642074584961,30.270000457763672,30.290000915527344,30.219999313354492,30.260000228881836,1134500.0
2021-02-19,26.78653335571289,30.18000030517578,30.239999771118164,30.149999618530273,30.229999542236328,1648900.0
2021-02-22,26.697778701782227,30.079999923706055,30.190000534057617,30.06999969482422,30.149999618530273,1025000.0
2021-02-23,26.706649780273438,30.09000015258789,30.100000381469727,30.010000228881836,30.059999465942383,5296200.0
2021-02-24,26.688899993896484,30.06999969482422,30.09000015258789,29.950000762939453,29.950000762939453,2164900.0
2021-02-25,26.44925308227539,29.799999237060547,29.979999542236328,29.709999084472656,29.969999313354492,1863900.0
2021-02-26,26.662281036376953,30.040000915527344,30.059999465942383,29.84000015258789,29.8700008392334,1471100.0
2021-03-01,26.656936645507812,29.979999542236328,29.989999771118164,29.920000076293945,29.969999313354492,1495900.0
2021-03-02,26.665836334228516,29.989999771118164,30.0,29.950000762939453,29.979999542236328,1065200.0
2021-03-03,26.576919555664062,29.889999389648438,29.93000030517578,29.860000610351562,29.920000076293945,1108400.0
2021-03-04,26.496889114379883,29.799999237060547,29.920000076293945,29.770000457763672,29.90999984741211,1203400.0
2021-03-05,26.479116439819336,29.780000686645508,29.790000915527344,29.719999313354492,29.760000228881836,1025600.0
2021-03-08,26.37241554260254,29.65999984741211,29.760000228881836,29.649999618530273,29.739999771118164,1109600.0
2021-03-09,26.443540573120117,29.739999771118164,29.770000457763672,29.700000762939453,29.700000762939453,3087000.0
2021-03-10,26.505781173706055,29.809999465942383,29.81999969482422,29.719999313354492,29.719999313354492,777800.0
2021-03-11,26.514680862426758,29.81999969482422,29.84000015258789,29.75,29.809999465942383,1184500.0
2021-03-12,26.345733642578125,29.6299991607666,29.729999542236328,29.610000610351562,29.670000076293945,1866400.0
2021-03-15,26.38129997253418,29.670000076293945,29.690000534057617,29.649999618530273,29.670000076293945,856700.0
2021-03-16,26.37241554260254,29.65999984741211,29.700000762939453,29.6299991607666,29.690000534057617,822700.0
2021-03-17,26.354629516601562,29.639999389648438,29.68000030517578,29.549999237060547,29.549999237060547,1537700.0
2021-03-18,26.2479305267334,29.520000457763672,29.559999465942383,29.479999542236328,29.530000686645508,1610100.0
2021-03-19,26.283491134643555,29.559999465942383,29.56999969482422,29.5,29.549999237060547,979300.0
2021-03-22,26.345733642578125,29.6299991607666,29.670000076293945,29.59000015258789,29.670000076293945,1477800.0
2021-03-23,26.407983779907227,29.700000762939453,29.709999084472656,29.6299991607666,29.65999984741211,1928200.0
2021-03-24,26.461328506469727,29.760000228881836,29.760000228881836,29.670000076293945,29.709999084472656,1225900.0
2021-03-25,26.434648513793945,29.729999542236328,29.780000686645508,29.690000534057617,29.770000457763672,1217700.0
2021-03-26,26.38129997253418,29.670000076293945,29.709999084472656,29.649999618530273,29.670000076293945,1233000.0
2021-03-29,26.336841583251953,29.6200008392334,29.709999084472656,29.59000015258789,29.690000534057617,1208900.0
2021-03-30,26.354629516601562,29.639999389648438,29.649999618530273,29.56999969482422,29.600000381469727,875500.0
2021-03-31,26.3635196685791,29.649999618530273,29.690000534057617,29.610000610351562,29.65999984741211,1492300.0
2021-04-01,26.457061767578125,29.700000762939453,29.709999084472656,29.600000381469727,29.600000381469727,4141000.0
2021-04-05,26.412519454956055,29.649999618530273,29.690000534057617,29.610000610351562,29.65999984741211,1681800.0
2021-04-06,26.51050567626953,29.760000228881836,29.760000228881836,29.65999984741211,29.65999984741211,879200.0
2021-04-07,26.465959548950195,29.709999084472656,29.760000228881836,29.700000762939453,29.75,1325200.0
2021-04-08,26.501590728759766,29.75,29.770000457763672,29.719999313354492,29.729999542236328,1197800.0
2021-04-09,26.474868774414062,29.719999313354492,29.770000457763672,29.690000534057617,29.75,696900.0
2021-04-12,26.48378562927246,29.729999542236328,29.729999542236328,29.690000534057617,29.700000762939453,1180500.0
2021-04-13,26.546131134033203,29.799999237060547,29.809999465942383,29.709999084472656,29.719999313354492,2933900.0
2021-04-14,26.519412994384766,29.770000457763672,29.799999237060547,29.760000228881836,29.790000915527344,917000.0
2021-04-15,26.63521385192871,29.899999618530273,29.940000534057617,29.829999923706055,29.850000381469727,1272600.0
2021-04-16,26.57285499572754,29.829999923706055,29.93000030517578,29.81999969482422,29.93000030517578,654500.0
2021-04-19,26.5283203125,29.780000686645508,29.81999969482422,29.770000457763672,29.790000915527344,1383600.0
2021-04-20,26.590673446655273,29.850000381469727,29.860000610351562,29.780000686645508,29.790000915527344,550000.0
2021-04-21,26.617403030395508,29.8799991607666,29.8799991607666,29.809999465942383,29.860000610351562,1492200.0
2021-04-22,26.626306533813477,29.889999389648438,29.899999618530273,29.84000015258789,29.8700008392334,1044400.0
2021-04-23,26.617403030395508,29.8799991607666,29.899999618530273,29.850000381469727,29.889999389648438,751100.0
2021-04-26,26.590673446655273,29.850000381469727,29.899999618530273,29.829999923706055,29.829999923706055,737500.0
2021-04-27,26.537233352661133,29.790000915527344,29.8799991607666,29.780000686645508,29.8799991607666,1301600.0
2021-04-28,26.546131134033203,29.799999237060547,29.799999237060547,29.739999771118164,29.799999237060547,2004900.0
2021-04-29,26.519412994384766,29.770000457763672,29.780000686645508,29.700000762939453,29.780000686645508,3154800.0
2021-04-30,26.555042266845703,29.809999465942383,29.81999969482422,29.780000686645508,29.799999237060547,1666800.0
2021-05-03,26.584495544433594,29.790000915527344,29.829999923706055,29.760000228881836,29.790000915527344,1060700.0
2021-05-04,26.620189666748047,29.829999923706055,29.8700008392334,29.799999237060547,29.84000015258789,1740500.0
2021-05-05,26.63803482055664,29.850000381469727,29.860000610351562,29.799999237060547,29.81999969482422,758100.0
2021-05-06,26.655885696411133,29.8700008392334,29.8799991607666,29.829999923706055,29.84000015258789,732300.0
2021-05-07,26.655885696411133,29.8700008392334,29.950000762939453,29.81999969482422,29.93000030517578,4751900.0
2021-05-10,26.593416213989258,29.799999237060547,29.8700008392334,29.780000686645508,29.84000015258789,853700.0
2021-05-11,26.539871215820312,29.739999771118164,29.760000228881836,29.719999313354492,29.75,4623300.0
2021-05-12,26.441709518432617,29.6299991607666,29.700000762939453,29.6200008392334,29.700000762939453,583100.0
2021-05-13,26.49524688720703,29.690000534057617,29.700000762939453,29.639999389648438,29.649999618530273,712600.0
2021-05-14,26.548795700073242,29.75,29.75,29.709999084472656,29.709999084472656,6605400.0
2021-05-17,26.52202033996582,29.719999313354492,29.75,29.709999084472656,29.739999771118164,803500.0
2021-05-18,26.49524688720703,29.690000534057617,29.719999313354492,29.68000030517578,29.709999084472656,1189700.0
2021-05-19,26.468482971191406,29.65999984741211,29.729999542236328,29.6200008392334,29.68000030517578,2601100.0
2021-05-20,26.548795700073242,29.75,29.760000228881836,29.68000030517578,29.690000534057617,788200.0
2021-05-21,26.548795700073242,29.75,29.790000915527344,29.729999542236328,29.760000228881836,934400.0
2021-05-24,26.593416213989258,29.799999237060547,29.809999465942383,29.770000457763672,29.780000686645508,892700.0
2021-05-25,26.66480827331543,29.8799991607666,29.8799991607666,29.81999969482422,29.829999923706055,1709700.0
2021-05-26,26.646961212158203,29.860000610351562,29.899999618530273,29.829999923706055,29.899999618530273,1261000.0
2021-05-27,26.61126136779785,29.81999969482422,29.829999923706055,29.780000686645508,29.829999923706055,617100.0
2021-05-28,26.620189666748047,29.829999923706055,29.860000610351562,29.81999969482422,29.860000610351562,798900.0
2021-06-01,26.613929748535156,29.770000457763672,29.780000686645508,29.719999313354492,29.75,1230300.0
2021-06-02,26.631813049316406,29.790000915527344,29.809999465942383,29.780000686645508,29.799999237060547,1141300.0
2021-06-03,26.596050262451172,29.75,29.770000457763672,29.729999542236328,29.770000457763672,1194300.0
2021-06-04,26.685447692871094,29.850000381469727,29.850000381469727,29.770000457763672,29.790000915527344,818000.0
2021-06-07,26.676511764526367,29.84000015258789,29.850000381469727,29.829999923706055,29.850000381469727,1108700.0
2021-06-08,26.712268829345703,29.8799991607666,29.899999618530273,29.8700008392334,29.889999389648438,678200.0
2021-06-09,26.765907287597656,29.940000534057617,29.979999542236328,29.899999618530273,29.899999618530273,4239200.0
2021-06-10,26.819551467895508,30.0,30.020000457763672,29.889999389648438,29.90999984741211,655800.0
2021-06-11,26.801666259765625,29.979999542236328,30.049999237060547,29.969999313354492,30.0,720600.0
2021-06-14,26.739089965820312,29.90999984741211,29.979999542236328,29.90999984741211,29.950000762939453,583100.0
2021-06-15,26.739089965820312,29.90999984741211,29.93000030517578,29.889999389648438,29.93000030517578,993600.0
2021-06-16,26.676511764526367,29.84000015258789,29.959999084472656,29.799999237060547,29.940000534057617,1236900.0
2021-06-17,26.74803352355957,29.920000076293945,29.989999771118164,29.850000381469727,29.8700008392334,1512400.0
2021-06-18,26.828493118286133,30.010000228881836,30.030000686645508,29.90999984741211,29.959999084472656,1317700.0
2021-06-21,26.75697135925293,29.93000030517578,29.959999084472656,29.899999618530273,29.940000534057617,1545100.0
2021-06-22,26.77484703063965,29.950000762939453,29.959999084472656,29.8700008392334,29.8799991607666,1045200.0
2021-06-23,26.765907287597656,29.940000534057617,29.969999313354492,29.920000076293945,29.959999084472656,9951400.0
2021-06-24,26.78378677368164,29.959999084472656,29.979999542236328,29.93000030517578,29.940000534057617,1179300.0
2021-06-25,26.73014259338379,29.899999618530273,29.969999313354492,29.860000610351562,29.969999313354492,2652500.0
2021-06-28,26.79273223876953,29.969999313354492,29.989999771118164,29.920000076293945,29.959999084472656,1049100.0
2021-06-29,26.819551467895508,30.0,30.0,29.940000534057617,29.940000534057617,857800.0
2021-06-30,26.828493118286133,30.010000228881836,30.040000915527344,29.989999771118164,29.989999771118164,1197200.0
2021-07-01,26.821321487426758,29.950000762939453,29.969999313354492,29.920000076293945,29.969999313354492,1228100.0
2021-07-02,26.875062942504883,30.010000228881836,30.020000457763672,29.959999084472656,30.0,901500.0
2021-07-06,26.9646053314209,30.110000610351562,30.139999389648438,30.040000915527344,30.040000915527344,2242400.0
2021-07-07,27.009387969970703,30.15999984741211,30.18000030517578,30.1200008392334,30.149999618530273,1332900.0
2021-07-08,27.05417251586914,30.209999084472656,30.25,30.170000076293945,30.25,923200.0
2021-07-09,26.955652236938477,30.100000381469727,30.1200008392334,30.09000015258789,30.110000610351562,495600.0
2021-07-12,26.937742233276367,30.079999923706055,30.1299991607666,30.06999969482422,30.100000381469727,719100.0
2021-07-13,26.875062942504883,30.010000228881836,30.1200008392334,29.989999771118164,30.049999237060547,5485500.0
2021-07-14,26.955652236938477,30.100000381469727,30.110000610351562,30.059999465942383,30.09000015258789,2230000.0
2021-07-15,27.018346786499023,30.170000076293945,30.18000030517578,30.100000381469727,30.149999618530273,555800.0
2021-07-16,27.009387969970703,30.15999984741211,30.170000076293945,30.100000381469727,30.1200008392334,579500.0
2021-07-19,27.143714904785156,30.309999465942383,30.329999923706055,30.260000228881836,30.260000228881836,586700.0
2021-07-20,27.10789680480957,30.270000457763672,30.389999389648438,30.260000228881836,30.299999237060547,1042400.0
2021-07-21,27.036251068115234,30.190000534057617,30.209999084472656,30.149999618530273,30.209999084472656,870700.0
2021-07-22,27.09894371032715,30.260000228881836,30.270000457763672,30.170000076293945,30.229999542236328,607600.0
2021-07-23,27.0631160736084,30.219999313354492,30.229999542236328,30.170000076293945,30.170000076293945,857200.0
2021-07-26,27.05417251586914,30.209999084472656,30.270000457763672,30.190000534057617,30.270000457763672,1009000.0
2021-07-27,27.09894371032715,30.260000228881836,30.280000686645508,30.239999771118164,30.25,3333900.0
2021-07-28,27.1347599029541,30.299999237060547,30.299999237060547,30.200000762939453,30.239999771118164,528100.0
2021-07-29,27.08103370666504,30.239999771118164,30.270000457763672,30.229999542236328,30.260000228881836,617900.0
2021-07-30,27.12580680847168,30.290000915527344,30.299999237060547,30.260000228881836,30.290000915527344,449000.0
2021-08-02,27.180524826049805,30.299999237060547,30.34000015258789,30.25,30.25,778600.0
2021-08-03,27.20743751525879,30.329999923706055,30.360000610351562,30.239999771118164,30.350000381469727,921900.0
2021-08-04,27.198457717895508,30.31999969482422,30.389999389648438,30.170000076293945,30.360000610351562,1029800.0
2021-08-05,27.153615951538086,30.270000457763672,30.299999237060547,30.239999771118164,30.280000686645508,696100.0
2021-08-06,27.019062042236328,30.1200008392334,30.299999237060547,30.110000610351562,30.299999237060547,1274100.0
2021-08-09,26.965238571166992,30.059999465942383,30.149999618530273,30.059999465942383,30.139999389648438,483200.0
2021-08-10,26.938323974609375,30.030000686645508,30.09000015258789,30.010000228881836,30.09000015258789,716500.0
2021-08-11,26.956266403198242,30.049999237060547,30.06999969482422,29.989999771118164,30.06999969482422,898400.0
2021-08-12,26.956266403198242,30.049999237060547,30.049999237060547,30.0,30.040000915527344,1442400.0
2021-08-13,27.03700065612793,30.139999389648438,30.149999618530273,30.010000228881836,30.059999465942383,1149200.0
2021-08-16,27.08184814453125,30.190000534057617,30.25,30.18000030517578,30.209999084472656,736300.0
2021-08-17,27.063913345336914,30.170000076293945,30.200000762939453,30.09000015258789,30.18000030517578,1268000.0
2021-08-18,27.054941177368164,30.15999984741211,30.170000076293945,30.110000610351562,30.149999618530273,1397400.0
2021-08-19,27.09980010986328,30.209999084472656,30.219999313354492,30.170000076293945,30.209999084472656,2532000.0
2021-08-20,27.09980010986328,30.209999084472656,30.229999542236328,30.190000534057617,30.200000762939453,735000.0
2021-08-23,27.09980010986328,30.209999084472656,30.219999313354492,30.149999618530273,30.190000534057617,716100.0
2021-08-24,27.04596519470215,30.149999618530273,30.209999084472656,30.149999618530273,30.170000076293945,1154900.0
2021-08-25,26.992143630981445,30.09000015258789,30.200000762939453,30.079999923706055,30.200000762939453,568500.0
2021-08-26,27.019062042236328,30.1200008392334,30.1200008392334,30.06999969482422,30.09000015258789,872000.0
2021-08-27,27.08184814453125,30.190000534057617,30.190000534057617,30.079999923706055,30.1299991607666,705400.0
2021-08-30,27.117734909057617,30.229999542236328,30.229999542236328,30.149999618530273,30.190000534057617,443400.0
2021-08-31,27.0908260345459,30.200000762939453,30.25,30.170000076293945,30.200000762939453,2328600.0
2021-09-01,27.1007080078125,30.15999984741211,30.190000534057617,30.100000381469727,30.18000030517578,1004900.0
2021-09-02,27.118677139282227,30.18000030517578,30.190000534057617,30.1299991607666,30.190000534057617,1935800.0
2021-09-03,27.073749542236328,30.1299991607666,30.139999389648438,30.100000381469727,30.110000610351562,766600.0
2021-09-07,27.001859664916992,30.049999237060547,30.110000610351562,30.030000686645508,30.079999923706055,866700.0
2021-09-08,27.055774688720703,30.110000610351562,30.1200008392334,30.06999969482422,30.110000610351562,2056600.0
2021-09-09,27.12765884399414,30.190000534057617,30.200000762939453,30.100000381469727,30.110000610351562,1440800.0
2021-09-10,27.073749542236328,30.1299991607666,30.15999984741211,30.110000610351562,30.1299991607666,1500800.0
2021-09-13,27.091720581054688,30.149999618530273,30.18000030517578,30.139999389648438,30.139999389648438,937000.0
2021-09-14,27.172592163085938,30.239999771118164,30.260000228881836,30.149999618530273,30.18000030517578,484300.0
2021-09-15,27.145639419555664,30.209999084472656,30.239999771118164,30.18000030517578,30.239999771118164,1315600.0
2021-09-16,27.091720581054688,30.149999618530273,30.18000030517578,30.1299991607666,30.1299991607666,1115200.0
2021-09-17,27.06476593017578,30.1200008392334,30.1299991607666,30.06999969482422,30.100000381469727,462200.0
2021-09-20,27.136646270751953,30.200000762939453,30.200000762939453,30.149999618530273,30.170000076293945,1406900.0
2021-09-21,27.118677139282227,30.18000030517578,30.209999084472656,30.15999984741211,30.209999084472656,587600.0
2021-09-22,27.154617309570312,30.219999313354492,30.229999542236328,30.15999984741211,30.170000076293945,853900.0
2021-09-23,27.001859664916992,30.049999237060547,30.149999618530273,30.040000915527344,30.139999389648438,1129100.0
2021-09-24,26.938966751098633,29.979999542236328,30.049999237060547,29.979999542236328,30.049999237060547,2630300.0
2021-09-27,26.91200828552246,29.950000762939453,29.989999771118164,29.93000030517578,29.959999084472656,1313500.0
2021-09-28,26.804182052612305,29.829999923706055,29.889999389648438,29.81999969482422,29.84000015258789,1457100.0
2021-09-29,26.82215118408203,29.850000381469727,29.90999984741211,29.81999969482422,29.899999618530273,1280700.0
2021-09-30,26.82215118408203,29.850000381469727,29.860000610351562,29.81999969482422,29.84000015258789,1815900.0
2021-10-01,26.912147521972656,29.899999618530273,29.90999984741211,29.799999237060547,29.799999237060547,1808900.0
2021-10-04,26.885154724121094,29.8700008392334,29.90999984741211,29.850000381469727,29.899999618530273,1600900.0
2021-10-05,26.813156127929688,29.790000915527344,29.8700008392334,29.790000915527344,29.8700008392334,1930800.0
2021-10-06,26.84014892578125,29.81999969482422,29.829999923706055,29.799999237060547,29.809999465942383,1336700.0
2021-10-07,26.777149200439453,29.75,29.799999237060547,29.729999542236328,29.799999237060547,619800.0
2021-10-08,26.696144104003906,29.65999984741211,29.739999771118164,29.65999984741211,29.739999771118164,1268500.0
2021-10-11,26.669137954711914,29.6299991607666,29.649999618530273,29.610000610351562,29.639999389648438,745600.0
2021-10-12,26.768150329589844,29.739999771118164,29.75,29.639999389648438,29.729999542236328,4652300.0
2021-10-13,26.82215690612793,29.799999237060547,29.799999237060547,29.729999542236328,29.729999542236328,2079600.0
2021-10-14,26.858156204223633,29.84000015258789,29.860000610351562,29.780000686645508,29.81999969482422,732000.0
2021-10-15,26.804149627685547,29.780000686645508,29.809999465942383,29.760000228881836,29.809999465942383,941800.0
2021-10-18,26.79515266418457,29.770000457763672,29.770000457763672,29.700000762939453,29.729999542236328,1444500.0
2021-10-19,26.70513916015625,29.670000076293945,29.739999771118164,29.670000076293945,29.739999771118164,841200.0
2021-10-20,26.678136825561523,29.639999389648438,29.709999084472656,29.639999389648438,29.709999084472656,1391700.0
2021-10-21,26.64213752746582,29.600000381469727,29.639999389648438,29.59000015258789,29.639999389648438,1122800.0
2021-10-22,26.6871395111084,29.649999618530273,29.670000076293945,29.610000610351562,29.6200008392334,884200.0
2021-10-25,26.714139938354492,29.68000030517578,29.700000762939453,29.6200008392334,29.68000030517578,774100.0
2021-10-26,26.750141143798828,29.719999313354492,29.719999313354492,29.649999618530273,29.719999313354492,998400.0
2021-10-27,26.858156204223633,29.84000015258789,29.8700008392334,29.75,29.790000915527344,1293400.0
2021-10-28,26.83115005493164,29.809999465942383,29.850000381469727,29.780000686645508,29.84000015258789,1240900.0
2021-10-29,26.82215690612793,29.799999237060547,29.829999923706055,29.719999313354492,29.760000228881836,1993500.0
2021-11-01,26.795103073120117,29.719999313354492,29.75,29.65999984741211,29.729999542236328,1231400.0
2021-11-02,26.858219146728516,29.790000915527344,29.81999969482422,29.729999542236328,29.770000457763672,2179300.0
2021-11-03,26.822153091430664,29.75,29.829999923706055,29.709999084472656,29.809999465942383,905300.0
2021-11-04,26.903289794921875,29.84000015258789,29.860000610351562,29.75,29.780000686645508,1348000.0
2021-11-05,27.02951431274414,29.979999542236328,29.989999771118164,29.8799991607666,29.90999984741211,1417800.0
2021-11-08,26.966405868530273,29.90999984741211,29.950000762939453,29.889999389648438,29.950000762939453,973000.0
2021-11-09,27.0205020904541,29.969999313354492,30.030000686645508,29.959999084472656,29.959999084472656,1513400.0
2021-11-10,26.849197387695312,29.780000686645508,29.940000534057617,29.75,29.940000534057617,1016500.0
2021-11-11,26.80411720275879,29.729999542236328,29.790000915527344,29.719999313354492,29.790000915527344,531700.0
2021-11-12,26.78608512878418,29.709999084472656,29.790000915527344,29.700000762939453,29.790000915527344,882400.0
2021-11-15,26.6959285736084,29.610000610351562,29.739999771118164,29.610000610351562,29.739999771118164,1223700.0
2021-11-16,26.686912536621094,29.600000381469727,29.65999984741211,29.59000015258789,29.639999389648438,1168500.0
2021-11-17,26.750022888183594,29.670000076293945,29.68000030517578,29.559999465942383,29.600000381469727,1129400.0
2021-11-18,26.78608512878418,29.709999084472656,29.709999084472656,29.639999389648438,29.670000076293945,782900.0
2021-11-19,26.813138961791992,29.739999771118164,29.790000915527344,29.729999542236328,29.760000228881836,731600.0
2021-11-22,26.704946517944336,29.6200008392334,29.700000762939453,29.59000015258789,29.690000534057617,645000.0
2021-11-23,26.596755981445312,29.5,29.579999923706055,29.489999771118164,29.56999969482422,759700.0
2021-11-24,26.668880462646484,29.579999923706055,29.579999923706055,29.469999313354492,29.5,623500.0
2021-11-26,26.840185165405273,29.770000457763672,29.770000457763672,29.68000030517578,29.709999084472656,507500.0
2021-11-29,26.83116340637207,29.760000228881836,29.780000686645508,29.65999984741211,29.670000076293945,1210500.0
2021-11-30,26.8852596282959,29.81999969482422,29.93000030517578,29.760000228881836,29.860000610351562,1277300.0
2021-12-01,26.9123592376709,29.799999237060547,29.809999465942383,29.690000534057617,29.719999313354492,1732700.0
2021-12-02,26.903324127197266,29.790000915527344,29.81999969482422,29.739999771118164,29.81999969482422,1985400.0
2021-12-03,26.99363899230957,29.889999389648438,29.93000030517578,29.739999771118164,29.739999771118164,3047500.0
2021-12-06,26.921388626098633,29.809999465942383,29.899999618530273,29.799999237060547,29.8799991607666,1417100.0
2021-12-07,26.88526725769043,29.770000457763672,29.81999969482422,29.739999771118164,29.780000686645508,813200.0
2021-12-08,26.80398178100586,29.68000030517578,29.760000228881836,29.639999389648438,29.760000228881836,1129600.0
2021-12-09,26.81301498413086,29.690000534057617,29.729999542236328,29.649999618530273,29.709999084472656,4790200.0
2021-12-10,26.822052001953125,29.700000762939453,29.760000228881836,29.690000534057617,29.75,940100.0
2021-12-13,26.894290924072266,29.780000686645508,29.809999465942383,29.729999542236328,29.760000228881836,1006400.0
2021-12-14,26.858173370361328,29.739999771118164,29.760000228881836,29.690000534057617,29.760000228881836,1508300.0
2021-12-15,26.840106964111328,29.719999313354492,29.739999771118164,29.65999984741211,29.690000534057617,1035000.0
2021-12-16,26.849136352539062,29.729999542236328,29.799999237060547,29.719999313354492,29.799999237060547,1469400.0
2021-12-17,26.904325485229492,29.739999771118164,29.780000686645508,29.729999542236328,29.780000686645508,1236700.0
2021-12-20,26.87717628479004,29.709999084472656,29.770000457763672,29.690000534057617,29.760000228881836,846400.0
2021-12-21,26.831951141357422,29.65999984741211,29.670000076293945,29.59000015258789,29.670000076293945,3169400.0
2021-12-22,26.850040435791016,29.68000030517578,29.700000762939453,29.649999618530273,29.700000762939453,797900.0
2021-12-23,26.84099578857422,29.670000076293945,29.709999084472656,29.6200008392334,29.709999084472656,839700.0
2021-12-27,26.868139266967773,29.700000762939453,29.700000762939453,29.639999389648438,29.700000762939453,2048800.0
2021-12-28,26.850040435791016,29.68000030517578,29.729999542236328,29.649999618530273,29.729999542236328,1143300.0
2021-12-29,26.750532150268555,29.56999969482422,29.6200008392334,29.559999465942383,29.579999923706055,945500.0
2021-12-30,26.813854217529297,29.639999389648438,29.639999389648438,29.56999969482422,29.610000610351562,1063600.0
2021-12-31,26.795766830444336,29.6200008392334,29.670000076293945,29.6200008392334,29.639999389648438,2127500.0
2022-01-03,26.651020050048828,29.459999084472656,29.549999237060547,29.450000762939453,29.549999237060547,2409700.0
2022-01-04,26.614831924438477,29.420000076293945,29.459999084472656,29.3700008392334,29.459999084472656,1078100.0
2022-01-05,26.542461395263672,29.34000015258789,29.469999313354492,29.329999923706055,29.469999313354492,1595000.0
2022-01-06,26.51531982421875,29.309999465942383,29.309999465942383,29.260000228881836,29.290000915527344,1671800.0
2022-01-07,26.442951202392578,29.229999542236328,29.31999969482422,29.190000534057617,29.31999969482422,2071300.0
2022-01-10,26.415807723999023,29.200000762939453,29.200000762939453,29.1200008392334,29.149999618530273,1666300.0
2022-01-11,26.442951202392578,29.229999542236328,29.25,29.15999984741211,29.18000030517578,3996700.0
2022-01-12,26.451993942260742,29.239999771118164,29.299999237060547,29.229999542236328,29.299999237060547,7608900.0
2022-01-13,26.50627326965332,29.299999237060547,29.299999237060547,29.219999313354492,29.25,9042400.0
2022-01-14,26.370576858520508,29.149999618530273,29.25,29.1200008392334,29.239999771118164,1731400.0
2022-01-18,26.19869613647461,28.959999084472656,29.049999237060547,28.959999084472656,29.049999237060547,5886500.0
2022-01-19,26.243921279907227,29.010000228881836,29.059999465942383,28.959999084472656,29.0,2481400.0
2022-01-20,26.252971649169922,29.020000457763672,29.059999465942383,29.010000228881836,29.030000686645508,2297500.0
2022-01-21,26.379621505737305,29.15999984741211,29.170000076293945,29.110000610351562,29.149999618530273,2221300.0
2022-01-24,26.34343910217285,29.1200008392334,29.190000534057617,29.110000610351562,29.18000030517578,3617100.0
2022-01-25,26.2982120513916,29.06999969482422,29.15999984741211,29.06999969482422,29.139999389648438,2933200.0
2022-01-26,26.171552658081055,28.93000030517578,29.1200008392334,28.93000030517578,29.1200008392334,1476700.0
2022-01-27,26.234878540039062,29.0,29.049999237060547,28.979999542236328,29.0,2484700.0
2022-01-28,26.280109405517578,29.049999237060547,29.049999237060547,28.93000030517578,28.940000534057617,1248800.0
2022-01-31,26.252971649169922,29.020000457763672,29.049999237060547,28.979999542236328,29.020000457763672,1613200.0
2022-02-01,26.25206756591797,28.969999313354492,29.020000457763672,28.93000030517578,29.020000457763672,1810500.0
2022-02-02,26.279254913330078,29.0,29.079999923706055,28.989999771118164,29.010000228881836,2371800.0
2022-02-03,26.197690963745117,28.90999984741211,28.93000030517578,28.860000610351562,28.90999984741211,1275300.0
2022-02-04,26.025522232055664,28.719999313354492,28.809999465942383,28.690000534057617,28.809999465942383,2032000.0
2022-02-07,26.04364585876465,28.739999771118164,28.760000228881836,28.690000534057617,28.729999542236328,3007800.0
2022-02-08,25.962087631225586,28.649999618530273,28.700000762939453,28.649999618530273,28.690000534057617,1527600.0
2022-02-09,25.989274978637695,28.68000030517578,28.739999771118164,28.670000076293945,28.719999313354492,2019300.0
2022-02-10,25.708356857299805,28.3700008392334,28.59000015258789,28.3700008392334,28.56999969482422,3664700.0
2022-02-11,25.88959503173828,28.56999969482422,28.600000381469727,28.389999389648438,28.489999771118164,1782400.0
2022-02-14,25.753671646118164,28.420000076293945,28.5,28.40999984741211,28.489999771118164,1113100.0
2022-02-15,25.699298858642578,28.360000610351562,28.43000030517578,28.360000610351562,28.3799991607666,1260800.0
2022-02-16,25.744606018066406,28.40999984741211,28.43000030517578,28.31999969482422,28.399999618530273,1622200.0
2022-02-17,25.789918899536133,28.459999084472656,28.510000228881836,28.420000076293945,28.450000762939453,2842800.0
2022-02-18,25.84428596496582,28.520000457763672,28.56999969482422,28.479999542236328,28.540000915527344,2273200.0
2022-02-22,25.798973083496094,28.469999313354492,28.5,28.450000762939453,28.459999084472656,1977400.0
2022-02-23,25.699298858642578,28.360000610351562,28.459999084472656,28.360000610351562,28.450000762939453,8232000.0
2022-02-24,25.753671646118164,28.420000076293945,28.489999771118164,28.3700008392334,28.469999313354492,4679300.0
2022-02-25,25.780858993530273,28.450000762939453,28.450000762939453,28.3799991607666,28.43000030517578,1631200.0
2022-02-28,25.97115707397461,28.65999984741211,28.68000030517578,28.549999237060547,28.579999923706055,1848300.0
2022-03-01,26.097328186035156,28.75,28.860000610351562,28.670000076293945,28.68000030517578,2167300.0
2022-03-02,25.815927505493164,28.440000534057617,28.649999618530273,28.440000534057617,28.649999618530273,3826600.0
2022-03-03,25.897624969482422,28.530000686645508,28.549999237060547,28.459999084472656,28.489999771118164,1781300.0
2022-03-04,25.9883975982666,28.6299991607666,28.690000534057617,28.610000610351562,28.68000030517578,1820600.0
2022-03-07,25.86131477355957,28.489999771118164,28.610000610351562,28.479999542236328,28.56999969482422,4951100.0
2022-03-08,25.761465072631836,28.3799991607666,28.389999389648438,28.329999923706055,28.350000381469727,2526300.0
2022-03-09,25.6888484954834,28.299999237060547,28.350000381469727,28.280000686645508,28.34000015258789,2353000.0
2022-03-10,25.543603897094727,28.139999389648438,28.229999542236328,28.110000610351562,28.200000762939453,3831600.0
2022-03-11,25.543603897094727,28.139999389648438,28.170000076293945,28.1200008392334,28.1299991607666,1844300.0
2022-03-14,25.316679000854492,27.889999389648438,28.0,27.889999389648438,27.969999313354492,2651600.0
2022-03-15,25.352985382080078,27.93000030517578,28.010000228881836,27.889999389648438,27.979999542236328,2353700.0
2022-03-16,25.371137619018555,27.950000762939453,27.959999084472656,27.770000457763672,27.940000534057617,1736500.0
2022-03-17,25.407447814941406,27.989999771118164,28.040000915527344,27.950000762939453,28.0,1221000.0
2022-03-18,25.452838897705078,28.040000915527344,28.06999969482422,28.010000228881836,28.010000228881836,1190100.0
2022-03-21,25.216829299926758,27.780000686645508,27.940000534057617,27.770000457763672,27.93000030517578,1208300.0
2022-03-22,25.144207000732422,27.700000762939453,27.739999771118164,27.68000030517578,27.719999313354492,2067900.0
2022-03-23,25.25313949584961,27.81999969482422,27.81999969482422,27.690000534057617,27.75,923800.0
2022-03-24,25.207746505737305,27.770000457763672,27.780000686645508,27.68000030517578,27.690000534057617,1776600.0
2022-03-25,24.99896812438965,27.540000915527344,27.700000762939453,27.5,27.700000762939453,5899500.0
2022-03-28,25.062509536743164,27.610000610351562,27.639999389648438,27.540000915527344,27.600000381469727,1265200.0
2022-03-29,25.18051528930664,27.739999771118164,27.739999771118164,27.6200008392334,27.649999618530273,1738200.0
2022-03-30,25.225902557373047,27.790000915527344,27.799999237060547,27.65999984741211,27.68000030517578,4118700.0
2022-03-31,25.225902557373047,27.790000915527344,27.8700008392334,27.790000915527344,27.84000015258789,2887800.0
2022-04-01,25.18134307861328,27.690000534057617,27.75,27.559999465942383,27.6299991607666,2318000.0
2022-04-04,25.19952392578125,27.709999084472656,27.739999771118164,27.649999618530273,27.739999771118164,2654800.0
2022-04-05,24.944900512695312,27.43000030517578,27.68000030517578,27.43000030517578,27.68000030517578,1886800.0
2022-04-06,24.88123893737793,27.360000610351562,27.440000534057617,27.270000457763672,27.31999969482422,4046100.0
2022-04-07,24.835763931274414,27.309999465942383,27.3700008392334,27.270000457763672,27.360000610351562,1733700.0
2022-04-08,24.690263748168945,27.149999618530273,27.229999542236328,27.1200008392334,27.209999084472656,3275700.0
2022-04-11,24.590229034423828,27.040000915527344,27.1200008392334,27.020000457763672,27.1200008392334,2128300.0
2022-04-12,24.690263748168945,27.149999618530273,27.209999084472656,27.1200008392334,27.190000534057617,4945700.0
2022-04-13,24.717552185058594,27.18000030517578,27.25,27.149999618530273,27.15999984741211,4664200.0
2022-04-14,24.53566551208496,26.979999542236328,27.149999618530273,26.959999084472656,27.149999618530273,1737800.0
2022-04-18,24.472002029418945,26.90999984741211,26.979999542236328,26.889999389648438,26.979999542236328,2084200.0
2022-04-19,24.29921531677246,26.719999313354492,26.829999923706055,26.709999084472656,26.799999237060547,2671000.0
2022-04-20,24.45381736755371,26.889999389648438,26.899999618530273,26.780000686645508,26.780000686645508,2150100.0
2022-04-21,24.317407608032227,26.739999771118164,26.860000610351562,26.65999984741211,26.860000610351562,1680100.0
2022-04-22,24.271942138671875,26.690000534057617,26.75,26.6299991607666,26.700000762939453,1120300.0
2022-04-25,24.344690322875977,26.770000457763672,26.950000762939453,26.770000457763672,26.860000610351562,4298000.0
2022-04-26,24.508378982543945,26.950000762939453,27.0,26.920000076293945,26.989999771118164,1696400.0
2022-04-27,24.408353805541992,26.84000015258789,27.0,26.84000015258789,27.0,3360800.0
2022-04-28,24.408353805541992,26.84000015258789,26.850000381469727,26.760000228881836,26.84000015258789,1344100.0
2022-04-29,24.271942138671875,26.690000534057617,26.790000915527344,26.65999984741211,26.739999771118164,1960300.0
2022-05-02,24.117958068847656,26.469999313354492,26.59000015258789,26.450000762939453,26.59000015258789,1916900.0
2022-05-03,24.190847396850586,26.549999237060547,26.649999618530273,26.520000457763672,26.649999618530273,2126000.0
2022-05-04,24.34573745727539,26.719999313354492,26.719999313354492,26.469999313354492,26.5,3280000.0
2022-05-05,24.108844757080078,26.459999084472656,26.59000015258789,26.350000381469727,26.540000915527344,4566500.0
2022-05-06,23.9995059967041,26.34000015258789,26.440000534057617,26.31999969482422,26.399999618530273,3090800.0
2022-05-09,24.099735260009766,26.450000762939453,26.479999542236328,26.309999465942383,26.34000015258789,3480000.0
2022-05-10,24.172624588012695,26.530000686645508,26.6299991607666,26.520000457763672,26.559999465942383,3464500.0
2022-05-11,24.25463104248047,26.6200008392334,26.639999389648438,26.43000030517578,26.479999542236328,5761800.0
2022-05-12,24.32752227783203,26.700000762939453,26.739999771118164,26.65999984741211,26.709999084472656,2189200.0
2022-05-13,24.236400604248047,26.600000381469727,26.649999618530273,26.579999923706055,26.6299991607666,3272600.0
2022-05-16,24.29106903076172,26.65999984741211,26.709999084472656,26.6299991607666,26.670000076293945,2776200.0
2022-05-17,24.163509368896484,26.520000457763672,26.579999923706055,26.489999771118164,26.579999923706055,1637100.0
2022-05-18,24.236400604248047,26.600000381469727,26.6200008392334,26.459999084472656,26.530000686645508,2612500.0
2022-05-19,24.245513916015625,26.610000610351562,26.770000457763672,26.610000610351562,26.739999771118164,3747900.0
2022-05-20,24.382183074951172,26.760000228881836,26.760000228881836,26.670000076293945,26.68000030517578,2425600.0
2022-05-23,24.29106903076172,26.65999984741211,26.760000228881836,26.6299991607666,26.719999313354492,1535200.0
2022-05-24,24.49152183532715,26.8799991607666,26.899999618530273,26.719999313354492,26.770000457763672,2832300.0
2022-05-25,24.564407348632812,26.959999084472656,26.989999771118164,26.899999618530273,26.940000534057617,2173700.0
2022-05-26,24.5553035736084,26.950000762939453,27.020000457763672,26.90999984741211,26.93000030517578,2677500.0
2022-05-27,24.609973907470703,27.010000228881836,27.040000915527344,26.969999313354492,27.010000228881836,1317300.0
2022-05-31,24.44597053527832,26.829999923706055,26.889999389648438,26.790000915527344,26.889999389648438,2134700.0
2022-06-01,24.347373962402344,26.670000076293945,26.8799991607666,26.639999389648438,26.8799991607666,1743900.0
2022-06-02,24.38388442993164,26.709999084472656,26.75,26.639999389648438,26.75,2628300.0
2022-06-03,24.338241577148438,26.65999984741211,26.68000030517578,26.600000381469727,26.670000076293945,2829900.0
2022-06-06,24.192171096801758,26.5,26.649999618530273,26.489999771118164,26.649999618530273,1316900.0
2022-06-07,24.28346061706543,26.600000381469727,26.639999389648438,26.530000686645508,26.59000015258789,1446100.0
2022-06-08,24.18305015563965,26.489999771118164,26.59000015258789,26.489999771118164,26.549999237060547,1687700.0
2022-06-09,24.14653205871582,26.450000762939453,26.510000228881836,26.440000534057617,26.510000228881836,2990400.0
2022-06-10,23.963945388793945,26.25,26.3799991607666,26.200000762939453,26.3700008392334,8668000.0
2022-06-13,23.58966064453125,25.84000015258789,26.030000686645508,25.709999084472656,26.0,7298900.0
2022-06-14,23.43446159362793,25.670000076293945,25.920000076293945,25.639999389648438,25.8799991607666,2719600.0
2022-06-15,23.680944442749023,25.940000534057617,25.959999084472656,25.719999313354492,25.809999465942383,3714100.0
2022-06-16,23.744844436645508,26.010000228881836,26.010000228881836,25.709999084472656,25.709999084472656,2995900.0
2022-06-17,23.735719680786133,26.0,26.079999923706055,25.920000076293945,26.059999465942383,2947700.0
2022-06-21,23.653549194335938,25.90999984741211,25.989999771118164,25.8799991607666,25.889999389648438,4282300.0
2022-06-22,23.854393005371094,26.1299991607666,26.15999984741211,26.09000015258789,26.110000610351562,4131100.0
2022-06-23,23.945688247680664,26.229999542236328,26.3799991607666,26.209999084472656,26.25,7213600.0
2022-06-24,23.918304443359375,26.200000762939453,26.299999237060547,26.18000030517578,26.200000762939453,4749200.0
2022-06-27,23.808748245239258,26.079999923706055,26.18000030517578,26.059999465942383,26.110000610351562,2990700.0
2022-06-28,23.827011108398438,26.100000381469727,26.100000381469727,26.020000457763672,26.040000915527344,2418200.0
2022-06-29,23.945688247680664,26.229999542236328,26.229999542236328,26.079999923706055,26.09000015258789,1485700.0
2022-06-30,24.05524253845215,26.350000381469727,26.420000076293945,26.31999969482422,26.350000381469727,2726200.0
2022-07-01,24.267454147338867,26.530000686645508,26.649999618530273,26.459999084472656,26.649999618530273,3116500.0
2022-07-05,24.313188552856445,26.579999923706055,26.639999389648438,26.530000686645508,26.639999389648438,2717600.0
2022-07-06,24.148536682128906,26.399999618530273,26.670000076293945,26.399999618530273,26.670000076293945,2790900.0
2022-07-07,24.093660354614258,26.34000015258789,26.479999542236328,26.309999465942383,26.479999542236328,2186000.0
2022-07-08,24.011329650878906,26.25,26.31999969482422,26.219999313354492,26.31999969482422,1840300.0
2022-07-11,24.111953735351562,26.360000610351562,26.420000076293945,26.329999923706055,26.34000015258789,2024200.0
2022-07-12,24.13939094543457,26.389999389648438,26.479999542236328,26.389999389648438,26.40999984741211,13728000.0
2022-07-13,24.212570190429688,26.469999313354492,26.479999542236328,26.229999542236328,26.25,3827600.0
2022-07-14,24.130239486694336,26.3799991607666,26.43000030517578,26.260000228881836,26.31999969482422,1937400.0
2022-07-15,24.230867385864258,26.489999771118164,26.530000686645508,26.389999389648438,26.43000030517578,2476500.0
2022-07-18,24.166831970214844,26.420000076293945,26.450000762939453,26.3700008392334,26.440000534057617,3080600.0
2022-07-19,24.121097564697266,26.3700008392334,26.440000534057617,26.360000610351562,26.389999389648438,1379500.0
2022-07-20,24.111953735351562,26.360000610351562,26.489999771118164,26.350000381469727,26.469999313354492,1234100.0
2022-07-21,24.313188552856445,26.579999923706055,26.59000015258789,26.40999984741211,26.450000762939453,3201600.0
2022-07-22,24.49613380432129,26.780000686645508,26.84000015258789,26.719999313354492,26.770000457763672,1881900.0
2022-07-25,24.432100296020508,26.709999084472656,26.729999542236328,26.65999984741211,26.700000762939453,1686800.0
2022-07-26,24.413808822631836,26.690000534057617,26.829999923706055,26.690000534057617,26.81999969482422,3713600.0
2022-07-27,24.523578643798828,26.809999465942383,26.860000610351562,26.739999771118164,26.75,2169200.0
2022-07-28,24.669931411743164,26.969999313354492,27.0,26.90999984741211,26.969999313354492,2774400.0
2022-07-29,24.6790771484375,26.979999542236328,27.059999465942383,26.920000076293945,26.969999313354492,1860300.0
2022-08-01,24.746898651123047,27.0,27.030000686645508,26.920000076293945,26.979999542236328,3101300.0
2022-08-02,24.517765045166016,26.75,27.049999237060547,26.739999771118164,27.040000915527344,3380600.0
2022-08-03,24.618587493896484,26.860000610351562,26.860000610351562,26.6299991607666,26.739999771118164,2782900.0
2022-08-04,24.67357635498047,26.920000076293945,26.920000076293945,26.850000381469727,26.850000381469727,2397200.0
2022-08-05,24.42610740661621,26.649999618530273,26.670000076293945,26.579999923706055,26.670000076293945,3374100.0
2022-08-08,24.517765045166016,26.75,26.780000686645508,26.709999084472656,26.719999313354492,1404400.0
2022-08-09,24.471939086914062,26.700000762939453,26.709999084472656,26.65999984741211,26.68000030517578,10069700.0
2022-08-10,24.526926040649414,26.760000228881836,26.8700008392334,26.719999313354492,26.790000915527344,3070700.0
2022-08-11,24.39861297607422,26.6200008392334,26.860000610351562,26.600000381469727,26.809999465942383,1609100.0
2022-08-12,24.499425888061523,26.729999542236328,26.729999542236328,26.6299991607666,26.709999084472656,1207500.0
2022-08-15,24.536090850830078,26.770000457763672,26.829999923706055,26.760000228881836,26.829999923706055,1137800.0
2022-08-16,24.499425888061523,26.729999542236328,26.760000228881836,26.649999618530273,26.700000762939453,1752000.0
2022-08-17,24.371116638183594,26.59000015258789,26.649999618530273,26.540000915527344,26.649999618530273,2927100.0
2022-08-18,24.39861297607422,26.6200008392334,26.690000534057617,26.600000381469727,26.649999618530273,1545800.0
2022-08-19,24.242799758911133,26.450000762939453,26.530000686645508,26.40999984741211,26.530000686645508,5186600.0
2022-08-22,24.132808685302734,26.329999923706055,26.440000534057617,26.31999969482422,26.440000534057617,1669700.0
2022-08-23,24.123645782470703,26.31999969482422,26.43000030517578,26.280000686645508,26.350000381469727,1531400.0
2022-08-24,24.05031967163086,26.239999771118164,26.299999237060547,26.219999313354492,26.299999237060547,1199000.0
2022-08-25,24.187801361083984,26.389999389648438,26.399999618530273,26.229999542236328,26.270000457763672,2058500.0
2022-08-26,24.14197540283203,26.34000015258789,26.399999618530273,26.290000915527344,26.34000015258789,1340900.0
2022-08-29,24.0319881439209,26.219999313354492,26.290000915527344,26.200000762939453,26.290000915527344,1733300.0
2022-08-30,24.0319881439209,26.219999313354492,26.290000915527344,26.15999984741211,26.209999084472656,2163200.0
2022-08-31,23.94033432006836,26.1200008392334,26.25,26.100000381469727,26.209999084472656,2538900.0
2022-09-01,23.832887649536133,25.950000762939453,26.059999465942383,25.850000381469727,26.059999465942383,2265400.0
2022-09-02,23.897172927856445,26.020000457763672,26.110000610351562,25.989999771118164,26.110000610351562,1851500.0
2022-09-06,23.676753997802734,25.780000686645508,25.93000030517578,25.780000686645508,25.93000030517578,1415600.0
2022-09-07,23.832887649536133,25.950000762939453,25.950000762939453,25.75,25.84000015258789,1853300.0
2022-09-08,23.75940704345703,25.8700008392334,25.969999313354492,25.850000381469727,25.90999984741211,2837700.0
2022-09-09,23.750225067138672,25.860000610351562,25.950000762939453,25.84000015258789,25.940000534057617,1539800.0
2022-09-12,23.704303741455078,25.809999465942383,25.940000534057617,25.790000915527344,25.90999984741211,1571400.0
2022-09-13,23.575727462768555,25.670000076293945,25.700000762939453,25.6299991607666,25.68000030517578,7048900.0
2022-09-14,23.594097137451172,25.690000534057617,25.75,25.6299991607666,25.6299991607666,2355400.0
2022-09-15,23.538986206054688,25.6299991607666,25.690000534057617,25.6200008392334,25.690000534057617,1853100.0
2022-09-16,23.529809951782227,25.6200008392334,25.670000076293945,25.559999465942383,25.559999465942383,1096300.0
2022-09-19,23.502254486083984,25.59000015258789,25.6200008392334,25.510000228881836,25.510000228881836,1430100.0
2022-09-20,23.37367820739746,25.450000762939453,25.510000228881836,25.420000076293945,25.5,2357900.0
2022-09-21,23.456329345703125,25.540000915527344,25.549999237060547,25.360000610351562,25.459999084472656,1669400.0
2022-09-22,23.217546463012695,25.280000686645508,25.389999389648438,25.25,25.389999389648438,2502300.0
2022-09-23,23.144065856933594,25.200000762939453,25.270000457763672,25.1200008392334,25.239999771118164,3747700.0
2022-09-26,22.850177764892578,24.8799991607666,25.1200008392334,24.850000381469727,25.110000610351562,3124500.0
2022-09-27,22.730783462524414,24.75,24.899999618530273,24.709999084472656,24.8799991607666,7022400.0
2022-09-28,23.08896255493164,25.139999389648438,25.15999984741211,24.950000762939453,24.989999771118164,9247400.0
2022-09-29,22.99712371826172,25.040000915527344,25.09000015258789,24.959999084472656,25.030000686645508,5740500.0
2022-09-30,22.91446876525879,24.950000762939453,25.15999984741211,24.940000534057617,25.1299991607666,7776200.0
2022-10-03,23.112367630004883,25.110000610351562,25.25,25.040000915527344,25.110000610351562,4256000.0
2022-10-04,23.24122428894043,25.25,25.280000686645508,25.149999618530273,25.25,8124300.0
2022-10-05,23.047935485839844,25.040000915527344,25.09000015258789,24.950000762939453,25.09000015258789,2536300.0
2022-10-06,22.974294662475586,24.959999084472656,25.149999618530273,24.940000534057617,25.1200008392334,2345800.0
2022-10-07,22.84543228149414,24.81999969482422,24.889999389648438,24.799999237060547,24.8799991607666,2824300.0
2022-10-10,22.753389358520508,24.719999313354492,24.84000015258789,24.670000076293945,24.84000015258789,1457900.0
2022-10-11,22.74418067932129,24.709999084472656,24.8700008392334,24.690000534057617,24.780000686645508,11585500.0
2022-10-12,22.762596130371094,24.729999542236328,24.770000457763672,24.649999618530273,24.729999542236328,5061500.0
2022-10-13,22.698163986206055,24.65999984741211,24.729999542236328,24.440000534057617,24.489999771118164,3874700.0
2022-10-14,22.569303512573242,24.520000457763672,24.790000915527344,24.520000457763672,24.790000915527344,2090700.0
2022-10-17,22.615320205688477,24.56999969482422,24.709999084472656,24.559999465942383,24.670000076293945,2447800.0
2022-10-18,22.67054557800293,24.6299991607666,24.670000076293945,24.520000457763672,24.639999389648438,3645600.0
2022-10-19,22.47725486755371,24.420000076293945,24.510000228881836,24.399999618530273,24.489999771118164,4642200.0
2022-10-20,22.320777893066406,24.25,24.43000030517578,24.25,24.40999984741211,4381300.0
2022-10-21,22.35759735107422,24.290000915527344,24.31999969482422,24.149999618530273,24.200000762939453,2580500.0
2022-10-24,22.339191436767578,24.270000457763672,24.360000610351562,24.219999313354492,24.270000457763672,2600400.0
2022-10-25,22.532482147216797,24.479999542236328,24.540000915527344,24.420000076293945,24.43000030517578,11260300.0
2022-10-26,22.642932891845703,24.600000381469727,24.649999618530273,24.510000228881836,24.540000915527344,3450300.0
2022-10-27,22.762596130371094,24.729999542236328,24.770000457763672,24.6200008392334,24.65999984741211,3242800.0
2022-10-28,22.716569900512695,24.68000030517578,24.739999771118164,24.579999923706055,24.649999618530273,2394000.0
2022-10-31,22.642932891845703,24.600000381469727,24.639999389648438,24.520000457763672,24.6200008392334,4081400.0
2022-11-01,22.679841995239258,24.579999923706055,24.690000534057617,24.530000686645508,24.68000030517578,3663100.0
2022-11-02,22.633705139160156,24.530000686645508,24.729999542236328,24.489999771118164,24.600000381469727,2536300.0
2022-11-03,22.559898376464844,24.450000762939453,24.489999771118164,24.34000015258789,24.360000610351562,3240200.0
2022-11-04,22.550668716430664,24.440000534057617,24.520000457763672,24.389999389648438,24.450000762939453,3335200.0
2022-11-07,22.4860782623291,24.3700008392334,24.479999542236328,24.360000610351562,24.479999542236328,2022300.0
2022-11-08,22.569108963012695,24.459999084472656,24.510000228881836,24.399999618530273,24.420000076293945,2793700.0
2022-11-09,22.587574005126953,24.479999542236328,24.530000686645508,24.420000076293945,24.420000076293945,9435900.0
2022-11-10,23.07660484313965,25.010000228881836,25.010000228881836,24.739999771118164,24.739999771118164,6556800.0
2022-11-11,23.058151245117188,24.989999771118164,25.020000457763672,24.920000076293945,24.93000030517578,2163100.0
2022-11-14,22.984333038330078,24.90999984741211,24.969999313354492,24.899999618530273,24.940000534057617,3777000.0
2022-11-15,23.159643173217773,25.100000381469727,25.110000610351562,25.020000457763672,25.06999969482422,2865600.0
2022-11-16,23.31650161743164,25.270000457763672,25.280000686645508,25.15999984741211,25.190000534057617,2822200.0
2022-11-17,23.224233627319336,25.170000076293945,25.170000076293945,25.100000381469727,25.15999984741211,3121300.0
2022-11-18,23.16887664794922,25.110000610351562,25.219999313354492,25.110000610351562,25.190000534057617,2535700.0
2022-11-21,23.1781005859375,25.1200008392334,25.219999313354492,25.110000610351562,25.219999313354492,3188700.0
2022-11-22,23.270366668701172,25.219999313354492,25.25,25.170000076293945,25.190000534057617,3675200.0
2022-11-23,23.399538040161133,25.360000610351562,25.389999389648438,25.239999771118164,25.25,2761800.0
2022-11-25,23.427227020263672,25.389999389648438,25.389999389648438,25.34000015258789,25.3799991607666,446900.0
2022-11-28,23.399538040161133,25.360000610351562,25.440000534057617,25.329999923706055,25.440000534057617,4126000.0
2022-11-29,23.353410720825195,25.309999465942383,25.31999969482422,25.25,25.280000686645508,5433900.0
2022-11-30,23.473358154296875,25.440000534057617,25.450000762939453,25.200000762939453,25.270000457763672,2172900.0
2022-12-01,23.68794822692871,25.610000610351562,25.610000610351562,25.43000030517578,25.510000228881836,5137600.0
2022-12-02,23.761945724487305,25.690000534057617,25.690000534057617,25.459999084472656,25.559999465942383,3722500.0
2022-12-05,23.604698181152344,25.520000457763672,25.6200008392334,25.489999771118164,25.6200008392334,3493900.0
2022-12-06,23.650951385498047,25.56999969482422,25.610000610351562,25.520000457763672,25.56999969482422,3523300.0
2022-12-07,23.854442596435547,25.790000915527344,25.809999465942383,25.670000076293945,25.690000534057617,3699400.0
2022-12-08,23.7989444732666,25.729999542236328,25.790000915527344,25.690000534057617,25.739999771118164,2853600.0
2022-12-09,23.678707122802734,25.600000381469727,25.690000534057617,25.579999923706055,25.65999984741211,8370700.0
2022-12-12,23.660202026367188,25.579999923706055,25.700000762939453,25.549999237060547,25.700000762939453,2557900.0
2022-12-13,23.7989444732666,25.729999542236328,25.93000030517578,25.729999542236328,25.8700008392334,5118800.0
2022-12-14,23.863685607910156,25.799999237060547,25.84000015258789,25.68000030517578,25.770000457763672,2143800.0
2022-12-15,23.909936904907227,25.850000381469727,25.8799991607666,25.780000686645508,25.860000610351562,2071800.0
2022-12-16,23.817441940307617,25.75,25.829999923706055,25.670000076293945,25.700000762939453,3573900.0
2022-12-19,23.70803451538086,25.56999969482422,25.6200008392334,25.540000915527344,25.610000610351562,2546700.0
2022-12-20,23.559688568115234,25.40999984741211,25.450000762939453,25.3700008392334,25.450000762939453,4068300.0
2022-12-21,23.606042861938477,25.459999084472656,25.510000228881836,25.420000076293945,25.5,2673300.0
2022-12-22,23.606042861938477,25.459999084472656,25.5,25.440000534057617,25.469999313354492,1783500.0
2022-12-23,23.522600173950195,25.3700008392334,25.420000076293945,25.34000015258789,25.420000076293945,1747900.0
2022-12-27,23.3557071685791,25.190000534057617,25.280000686645508,25.18000030517578,25.270000457763672,3845700.0
2022-12-28,23.290809631347656,25.1200008392334,25.239999771118164,25.1200008392334,25.209999084472656,4271300.0
2022-12-29,23.39278793334961,25.229999542236328,25.239999771118164,25.15999984741211,25.18000030517578,2975700.0
2022-12-30,23.300071716308594,25.1299991607666,25.209999084472656,25.110000610351562,25.1299991607666,3020000.0
2023-01-03,23.420604705810547,25.260000228881836,25.360000610351562,25.209999084472656,25.360000610351562,2587500.0
2023-01-04,23.541141510009766,25.389999389648438,25.450000762939453,25.350000381469727,25.450000762939453,3852600.0
2023-01-05,23.513324737548828,25.360000610351562,25.389999389648438,25.270000457763672,25.299999237060547,2617500.0
2023-01-06,23.782207489013672,25.649999618530273,25.65999984741211,25.3799991607666,25.420000076293945,3463800.0
2023-01-09,23.837839126586914,25.709999084472656,25.760000228881836,25.59000015258789,25.59000015258789,5599200.0
2023-01-10,23.7636661529541,25.6299991607666,25.670000076293945,25.56999969482422,25.65999984741211,4275200.0
2023-01-11,23.884201049804688,25.760000228881836,25.770000457763672,25.68000030517578,25.719999313354492,18492800.0
2023-01-12,24.01400375366211,25.899999618530273,25.950000762939453,25.75,25.84000015258789,15043500.0
2023-01-13,23.995464324951172,25.8799991607666,25.959999084472656,25.850000381469727,25.899999618530273,2326900.0
2023-01-17,23.949098587036133,25.829999923706055,25.889999389648438,25.790000915527344,25.829999923706055,5413300.0
2023-01-18,24.171627044677734,26.06999969482422,26.1200008392334,25.979999542236328,26.09000015258789,3863400.0
2023-01-19,24.13454246520996,26.030000686645508,26.049999237060547,25.979999542236328,26.049999237060547,3747600.0
2023-01-20,24.041818618774414,25.93000030517578,25.959999084472656,25.8700008392334,25.950000762939453,2669400.0
2023-01-23,23.949098587036133,25.829999923706055,25.90999984741211,25.829999923706055,25.850000381469727,5229700.0
2023-01-24,24.060361862182617,25.950000762939453,25.979999542236328,25.809999465942383,25.8799991607666,3770700.0
2023-01-25,24.097450256347656,25.989999771118164,26.020000457763672,25.920000076293945,25.979999542236328,1989900.0
2023-01-26,24.060361862182617,25.950000762939453,26.020000457763672,25.90999984741211,25.989999771118164,2581200.0
2023-01-27,24.01400375366211,25.899999618530273,25.940000534057617,25.8700008392334,25.899999618530273,3022900.0
2023-01-30,23.96764373779297,25.850000381469727,25.90999984741211,25.829999923706055,25.8799991607666,2731800.0
2023-01-31,24.06963539123535,25.959999084472656,25.959999084472656,25.850000381469727,25.93000030517578,1583600.0
2023-02-01,24.20442008972168,26.040000915527344,26.079999923706055,25.850000381469727,25.959999084472656,2437700.0
2023-02-02,24.24159049987793,26.079999923706055,26.18000030517578,26.059999465942383,26.149999618530273,3302300.0
2023-02-03,24.03710174560547,25.860000610351562,25.93000030517578,25.809999465942383,25.93000030517578,6167100.0
2023-02-06,23.88838005065918,25.700000762939453,25.780000686645508,25.690000534057617,25.780000686645508,3000400.0
2023-02-07,23.83260726928711,25.639999389648438,25.780000686645508,25.610000610351562,25.610000610351562,3934500.0
2023-02-08,23.88838005065918,25.700000762939453,25.729999542236328,25.6200008392334,25.65999984741211,3705000.0
2023-02-09,23.795433044433594,25.600000381469727,25.809999465942383,25.579999923706055,25.809999465942383,6067600.0
2023-02-10,23.693185806274414,25.489999771118164,25.610000610351562,25.479999542236328,25.559999465942383,2638500.0
2023-02-13,23.748950958251953,25.549999237060547,25.56999969482422,25.479999542236328,25.510000228881836,1944100.0
2023-02-14,23.683889389038086,25.479999542236328,25.579999923706055,25.40999984741211,25.549999237060547,2683100.0
2023-02-15,23.618825912475586,25.40999984741211,25.469999313354492,25.3799991607666,25.469999313354492,1153600.0
2023-02-16,23.535167694091797,25.31999969482422,25.389999389648438,25.299999237060547,25.350000381469727,3813400.0
2023-02-17,23.58164405822754,25.3700008392334,25.3700008392334,25.25,25.299999237060547,2210700.0
2023-02-21,23.37714958190918,25.149999618530273,25.25,25.139999389648438,25.25,2767900.0
2023-02-22,23.414335250854492,25.190000534057617,25.260000228881836,25.170000076293945,25.229999542236328,2101200.0
2023-02-23,23.507287979125977,25.290000915527344,25.299999237060547,25.209999084472656,25.209999084472656,3813900.0
2023-02-24,23.386444091796875,25.15999984741211,25.200000762939453,25.1200008392334,25.190000534057617,2069300.0
2023-02-27,23.414335250854492,25.190000534057617,25.25,25.170000076293945,25.25,1603300.0
2023-02-28,23.423627853393555,25.200000762939453,25.200000762939453,25.100000381469727,25.149999618530273,1982000.0
2023-03-01,23.28757095336914,24.989999771118164,25.100000381469727,24.979999542236328,25.09000015258789,3337500.0
2023-03-02,23.22234535217285,24.920000076293945,24.940000534057617,24.860000610351562,24.90999984741211,3498000.0
2023-03-03,23.39940071105957,25.110000610351562,25.110000610351562,25.0,25.079999923706055,2434100.0
2023-03-06,23.362119674682617,25.06999969482422,25.170000076293945,25.059999465942383,25.170000076293945,1686300.0
2023-03-07,23.324853897094727,25.030000686645508,25.1200008392334,25.0,25.110000610351562,3792500.0
2023-03-08,23.306215286254883,25.010000228881836,25.1299991607666,24.979999542236328,25.09000015258789,3461600.0
2023-03-09,23.37143898010254,25.079999923706055,25.139999389648438,25.020000457763672,25.049999237060547,6085000.0
2023-03-10,23.660324096679688,25.389999389648438,25.440000534057617,25.299999237060547,25.360000610351562,3287800.0
2023-03-13,23.828060150146484,25.56999969482422,25.780000686645508,25.520000457763672,25.600000381469727,3293700.0
2023-03-14,23.716238021850586,25.450000762939453,25.549999237060547,25.399999618530273,25.520000457763672,2168000.0
2023-03-15,23.949203491210938,25.700000762939453,25.799999237060547,25.579999923706055,25.690000534057617,2784500.0
2023-03-16,23.83738136291504,25.579999923706055,25.81999969482422,25.549999237060547,25.809999465942383,4415100.0
2023-03-17,24.0051212310791,25.760000228881836,25.829999923706055,25.65999984741211,25.739999771118164,2317000.0
2023-03-20,23.91193199157715,25.65999984741211,25.81999969482422,25.639999389648438,25.81999969482422,2238600.0
2023-03-21,23.828060150146484,25.56999969482422,25.639999389648438,25.549999237060547,25.600000381469727,3699900.0
2023-03-22,24.033079147338867,25.790000915527344,25.829999923706055,25.5,25.579999923706055,2157900.0
2023-03-23,24.12626075744629,25.889999389648438,25.90999984741211,25.760000228881836,25.770000457763672,8169900.0
2023-03-24,24.1449031829834,25.90999984741211,26.020000457763672,25.8799991607666,26.0,1604700.0
2023-03-27,23.921249389648438,25.670000076293945,25.770000457763672,25.65999984741211,25.770000457763672,4618100.0
2023-03-28,23.87465476989746,25.6200008392334,25.649999618530273,25.59000015258789,25.6299991607666,3774700.0
2023-03-29,23.883975982666016,25.6299991607666,25.65999984741211,25.510000228881836,25.600000381469727,2113500.0
2023-03-30,23.90260887145996,25.649999618530273,25.690000534057617,25.59000015258789,25.6299991607666,1665800.0
2023-03-31,24.033079147338867,25.790000915527344,25.799999237060547,25.670000076293945,25.719999313354492,1734200.0
2023-04-03,24.133983612060547,25.829999923706055,25.850000381469727,25.670000076293945,25.709999084472656,3575100.0
2023-04-04,24.236759185791016,25.940000534057617,25.959999084472656,25.739999771118164,25.790000915527344,2294900.0
2023-04-05,24.30216407775879,26.010000228881836,26.100000381469727,25.969999313354492,26.0,2015900.0
2023-04-06,24.274131774902344,25.979999542236328,26.059999465942383,25.979999542236328,26.049999237060547,1726900.0
2023-04-10,24.133983612060547,25.829999923706055,25.8799991607666,25.790000915527344,25.8799991607666,2809900.0
2023-04-11,24.133983612060547,25.829999923706055,25.860000610351562,25.780000686645508,25.850000381469727,2095500.0
2023-04-12,24.171358108520508,25.8700008392334,25.93000030517578,25.790000915527344,25.8799991607666,1990600.0
2023-04-13,24.16201400756836,25.860000610351562,25.950000762939453,25.829999923706055,25.8799991607666,4947200.0
2023-04-14,24.049888610839844,25.739999771118164,25.799999237060547,25.709999084472656,25.790000915527344,2021700.0
2023-04-17,23.91908836364746,25.600000381469727,25.700000762939453,25.600000381469727,25.700000762939453,1901900.0
2023-04-18,23.93777084350586,25.6200008392334,25.65999984741211,25.59000015258789,25.600000381469727,2218100.0
2023-04-19,23.90039825439453,25.579999923706055,25.610000610351562,25.549999237060547,25.59000015258789,1454000.0
2023-04-20,24.003175735473633,25.690000534057617,25.709999084472656,25.649999618530273,25.670000076293945,2194200.0
2023-04-21,23.97514533996582,25.65999984741211,25.780000686645508,25.649999618530273,25.770000457763672,1735600.0
2023-04-24,24.05923843383789,25.75,25.770000457763672,25.700000762939453,25.739999771118164,1753300.0
2023-04-25,24.20873260498047,25.90999984741211,25.940000534057617,25.850000381469727,25.8799991607666,1878400.0
2023-04-26,24.124635696411133,25.81999969482422,25.940000534057617,25.809999465942383,25.940000534057617,2090100.0
2023-04-27,24.031206130981445,25.719999313354492,25.790000915527344,25.719999313354492,25.790000915527344,1172600.0
2023-04-28,24.16201400756836,25.860000610351562,25.8799991607666,25.799999237060547,25.850000381469727,1520400.0
2023-05-01,23.925935745239258,25.540000915527344,25.739999771118164,25.530000686645508,25.68000030517578,3139200.0
2023-05-02,24.160140991210938,25.790000915527344,25.790000915527344,25.600000381469727,25.600000381469727,3014900.0
2023-05-03,24.27255630493164,25.90999984741211,25.90999984741211,25.799999237060547,25.850000381469727,2056500.0
2023-05-04,24.24445343017578,25.8799991607666,25.989999771118164,25.829999923706055,25.850000381469727,2172800.0
2023-05-05,24.14140510559082,25.770000457763672,25.81999969482422,25.739999771118164,25.81999969482422,1635200.0
2023-05-08,24.038354873657227,25.65999984741211,25.709999084472656,25.649999618530273,25.68000030517578,1606600.0
2023-05-09,24.010250091552734,25.6299991607666,25.68000030517578,25.6200008392334,25.68000030517578,2964100.0
2023-05-10,24.14140510559082,25.770000457763672,25.780000686645508,25.719999313354492,25.739999771118164,1520200.0
2023-05-11,24.22571563720703,25.860000610351562,25.93000030517578,25.84000015258789,25.93000030517578,1147700.0
2023-05-12,24.11329460144043,25.739999771118164,25.8799991607666,25.729999542236328,25.8799991607666,1752000.0
2023-05-15,24.038354873657227,25.65999984741211,25.68000030517578,25.639999389648438,25.68000030517578,915200.0
2023-05-16,23.9727783203125,25.59000015258789,25.610000610351562,25.549999237060547,25.600000381469727,1328200.0
2023-05-17,23.95404052734375,25.56999969482422,25.6299991607666,25.540000915527344,25.6200008392334,1365200.0
2023-05-18,23.850994110107422,25.459999084472656,25.530000686645508,25.440000534057617,25.530000686645508,1724400.0
2023-05-19,23.776050567626953,25.3799991607666,25.479999542236328,25.3700008392334,25.399999618530273,1544400.0
2023-05-22,23.766681671142578,25.3700008392334,25.450000762939453,25.350000381469727,25.389999389648438,1545800.0
2023-05-23,23.776050567626953,25.3799991607666,25.40999984741211,25.31999969482422,25.34000015258789,1605700.0
2023-05-24,23.710474014282227,25.309999465942383,25.420000076293945,25.309999465942383,25.420000076293945,1209000.0
2023-05-25,23.62615966796875,25.219999313354492,25.299999237060547,25.200000762939453,25.280000686645508,1498400.0
2023-05-26,23.654268264770508,25.25,25.260000228881836,25.170000076293945,25.200000762939453,1080400.0
2023-05-30,23.813518524169922,25.420000076293945,25.420000076293945,25.309999465942383,25.329999923706055,2250300.0
2023-05-31,23.907197952270508,25.520000457763672,25.540000915527344,25.399999618530273,25.450000762939453,2093900.0
2023-06-01,23.97201156616211,25.520000457763672,25.559999465942383,25.459999084472656,25.510000228881836,2258100.0
2023-06-02,23.859296798706055,25.399999618530273,25.5,25.3799991607666,25.5,2958700.0
2023-06-05,23.831113815307617,25.3700008392334,25.440000534057617,25.299999237060547,25.350000381469727,1285100.0
2023-06-06,23.859296798706055,25.399999618530273,25.399999618530273,25.31999969482422,25.3700008392334,1175200.0
2023-06-07,23.727787017822266,25.260000228881836,25.420000076293945,25.260000228881836,25.399999618530273,3295100.0
2023-06-08,23.849903106689453,25.389999389648438,25.399999618530273,25.270000457763672,25.290000915527344,1379900.0
2023-06-09,23.81233024597168,25.350000381469727,25.3700008392334,25.299999237060547,25.350000381469727,5358800.0
2023-06-12,23.84050941467285,25.3799991607666,25.399999618530273,25.290000915527344,25.399999618530273,1292100.0
2023-06-13,23.7465763092041,25.280000686645508,25.450000762939453,25.25,25.43000030517578,2275000.0
2023-06-14,23.774755477905273,25.309999465942383,25.360000610351562,25.219999313354492,25.31999969482422,1501500.0
2023-06-15,23.90626335144043,25.450000762939453,25.469999313354492,25.3799991607666,25.440000534057617,2860700.0
2023-06-16,23.859296798706055,25.399999618530273,25.420000076293945,25.329999923706055,25.389999389648438,1422400.0
2023-06-20,23.896869659423828,25.440000534057617,25.479999542236328,25.399999618530273,25.420000076293945,5743200.0
2023-06-21,23.925050735473633,25.469999313354492,25.479999542236328,25.350000381469727,25.389999389648438,1762100.0
2023-06-22,23.82172203063965,25.360000610351562,25.450000762939453,25.34000015258789,25.40999984741211,2398500.0
2023-06-23,23.878080368041992,25.420000076293945,25.489999771118164,25.3700008392334,25.489999771118164,8809500.0
2023-06-26,23.90626335144043,25.450000762939453,25.479999542236328,25.43000030517578,25.469999313354492,913400.0
2023-06-27,23.878080368041992,25.420000076293945,25.510000228881836,25.3799991607666,25.459999084472656,1334600.0
2023-06-28,23.9344425201416,25.479999542236328,25.489999771118164,25.399999618530273,25.459999084472656,1110200.0
2023-06-29,23.75596809387207,25.290000915527344,25.329999923706055,25.260000228881836,25.329999923706055,3548600.0
2023-06-30,23.831113815307617,25.3700008392334,25.3799991607666,25.290000915527344,25.31999969482422,2920600.0
2023-07-03,23.77460289001465,25.239999771118164,25.350000381469727,25.229999542236328,25.290000915527344,897200.0
2023-07-05,23.680402755737305,25.139999389648438,25.229999542236328,25.110000610351562,25.229999542236328,2036500.0
2023-07-06,23.52027702331543,24.969999313354492,25.0,24.90999984741211,24.989999771118164,2236600.0
2023-07-07,23.510852813720703,24.959999084472656,25.020000457763672,24.90999984741211,24.969999313354492,2029400.0
2023-07-10,23.586212158203125,25.040000915527344,25.06999969482422,24.950000762939453,24.989999771118164,2648100.0
2023-07-11,23.652151107788086,25.110000610351562,25.1200008392334,25.049999237060547,25.06999969482422,1545400.0
2023-07-12,23.82169532775879,25.290000915527344,25.309999465942383,25.200000762939453,25.219999313354492,4095400.0
2023-07-13,23.96298599243164,25.440000534057617,25.459999084472656,25.270000457763672,25.399999618530273,3120700.0
2023-07-14,23.878215789794922,25.350000381469727,25.440000534057617,25.34000015258789,25.40999984741211,1945600.0
2023-07-17,23.906471252441406,25.3799991607666,25.3799991607666,25.31999969482422,25.360000610351562,1308900.0
2023-07-18,23.925310134887695,25.399999618530273,25.459999084472656,25.3799991607666,25.450000762939453,1390200.0
2023-07-19,23.991249084472656,25.469999313354492,25.479999542236328,25.399999618530273,25.450000762939453,1243400.0
2023-07-20,23.868797302246094,25.34000015258789,25.389999389648438,25.290000915527344,25.389999389648438,3937800.0
2023-07-21,23.878215789794922,25.350000381469727,25.399999618530273,25.34000015258789,25.3799991607666,772400.0
2023-07-24,23.840538024902344,25.309999465942383,25.399999618530273,25.309999465942383,25.3799991607666,934100.0
2023-07-25,23.82169532775879,25.290000915527344,25.299999237060547,25.239999771118164,25.270000457763672,1391800.0
2023-07-26,23.887630462646484,25.360000610351562,25.3700008392334,25.270000457763672,25.34000015258789,1969000.0
2023-07-27,23.69924545288086,25.15999984741211,25.329999923706055,25.1299991607666,25.31999969482422,2497800.0
2023-07-28,23.77460289001465,25.239999771118164,25.25,25.18000030517578,25.200000762939453,1546300.0
2023-07-31,23.81227684020996,25.280000686645508,25.309999465942383,25.229999542236328,25.239999771118164,1932200.0
2023-08-01,23.672468185424805,25.059999465942383,25.139999389648438,25.030000686645508,25.139999389648438,1898200.0
2023-08-02,23.58745574951172,24.969999313354492,24.989999771118164,24.889999389648438,24.979999542236328,1934300.0
2023-08-03,23.445758819580078,24.81999969482422,24.84000015258789,24.780000686645508,24.829999923706055,1615000.0
2023-08-04,23.615793228149414,25.0,25.010000228881836,24.8799991607666,24.90999984741211,1911900.0
2023-08-07,23.60634994506836,24.989999771118164,25.030000686645508,24.90999984741211,25.030000686645508,1258700.0
2023-08-08,23.68191909790039,25.06999969482422,25.1200008392334,25.049999237060547,25.059999465942383,1979900.0
2023-08-09,23.700807571411133,25.09000015258789,25.1200008392334,25.059999465942383,25.100000381469727,2465300.0
2023-08-10,23.568559646606445,24.950000762939453,25.149999618530273,24.950000762939453,25.1200008392334,2460400.0
2023-08-11,23.492990493774414,24.8700008392334,24.950000762939453,24.860000610351562,24.90999984741211,1309600.0
2023-08-14,23.46465301513672,24.84000015258789,24.899999618530273,24.799999237060547,24.860000610351562,1947100.0
2023-08-15,23.389080047607422,24.760000228881836,24.850000381469727,24.760000228881836,24.799999237060547,1882600.0
2023-08-16,23.33240509033203,24.700000762939453,24.860000610351562,24.690000534057617,24.780000686645508,2033000.0
2023-08-17,23.313512802124023,24.68000030517578,24.739999771118164,24.6299991607666,24.709999084472656,1944500.0
2023-08-18,23.370189666748047,24.739999771118164,24.760000228881836,24.670000076293945,24.700000762939453,1369800.0
2023-08-21,23.256832122802734,24.6200008392334,24.65999984741211,24.59000015258789,24.65999984741211,2316800.0
2023-08-22,23.275726318359375,24.639999389648438,24.65999984741211,24.59000015258789,24.6299991607666,1403500.0
2023-08-23,23.483545303344727,24.860000610351562,24.860000610351562,24.719999313354492,24.770000457763672,2333600.0
2023-08-24,23.42686653137207,24.799999237060547,24.8700008392334,24.790000915527344,24.829999923706055,1577100.0
2023-08-25,23.42686653137207,24.799999237060547,24.84000015258789,24.729999542236328,24.780000686645508,1499300.0
2023-08-28,23.483545303344727,24.860000610351562,24.8700008392334,24.799999237060547,24.860000610351562,2031400.0
2023-08-29,23.615793228149414,25.0,25.010000228881836,24.809999465942383,24.829999923706055,1311500.0
2023-08-30,23.60634994506836,24.989999771118164,25.049999237060547,24.989999771118164,25.040000915527344,1430800.0
2023-08-31,23.653579711914062,25.040000915527344,25.06999969482422,25.010000228881836,25.010000228881836,1266600.0
2023-09-01,23.59105110168457,24.899999618530273,24.989999771118164,24.829999923706055,24.979999542236328,1895600.0
2023-09-05,23.42051124572754,24.719999313354492,24.829999923706055,24.709999084472656,24.829999923706055,1346400.0
2023-09-06,23.37314224243164,24.670000076293945,24.760000228881836,24.649999618530273,24.760000228881836,1140500.0
2023-09-07,23.448928833007812,24.75,24.75,24.670000076293945,24.719999313354492,2093200.0
2023-09-08,23.467880249023438,24.770000457763672,24.81999969482422,24.670000076293945,24.81999969482422,1074300.0
2023-09-11,23.42998695373535,24.729999542236328,24.75,24.709999084472656,24.729999542236328,991500.0
2023-09-12,23.43946075439453,24.739999771118164,24.75,24.709999084472656,24.709999084472656,4658100.0
2023-09-13,23.505779266357422,24.809999465942383,24.809999465942383,24.709999084472656,24.739999771118164,3022900.0
2023-09-14,23.448928833007812,24.75,24.81999969482422,24.739999771118164,24.790000915527344,1334100.0
2023-09-15,23.40156364440918,24.700000762939453,24.75,24.68000030517578,24.729999542236328,1436800.0
2023-09-18,23.411035537719727,24.709999084472656,24.729999542236328,24.649999618530273,24.649999618530273,1345500.0
2023-09-19,23.363662719726562,24.65999984741211,24.719999313354492,24.56999969482422,24.700000762939453,996700.0
2023-09-20,23.344715118408203,24.639999389648438,24.739999771118164,24.639999389648438,24.690000534057617,1342100.0
2023-09-21,23.21207618713379,24.5,24.530000686645508,24.469999313354492,24.530000686645508,2229000.0
2023-09-22,23.278396606445312,24.56999969482422,24.59000015258789,24.479999542236328,24.520000457763672,1364200.0
2023-09-25,23.117332458496094,24.399999618530273,24.469999313354492,24.399999618530273,24.440000534057617,1753800.0
2023-09-26,23.08890724182129,24.3700008392334,24.440000534057617,24.350000381469727,24.420000076293945,1507500.0
2023-09-27,23.003639221191406,24.280000686645508,24.450000762939453,24.219999313354492,24.420000076293945,3005400.0
2023-09-28,23.051013946533203,24.329999923706055,24.34000015258789,24.190000534057617,24.25,1504400.0
2023-09-29,23.06048583984375,24.34000015258789,24.450000762939453,24.299999237060547,24.440000534057617,4944100.0
2023-10-02,22.882781982421875,24.079999923706055,24.190000534057617,24.06999969482422,24.15999984741211,2972800.0
2023-10-03,22.702224731445312,23.889999389648438,24.06999969482422,23.8799991607666,24.040000915527344,3809400.0
2023-10-04,22.844776153564453,24.040000915527344,24.040000915527344,23.90999984741211,24.0,2473200.0
2023-10-05,22.863780975341797,24.059999465942383,24.100000381469727,24.030000686645508,24.06999969482422,2881700.0
2023-10-06,22.78775405883789,23.979999542236328,24.030000686645508,23.8799991607666,23.940000534057617,3094400.0
2023-10-09,23.006322860717773,24.209999084472656,24.209999084472656,24.059999465942383,24.06999969482422,2055400.0
2023-10-10,22.987316131591797,24.190000534057617,24.239999771118164,24.110000610351562,24.15999984741211,19000400.0
2023-10-11,23.091840744018555,24.299999237060547,24.309999465942383,24.229999542236328,24.280000686645508,2503200.0
2023-10-12,22.91129493713379,24.110000610351562,24.270000457763672,24.079999923706055,24.270000457763672,6311600.0
2023-10-13,23.006322860717773,24.209999084472656,24.239999771118164,24.170000076293945,24.209999084472656,3446200.0
2023-10-16,22.882781982421875,24.079999923706055,24.139999389648438,24.040000915527344,24.1299991607666,1753000.0
2023-10-17,22.721237182617188,23.90999984741211,23.959999084472656,23.8799991607666,23.93000030517578,2406600.0
2023-10-18,22.626205444335938,23.809999465942383,23.889999389648438,23.770000457763672,23.8700008392334,2493600.0
2023-10-19,22.531179428100586,23.709999084472656,23.81999969482422,23.68000030517578,23.75,2970200.0
2023-10-20,22.607202529907227,23.790000915527344,23.81999969482422,23.729999542236328,23.75,1758200.0
2023-10-23,22.69272804260254,23.8799991607666,23.90999984741211,23.690000534057617,23.719999313354492,1822600.0
2023-10-24,22.768747329711914,23.959999084472656,23.959999084472656,23.850000381469727,23.899999618530273,2761200.0
2023-10-25,22.6167049407959,23.799999237060547,23.889999389648438,23.760000228881836,23.8700008392334,1849600.0
2023-10-26,22.740243911743164,23.93000030517578,23.940000534057617,23.790000915527344,23.81999969482422,3090400.0
2023-10-27,22.749744415283203,23.940000534057617,23.950000762939453,23.8799991607666,23.93000030517578,4974600.0
2023-10-30,22.702224731445312,23.889999389648438,23.920000076293945,23.81999969482422,23.8799991607666,4455400.0
2023-10-31,22.69272804260254,23.8799991607666,23.950000762939453,23.8700008392334,23.920000076293945,3115800.0
2023-11-01,22.927244186401367,24.049999237060547,24.049999237060547,23.84000015258789,23.8799991607666,2649200.0
2023-11-02,23.04163932800293,24.170000076293945,24.229999542236328,24.1200008392334,24.200000762939453,2385200.0
2023-11-03,23.203704833984375,24.34000015258789,24.450000762939453,24.31999969482422,24.389999389648438,2689600.0
2023-11-06,23.108373641967773,24.239999771118164,24.309999465942383,24.219999313354492,24.299999237060547,3382300.0
2023-11-07,23.203704833984375,24.34000015258789,24.3799991607666,24.260000228881836,24.329999923706055,3178000.0
2023-11-08,23.279972076416016,24.420000076293945,24.459999084472656,24.360000610351562,24.360000610351562,2219500.0
2023-11-09,23.098834991455078,24.229999542236328,24.40999984741211,24.219999313354492,24.399999618530273,7289800.0
2023-11-10,23.146509170532227,24.280000686645508,24.34000015258789,24.260000228881836,24.329999923706055,2083400.0
2023-11-13,23.136974334716797,24.270000457763672,24.290000915527344,24.170000076293945,24.219999313354492,2121400.0
2023-11-14,23.422964096069336,24.56999969482422,24.59000015258789,24.520000457763672,24.530000686645508,3633500.0
2023-11-15,23.29903793334961,24.440000534057617,24.489999771118164,24.420000076293945,24.489999771118164,3614500.0
2023-11-16,23.413433074951172,24.559999465942383,24.600000381469727,24.489999771118164,24.559999465942383,2125600.0
2023-11-17,23.47063446044922,24.6200008392334,24.6299991607666,24.559999465942383,24.6200008392334,1163800.0
2023-11-20,23.489696502685547,24.639999389648438,24.65999984741211,24.56999969482422,24.59000015258789,1875000.0
2023-11-21,23.52783203125,24.68000030517578,24.700000762939453,24.6299991607666,24.68000030517578,2603100.0
2023-11-22,23.546899795532227,24.700000762939453,24.75,24.649999618530273,24.709999084472656,3456100.0
2023-11-24,23.480165481567383,24.6299991607666,24.639999389648438,24.56999969482422,24.639999389648438,533200.0
2023-11-27,23.565959930419922,24.719999313354492,24.729999542236328,24.6200008392334,24.700000762939453,1983200.0
2023-11-28,23.67083168029785,24.829999923706055,24.84000015258789,24.68000030517578,24.739999771118164,1679400.0
2023-11-29,23.794757843017578,24.959999084472656,24.979999542236328,24.899999618530273,24.899999618530273,2072600.0
2023-11-30,23.75662612915039,24.920000076293945,24.93000030517578,24.850000381469727,24.93000030517578,3433000.0
2023-12-01,23.91632652282715,25.010000228881836,25.020000457763672,24.760000228881836,24.860000610351562,2042200.0
2023-12-04,23.839824676513672,24.93000030517578,24.979999542236328,24.889999389648438,24.93000030517578,3400000.0
2023-12-05,23.96413803100586,25.059999465942383,25.09000015258789,25.0,25.049999237060547,1590200.0
2023-12-06,24.040637969970703,25.139999389648438,25.18000030517578,25.09000015258789,25.1299991607666,3096600.0
2023-12-07,24.0693302154541,25.170000076293945,25.200000762939453,25.040000915527344,25.139999389648438,2680700.0
2023-12-08,23.94501304626465,25.040000915527344,25.100000381469727,24.989999771118164,25.06999969482422,1928800.0
2023-12-11,23.925888061523438,25.020000457763672,25.049999237060547,24.959999084472656,25.030000686645508,2347900.0
2023-12-12,24.00238800048828,25.100000381469727,25.1299991607666,25.0,25.049999237060547,2707600.0
2023-12-13,24.308395385742188,25.420000076293945,25.420000076293945,25.110000610351562,25.170000076293945,3359800.0
2023-12-14,24.499652862548828,25.6200008392334,25.65999984741211,25.520000457763672,25.59000015258789,2449200.0
2023-12-15,24.470962524414062,25.59000015258789,25.6299991607666,25.549999237060547,25.600000381469727,2454600.0
2023-12-18,24.394222259521484,25.43000030517578,25.510000228881836,25.420000076293945,25.5,4922000.0
2023-12-19,24.432592391967773,25.469999313354492,25.520000457763672,25.389999389648438,25.489999771118164,5181400.0
2023-12-20,24.528518676757812,25.56999969482422,25.579999923706055,25.489999771118164,25.540000915527344,2023000.0
2023-12-21,24.566884994506836,25.610000610351562,25.65999984741211,25.540000915527344,25.600000381469727,1808700.0
2023-12-22,24.586069107055664,25.6299991607666,25.65999984741211,25.530000686645508,25.65999984741211,2343000.0
2023-12-26,24.55729866027832,25.600000381469727,25.6200008392334,25.510000228881836,25.6200008392334,1676800.0
2023-12-27,24.69159698486328,25.739999771118164,25.75,25.639999389648438,25.670000076293945,1485000.0
2023-12-28,24.64362907409668,25.690000534057617,25.75,25.549999237060547,25.549999237060547,1281500.0
2023-12-29,24.59566879272461,25.639999389648438,25.690000534057617,25.6200008392334,25.639999389648438,1066300.0
2024-01-02,24.490148544311523,25.530000686645508,25.579999923706055,25.510000228881836,25.549999237060547,3100200.0
2024-01-03,24.50933265686035,25.549999237060547,25.549999237060547,25.40999984741211,25.450000762939453,2844900.0
2024-01-04,24.403810501098633,25.440000534057617,25.469999313354492,25.389999389648438,25.450000762939453,2313700.0
2024-01-05,24.336660385131836,25.3700008392334,25.5,25.31999969482422,25.389999389648438,2899600.0
2024-01-08,24.422998428344727,25.459999084472656,25.5,25.360000610351562,25.360000610351562,6232000.0
2024-01-09,24.442182540893555,25.479999542236328,25.489999771118164,25.40999984741211,25.450000762939453,2816000.0
2024-01-10,24.403810501098633,25.440000534057617,25.530000686645508,25.43000030517578,25.510000228881836,5662800.0
2024-01-11,24.5189266204834,25.559999465942383,25.56999969482422,25.420000076293945,25.440000534057617,11068500.0
2024-01-12,24.55729866027832,25.600000381469727,25.670000076293945,25.559999465942383,25.65999984741211,5386200.0
2024-01-16,24.394222259521484,25.43000030517578,25.549999237060547,25.389999389648438,25.530000686645508,2854600.0
2024-01-17,24.32707405090332,25.360000610351562,25.3799991607666,25.100000381469727,25.34000015258789,3034500.0
2024-01-18,24.288698196411133,25.31999969482422,25.389999389648438,25.290000915527344,25.389999389648438,2074200.0
2024-01-19,24.288698196411133,25.31999969482422,25.34000015258789,25.229999542236328,25.260000228881836,1851000.0
2024-01-22,24.336660385131836,25.3700008392334,25.420000076293945,25.34000015258789,25.40999984741211,3015200.0
2024-01-23,24.269514083862305,25.299999237060547,25.34000015258789,25.270000457763672,25.329999923706055,2172100.0
2024-01-24,24.240739822387695,25.270000457763672,25.420000076293945,25.25,25.399999618530273,2945300.0
2024-01-25,24.336660385131836,25.3700008392334,25.3700008392334,25.299999237060547,25.34000015258789,3269800.0
2024-01-26,24.29829216003418,25.329999923706055,25.3799991607666,25.309999465942383,25.3799991607666,2020800.0
2024-01-29,24.384628295898438,25.420000076293945,25.450000762939453,25.360000610351562,25.40999984741211,1984400.0
2024-01-30,24.442182540893555,25.479999542236328,25.489999771118164,25.389999389648438,25.479999542236328,2937600.0
2024-01-31,24.528518676757812,25.56999969482422,25.639999389648438,25.510000228881836,25.579999923706055,3458400.0
2024-02-01,24.698820114135742,25.670000076293945,25.719999313354492,25.399999618530273,25.6299991607666,2343300.0
2024-02-02,24.477519989013672,25.440000534057617,25.479999542236328,25.3799991607666,25.469999313354492,2587900.0
2024-02-05,24.294710159301758,25.25,25.34000015258789,25.200000762939453,25.34000015258789,2248700.0
2024-02-06,24.37168312072754,25.329999923706055,25.360000610351562,25.229999542236328,25.260000228881836,3168400.0
2024-02-07,24.342819213867188,25.299999237060547,25.3799991607666,25.280000686645508,25.34000015258789,2933500.0
2024-02-08,24.28508949279785,25.239999771118164,25.290000915527344,25.209999084472656,25.270000457763672,2225100.0
2024-02-09,24.256227493286133,25.209999084472656,25.229999542236328,25.170000076293945,25.219999313354492,10016400.0
2024-02-12,24.275468826293945,25.229999542236328,25.260000228881836,25.18000030517578,25.239999771118164,1807100.0
2024-02-13,24.044546127319336,24.989999771118164,25.079999923706055,24.989999771118164,25.079999923706055,2549100.0
2024-02-14,24.121522903442383,25.06999969482422,25.100000381469727,24.979999542236328,25.020000457763672,1761800.0
2024-02-15,24.20811653137207,25.15999984741211,25.190000534057617,25.110000610351562,25.190000534057617,2114900.0
2024-02-16,24.121522903442383,25.06999969482422,25.079999923706055,25.0,25.059999465942383,1710300.0
2024-02-20,24.16000747680664,25.110000610351562,25.149999618530273,25.06999969482422,25.110000610351562,2667800.0
2024-02-21,24.092655181884766,25.040000915527344,25.1299991607666,25.030000686645508,25.1299991607666,3051100.0
2024-02-22,24.102275848388672,25.049999237060547,25.079999923706055,25.010000228881836,25.059999465942383,1555600.0
2024-02-23,24.179250717163086,25.1299991607666,25.149999618530273,25.040000915527344,25.040000915527344,1907800.0
2024-02-26,24.1503849029541,25.100000381469727,25.15999984741211,25.049999237060547,25.149999618530273,1382300.0
2024-02-27,24.102275848388672,25.049999237060547,25.1200008392334,25.049999237060547,25.09000015258789,5290400.0
2024-02-28,24.16000747680664,25.110000610351562,25.110000610351562,25.049999237060547,25.079999923706055,2213700.0
2024-02-29,24.19849395751953,25.149999618530273,25.200000762939453,25.1200008392334,25.1200008392334,1818200.0
2024-03-01,24.293081283569336,25.170000076293945,25.190000534057617,25.0,25.040000915527344,4027700.0
2024-03-04,24.264127731323242,25.139999389648438,25.149999618530273,25.09000015258789,25.110000610351562,1358900.0
2024-03-05,24.379947662353516,25.260000228881836,25.280000686645508,25.200000762939453,25.239999771118164,1418000.0
2024-03-06,24.418548583984375,25.299999237060547,25.350000381469727,25.270000457763672,25.290000915527344,1626100.0
2024-03-07,24.466812133789062,25.350000381469727,25.3799991607666,25.299999237060547,25.3799991607666,1476300.0
2024-03-08,24.476463317871094,25.360000610351562,25.420000076293945,25.360000610351562,25.420000076293945,1351500.0
2024-03-11,24.486116409301758,25.3700008392334,25.40999984741211,25.329999923706055,25.40999984741211,1742600.0
2024-03-12,24.408899307250977,25.290000915527344,25.329999923706055,25.260000228881836,25.309999465942383,1586600.0
2024-03-13,24.360641479492188,25.239999771118164,25.329999923706055,25.209999084472656,25.270000457763672,1616100.0
2024-03-14,24.225521087646484,25.100000381469727,25.190000534057617,25.09000015258789,25.190000534057617,2615600.0
2024-03-15,24.196563720703125,25.06999969482422,25.110000610351562,25.040000915527344,25.100000381469727,1212100.0
2024-03-18,24.177261352539062,25.049999237060547,25.110000610351562,25.030000686645508,25.100000381469727,1367400.0
2024-03-19,24.225521087646484,25.100000381469727,25.139999389648438,25.059999465942383,25.09000015258789,2555500.0
2024-03-20,24.28342628479004,25.15999984741211,25.200000762939453,25.079999923706055,25.1299991607666,1350200.0
2024-03-21,24.302732467651367,25.18000030517578,25.229999542236328,25.149999618530273,25.200000762939453,1615600.0
2024-03-22,24.370296478271484,25.25,25.270000457763672,25.239999771118164,25.260000228881836,1123900.0
2024-03-25,24.341339111328125,25.219999313354492,25.239999771118164,25.200000762939453,25.229999542236328,1385400.0
2024-03-26,24.360641479492188,25.239999771118164,25.25,25.18000030517578,25.219999313354492,6662300.0
2024-03-27,24.4571590423584,25.34000015258789,25.34000015258789,25.239999771118164,25.290000915527344,1003700.0
2024-03-28,24.399250030517578,25.280000686645508,25.329999923706055,25.270000457763672,25.290000915527344,1379600.0
2024-04-01,24.233688354492188,25.030000686645508,25.15999984741211,25.020000457763672,25.15999984741211,1840600.0
2024-04-02,24.22400665283203,25.020000457763672,25.020000457763672,24.920000076293945,24.959999084472656,1622100.0
2024-04-03,24.24337387084961,25.040000915527344,25.040000915527344,24.90999984741211,24.940000534057617,3247300.0
2024-04-04,24.28209686279297,25.079999923706055,25.09000015258789,25.020000457763672,25.079999923706055,1592800.0
2024-04-05,24.175600051879883,24.969999313354492,25.049999237060547,24.959999084472656,24.989999771118164,2272300.0
2024-04-08,24.156230926513672,24.950000762939453,24.969999313354492,24.90999984741211,24.940000534057617,5479300.0
2024-04-09,24.233688354492188,25.030000686645508,25.040000915527344,24.969999313354492,25.0,4450000.0
2024-04-10,23.933551788330078,24.719999313354492,24.850000381469727,24.709999084472656,24.850000381469727,2476100.0
2024-04-11,23.92386817932129,24.709999084472656,24.81999969482422,24.670000076293945,24.81999969482422,1270200.0
2024-04-12,24.001325607299805,24.790000915527344,24.84000015258789,24.780000686645508,24.81999969482422,1143200.0
2024-04-15,23.84641456604004,24.6299991607666,24.670000076293945,24.579999923706055,24.670000076293945,1842300.0
2024-04-16,23.75927734375,24.540000915527344,24.56999969482422,24.489999771118164,24.520000457763672,1522100.0
2024-04-17,23.894821166992188,24.68000030517578,24.690000534057617,24.579999923706055,24.59000015258789,2225000.0
2024-04-18,23.827054977416992,24.610000610351562,24.670000076293945,24.579999923706055,24.670000076293945,1851800.0
2024-04-19,23.836732864379883,24.6200008392334,24.670000076293945,24.610000610351562,24.670000076293945,1747900.0
2024-04-22,23.86577606201172,24.649999618530273,24.65999984741211,24.600000381469727,24.600000381469727,3284900.0
2024-04-23,23.933551788330078,24.719999313354492,24.760000228881836,24.610000610351562,24.6299991607666,7742000.0
2024-04-24,23.84641456604004,24.6299991607666,24.649999618530273,24.579999923706055,24.639999389648438,1084900.0
2024-04-25,23.78832244873047,24.56999969482422,24.56999969482422,24.489999771118164,24.559999465942383,1463200.0
2024-04-26,23.836732864379883,24.6200008392334,24.649999618530273,24.600000381469727,24.639999389648438,1562400.0
2024-04-29,23.90450668334961,24.690000534057617,24.709999084472656,24.639999389648438,24.68000030517578,1746400.0
2024-04-30,23.80768394470215,24.59000015258789,24.649999618530273,24.56999969482422,24.600000381469727,3381300.0
2024-05-01,23.884418487548828,24.59000015258789,24.670000076293945,24.520000457763672,24.579999923706055,2275900.0
2024-05-02,23.99126434326172,24.700000762939453,24.709999084472656,24.579999923706055,24.6299991607666,2666000.0
2024-05-03,24.107820510864258,24.81999969482422,24.8799991607666,24.760000228881836,24.8700008392334,1408900.0
2024-05-06,24.136962890625,24.850000381469727,24.8700008392334,24.81999969482422,24.84000015258789,1297400.0
2024-05-07,24.185523986816406,24.899999618530273,24.959999084472656,24.8799991607666,24.920000076293945,1300100.0
2024-05-08,24.14667510986328,24.860000610351562,24.889999389648438,24.829999923706055,24.860000610351562,1976800.0
2024-05-09,24.195236206054688,24.90999984741211,24.920000076293945,24.809999465942383,24.8799991607666,1404600.0
2024-05-10,24.11753273010254,24.829999923706055,24.899999618530273,24.81999969482422,24.899999618530273,6971500.0
2024-05-13,24.15638542175293,24.8700008392334,24.90999984741211,24.860000610351562,24.899999618530273,594500.0
2024-05-14,24.21466636657715,24.93000030517578,24.950000762939453,24.8799991607666,24.93000030517578,876900.0
2024-05-15,24.379789352416992,25.100000381469727,25.1200008392334,25.040000915527344,25.079999923706055,1201500.0
2024-05-16,24.34093475341797,25.059999465942383,25.1200008392334,25.049999237060547,25.1200008392334,2891100.0
2024-05-17,24.28265380859375,25.0,25.049999237060547,24.989999771118164,25.020000457763672,1022300.0
2024-05-20,24.234092712402344,24.950000762939453,24.979999542236328,24.950000762939453,24.969999313354492,1196200.0
2024-05-21,24.292369842529297,25.010000228881836,25.030000686645508,25.0,25.030000686645508,1564400.0
2024-05-22,24.2729434967041,24.989999771118164,25.010000228881836,24.950000762939453,24.979999542236328,1882300.0
2024-05-23,24.195236206054688,24.90999984741211,25.020000457763672,24.8799991607666,25.020000457763672,1493700.0
2024-05-24,24.21466636657715,24.93000030517578,24.950000762939453,24.8799991607666,24.899999618530273,2706100.0
2024-05-28,24.11753273010254,24.829999923706055,24.979999542236328,24.809999465942383,24.979999542236328,1213500.0
2024-05-29,24.010690689086914,24.719999313354492,24.770000457763672,24.690000534057617,24.770000457763672,1336600.0
2024-05-30,24.127248764038086,24.84000015258789,24.84000015258789,24.790000915527344,24.809999465942383,1668400.0
2024-05-31,24.224380493164062,24.940000534057617,24.940000534057617,24.889999389648438,24.899999618530273,1698000.0
2024-06-03,24.342287063598633,24.979999542236328,24.989999771118164,24.8700008392334,24.8700008392334,1838500.0
2024-06-04,24.44948387145996,25.09000015258789,25.110000610351562,25.010000228881836,25.010000228881836,1997400.0
2024-06-05,24.51769256591797,25.15999984741211,25.15999984741211,25.040000915527344,25.1200008392334,1802000.0
2024-06-06,24.51769256591797,25.15999984741211,25.170000076293945,25.1200008392334,25.1299991607666,2023400.0
2024-06-07,24.31305503845215,24.950000762939453,24.989999771118164,24.940000534057617,24.979999542236328,1006600.0
2024-06-10,24.2838191986084,24.920000076293945,24.950000762939453,24.899999618530273,24.920000076293945,2529400.0
2024-06-11,24.371522903442383,25.010000228881836,25.020000457763672,24.93000030517578,24.940000534057617,7124000.0
2024-06-12,24.498205184936523,25.139999389648438,25.25,25.1200008392334,25.219999313354492,3424200.0
2024-06-13,24.59564971923828,25.239999771118164,25.280000686645508,25.18000030517578,25.239999771118164,2292000.0
2024-06-14,24.634628295898438,25.280000686645508,25.309999465942383,25.260000228881836,25.280000686645508,2683900.0
2024-06-17,24.54692840576172,25.190000534057617,25.200000762939453,25.149999618530273,25.18000030517578,1555900.0
2024-06-18,24.634628295898438,25.280000686645508,25.309999465942383,25.219999313354492,25.229999542236328,1766000.0
2024-06-20,24.59564971923828,25.239999771118164,25.25,25.139999389648438,25.139999389648438,1491100.0
2024-06-21,24.605398178100586,25.25,25.299999237060547,25.209999084472656,25.280000686645508,1122000.0
2024-06-24,24.605398178100586,25.25,25.270000457763672,25.229999542236328,25.270000457763672,2164100.0
2024-06-25,24.615142822265625,25.260000228881836,25.270000457763672,25.229999542236328,25.25,5729300.0
2024-06-26,24.498205184936523,25.139999389648438,25.190000534057617,25.139999389648438,25.149999618530273,1399600.0
2024-06-27,24.54692840576172,25.190000534057617,25.239999771118164,25.149999618530273,25.239999771118164,1989000.0
2024-06-28,24.44948387145996,25.09000015258789,25.260000228881836,25.079999923706055,25.260000228881836,1485200.0
2024-07-01,24.30284309387207,24.860000610351562,24.950000762939453,24.84000015258789,24.899999618530273,2027400.0
2024-07-02,24.371274948120117,24.93000030517578,24.959999084472656,24.899999618530273,24.93000030517578,1353800.0
2024-07-03,24.50813865661621,25.06999969482422,25.09000015258789,24.979999542236328,24.989999771118164,787100.0
2024-07-05,24.635221481323242,25.200000762939453,25.209999084472656,25.100000381469727,25.15999984741211,1781900.0
2024-07-08,24.62544822692871,25.190000534057617,25.209999084472656,25.170000076293945,25.190000534057617,1368200.0
2024-07-09,24.615673065185547,25.18000030517578,25.209999084472656,25.1299991607666,25.170000076293945,1876300.0
2024-07-10,24.635221481323242,25.200000762939453,25.219999313354492,25.170000076293945,25.200000762939453,4110000.0
2024-07-11,24.772083282470703,25.34000015258789,25.389999389648438,25.290000915527344,25.389999389648438,1804500.0
2024-07-12,24.830739974975586,25.399999618530273,25.399999618530273,25.280000686645508,25.34000015258789,1598100.0
2024-07-15,24.74275779724121,25.309999465942383,25.3799991607666,25.299999237060547,25.350000381469727,2017400.0
2024-07-16,24.84051513671875,25.40999984741211,25.420000076293945,25.34000015258789,25.350000381469727,1652000.0
2024-07-17,24.860069274902344,25.43000030517578,25.450000762939453,25.360000610351562,25.389999389648438,2381500.0
2024-07-18,24.80141258239746,25.3700008392334,25.440000534057617,25.360000610351562,25.399999618530273,1837300.0
2024-07-19,24.74275779724121,25.309999465942383,25.329999923706055,25.260000228881836,25.31999969482422,8653300.0
2024-07-22,24.723207473754883,25.290000915527344,25.350000381469727,25.260000228881836,25.34000015258789,1825600.0
2024-07-23,24.73297882080078,25.299999237060547,25.34000015258789,25.290000915527344,25.309999465942383,1463300.0
2024-07-24,24.66455078125,25.229999542236328,25.350000381469727,25.229999542236328,25.34000015258789,4167100.0
2024-07-25,24.713428497314453,25.280000686645508,25.34000015258789,25.25,25.270000457763672,2341300.0
2024-07-26,24.820964813232422,25.389999389648438,25.389999389648438,25.329999923706055,25.3700008392334,1743100.0
2024-07-29,24.850292205810547,25.420000076293945,25.440000534057617,25.389999389648438,25.440000534057617,1328400.0
2024-07-30,24.869842529296875,25.440000534057617,25.459999084472656,25.399999618530273,25.43000030517578,2511200.0
2024-07-31,25.00670623779297,25.579999923706055,25.59000015258789,25.459999084472656,25.5,11430600.0
2024-08-01,25.11655044555664,25.610000610351562,25.639999389648438,25.510000228881836,25.559999465942383,2469500.0
2024-08-02,25.410770416259766,25.90999984741211,25.90999984741211,25.760000228881836,25.790000915527344,2556100.0
2024-08-05,25.39115333557129,25.889999389648438,26.040000915527344,25.81999969482422,26.010000228881836,4315200.0
2024-08-06,25.23423957824707,25.729999542236328,25.860000610351562,25.719999313354492,25.84000015258789,2513900.0
2024-08-07,25.155778884887695,25.649999618530273,25.719999313354492,25.610000610351562,25.690000534057617,3243800.0
2024-08-08,25.126358032226562,25.6200008392334,25.639999389648438,25.579999923706055,25.579999923706055,2608300.0
2024-08-09,25.214624404907227,25.709999084472656,25.729999542236328,25.690000534057617,25.719999313354492,21755500.0
2024-08-12,25.263660430908203,25.760000228881836,25.770000457763672,25.670000076293945,25.68000030517578,2750200.0
2024-08-13,25.351924896240234,25.850000381469727,25.860000610351562,25.780000686645508,25.84000015258789,1299900.0
2024-08-14,25.39115333557129,25.889999389648438,25.93000030517578,25.799999237060547,25.850000381469727,1557500.0
2024-08-15,25.293081283569336,25.790000915527344,25.799999237060547,25.719999313354492,25.729999542236328,1259000.0
2024-08-16,25.351924896240234,25.850000381469727,25.850000381469727,25.780000686645508,25.81999969482422,1533300.0
2024-08-19,25.37154197692871,25.8700008392334,25.90999984741211,25.799999237060547,25.889999389648438,1066400.0
2024-08-20,25.45980453491211,25.959999084472656,25.969999313354492,25.8799991607666,25.93000030517578,1826100.0
2024-08-21,25.50884246826172,26.010000228881836,26.059999465942383,25.940000534057617,25.979999542236328,3973200.0
2024-08-22,25.410770416259766,25.90999984741211,25.969999313354492,25.8799991607666,25.959999084472656,1204800.0
2024-08-23,25.518651962280273,26.020000457763672,26.040000915527344,25.93000030517578,25.950000762939453,2018000.0
2024-08-26,25.49903678894043,26.0,26.059999465942383,25.989999771118164,26.049999237060547,1425700.0
2024-08-27,25.479419708251953,25.979999542236328,26.010000228881836,25.899999618530273,25.940000534057617,2115800.0
2024-08-28,25.469614028930664,25.969999313354492,26.020000457763672,25.969999313354492,26.010000228881836,1345600.0
2024-08-29,25.4401912689209,25.940000534057617,25.959999084472656,25.8799991607666,25.920000076293945,1589500.0
2024-08-30,25.381345748901367,25.8799991607666,25.979999542236328,25.8799991607666,25.959999084472656,2150100.0
2024-09-03,25.491539001464844,25.90999984741211,25.940000534057617,25.850000381469727,25.899999618530273,2826300.0
2024-09-04,25.599763870239258,26.020000457763672,26.030000686645508,25.920000076293945,25.920000076293945,3099600.0
2024-09-05,25.668630599975586,26.09000015258789,26.100000381469727,25.989999771118164,26.06999969482422,3884700.0
2024-09-06,25.70798110961914,26.1299991607666,26.229999542236328,26.059999465942383,26.09000015258789,2714100.0
2024-09-09,25.73750114440918,26.15999984741211,26.18000030517578,26.09000015258789,26.110000610351562,2153400.0
2024-09-10,25.826047897338867,26.25,26.260000228881836,26.15999984741211,26.170000076293945,2312200.0
2024-09-11,25.826047897338867,26.25,26.299999237060547,26.190000534057617,26.209999084472656,11407300.0
2024-09-12,25.786691665649414,26.209999084472656,26.239999771118164,26.170000076293945,26.229999542236328,3111200.0
2024-09-13,25.845726013183594,26.270000457763672,26.290000915527344,26.219999313354492,26.270000457763672,1409200.0
2024-09-16,25.904754638671875,26.329999923706055,26.34000015258789,26.260000228881836,26.290000915527344,1867200.0
2024-09-17,25.8752384185791,26.299999237060547,26.350000381469727,26.260000228881836,26.31999969482422,1469300.0
2024-09-18,25.796531677246094,26.219999313354492,26.350000381469727,26.200000762939453,26.25,1688700.0
2024-09-19,25.796531677246094,26.219999313354492,26.229999542236328,26.15999984741211,26.18000030517578,1371300.0
2024-09-20,25.786691665649414,26.209999084472656,26.280000686645508,26.149999618530273,26.18000030517578,1391500.0
2024-09-23,25.767013549804688,26.190000534057617,26.229999542236328,26.1200008392334,26.18000030517578,1398200.0
2024-09-24,25.796531677246094,26.219999313354492,26.239999771118164,26.1299991607666,26.149999618530273,9051700.0
2024-09-25,25.69814682006836,26.1200008392334,26.190000534057617,26.1200008392334,26.190000534057617,1109100.0
2024-09-26,25.69814682006836,26.1200008392334,26.170000076293945,26.09000015258789,26.15999984741211,1066500.0
2024-09-27,25.786691665649414,26.209999084472656,26.219999313354492,26.15999984741211,26.170000076293945,1431400.0
2024-09-30,25.71782112121582,26.139999389648438,26.190000534057617,26.110000610351562,26.18000030517578,2469500.0
2024-10-01,25.787893295288086,26.1299991607666,26.190000534057617,26.100000381469727,26.139999389648438,2031400.0
2024-10-02,25.748416900634766,26.09000015258789,26.100000381469727,26.020000457763672,26.040000915527344,3553400.0
2024-10-03,25.63985824584961,25.979999542236328,26.049999237060547,25.969999313354492,26.020000457763672,1899400.0
2024-10-04,25.462215423583984,25.799999237060547,25.850000381469727,25.770000457763672,25.81999969482422,4327300.0
2024-10-07,25.37339210510254,25.709999084472656,25.760000228881836,25.670000076293945,25.719999313354492,1830300.0
2024-10-08,25.41286849975586,25.75,25.760000228881836,25.65999984741211,25.68000030517578,1206500.0
2024-10-09,25.343788146972656,25.68000030517578,25.729999542236328,25.670000076293945,25.719999313354492,7193800.0
2024-10-10,25.343788146972656,25.68000030517578,25.700000762939453,25.6200008392334,25.68000030517578,1336600.0
2024-10-11,25.353656768798828,25.690000534057617,25.719999313354492,25.649999618530273,25.65999984741211,1124600.0
2024-10-14,25.324047088623047,25.65999984741211,25.65999984741211,25.59000015258789,25.610000610351562,1006300.0
2024-10-15,25.432607650756836,25.770000457763672,25.780000686645508,25.739999771118164,25.739999771118164,2047400.0
2024-10-16,25.462215423583984,25.799999237060547,25.829999923706055,25.790000915527344,25.809999465942383,1441600.0
2024-10-17,25.33391761779785,25.670000076293945,25.729999542236328,25.65999984741211,25.709999084472656,1524200.0
2024-10-18,25.353656768798828,25.690000534057617,25.729999542236328,25.68000030517578,25.719999313354492,1387800.0
2024-10-21,25.176010131835938,25.510000228881836,25.610000610351562,25.510000228881836,25.600000381469727,943600.0
2024-10-22,25.185880661010742,25.520000457763672,25.559999465942383,25.489999771118164,25.559999465942383,1542900.0
2024-10-23,25.126665115356445,25.459999084472656,25.489999771118164,25.420000076293945,25.459999084472656,1663200.0
2024-10-24,25.1661434173584,25.5,25.549999237060547,25.450000762939453,25.469999313354492,1188600.0
2024-10-25,25.106929779052734,25.440000534057617,25.549999237060547,25.440000534057617,25.549999237060547,866800.0
2024-10-28,25.077320098876953,25.40999984741211,25.489999771118164,25.3700008392334,25.459999084472656,1701000.0
2024-10-29,25.09705924987793,25.43000030517578,25.440000534057617,25.31999969482422,25.329999923706055,3827700.0
2024-10-30,25.077320098876953,25.40999984741211,25.540000915527344,25.399999618530273,25.479999542236328,1543700.0
2024-10-31,25.057580947875977,25.389999389648438,25.440000534057617,25.329999923706055,25.3700008392334,2137100.0
2024-11-01,24.961538314819336,25.209999084472656,25.40999984741211,25.200000762939453,25.40999984741211,2080400.0
2024-11-04,25.07045555114746,25.31999969482422,25.389999389648438,25.280000686645508,25.350000381469727,1805300.0
2024-11-05,25.12986183166504,25.3799991607666,25.389999389648438,25.25,25.31999969482422,1521600.0
2024-11-06,24.931835174560547,25.18000030517578,25.299999237060547,25.1200008392334,25.190000534057617,3126400.0
2024-11-07,25.119964599609375,25.3700008392334,25.399999618530273,25.219999313354492,25.290000915527344,1488700.0
2024-11-08,25.16946792602539,25.420000076293945,25.479999542236328,25.3799991607666,25.43000030517578,2220000.0
2024-11-11,25.119964599609375,25.3700008392334,25.420000076293945,25.329999923706055,25.3799991607666,2138500.0
2024-11-12,24.981342315673828,25.229999542236328,25.399999618530273,25.200000762939453,25.299999237060547,5682300.0
2024-11-13,24.961538314819336,25.209999084472656,25.329999923706055,25.18000030517578,25.329999923706055,2990500.0
2024-11-14,24.951637268066406,25.200000762939453,25.299999237060547,25.18000030517578,25.25,2915400.0
2024-11-15,24.961538314819336,25.209999084472656,25.270000457763672,25.100000381469727,25.15999984741211,1945500.0
2024-11-18,24.9714412689209,25.219999313354492,25.25,25.139999389648438,25.139999389648438,1609500.0
2024-11-19,25.01104736328125,25.260000228881836,25.309999465942383,25.239999771118164,25.290000915527344,1716100.0
2024-11-20,24.991243362426758,25.239999771118164,25.290000915527344,25.190000534057617,25.219999313354492,2189600.0
2024-11-21,24.981342315673828,25.229999542236328,25.299999237060547,25.209999084472656,25.260000228881836,2196100.0
2024-11-22,25.001144409179688,25.25,25.280000686645508,25.219999313354492,25.25,2232300.0
2024-11-25,25.2288761138916,25.479999542236328,25.479999542236328,25.40999984741211,25.440000534057617,1789700.0
2024-11-26,25.189271926879883,25.440000534057617,25.440000534057617,25.3799991607666,25.43000030517578,1908800.0
2024-11-27,25.248682022094727,25.5,25.530000686645508,25.459999084472656,25.489999771118164,1582200.0
2024-11-29,25.35759735107422,25.610000610351562,25.610000610351562,25.56999969482422,25.59000015258789,493400.0
2024-12-02,25.369518280029297,25.540000915527344,25.8700008392334,25.31999969482422,25.510000228881836,2050400.0
2024-12-03,25.299983978271484,25.469999313354492,25.6200008392334,25.459999084472656,25.6200008392334,7953100.0
2024-12-04,25.399316787719727,25.56999969482422,25.809999465942383,25.420000076293945,25.440000534057617,4339500.0
2024-12-05,25.409250259399414,25.579999923706055,25.59000015258789,25.520000457763672,25.540000915527344,4678200.0
2024-12-06,25.45891571044922,25.6299991607666,25.670000076293945,25.59000015258789,25.649999618530273,5162400.0
2024-12-09,25.399316787719727,25.56999969482422,25.6200008392334,25.559999465942383,25.600000381469727,4886300.0
2024-12-10,25.35958480834961,25.530000686645508,25.559999465942383,25.489999771118164,25.549999237060547,4891100.0
2024-12-11,25.309917449951172,25.479999542236328,25.59000015258789,25.469999313354492,25.579999923706055,4601400.0
2024-12-12,25.21058464050293,25.3799991607666,25.450000762939453,25.3700008392334,25.440000534057617,6027300.0
2024-12-13,25.101320266723633,25.270000457763672,25.489999771118164,25.260000228881836,25.350000381469727,2084700.0
2024-12-16,25.131118774414062,25.299999237060547,25.329999923706055,25.260000228881836,25.299999237060547,2504400.0
2024-12-17,25.121187210083008,25.290000915527344,25.31999969482422,25.280000686645508,25.290000915527344,3192800.0
2024-12-18,24.93245506286621,25.100000381469727,25.31999969482422,25.09000015258789,25.270000457763672,3571900.0
2024-12-19,24.862699508666992,24.950000762939453,25.040000915527344,24.899999618530273,24.979999542236328,3495800.0
2024-12-20,24.93245506286621,25.020000457763672,25.110000610351562,25.010000228881836,25.059999465942383,2518600.0
2024-12-23,24.85273551940918,24.940000534057617,25.040000915527344,24.93000030517578,25.020000457763672,3824100.0
2024-12-24,24.88262939453125,24.969999313354492,24.979999542236328,24.899999618530273,24.90999984741211,1158000.0
2024-12-26,24.902559280395508,24.989999771118164,25.0,24.899999618530273,24.920000076293945,2392000.0
2024-12-27,24.862699508666992,24.950000762939453,25.040000915527344,24.940000534057617,24.979999542236328,1671100.0
2024-12-30,24.95238494873047,25.040000915527344,25.059999465942383,25.020000457763672,25.040000915527344,3231600.0
2024-12-31,24.902559280395508,24.989999771118164,25.09000015258789,24.90999984741211,25.06999969482422,3309700.0
2025-01-02,24.922489166259766,25.010000228881836,25.09000015258789,24.969999313354492,25.059999465942383,3117600.0
2025-01-03,24.892593383789062,24.979999542236328,25.049999237060547,24.969999313354492,25.049999237060547,1352800.0
2025-01-06,24.85273551940918,24.940000534057617,24.979999542236328,24.920000076293945,24.950000762939453,3353700.0
2025-01-07,24.78297996520996,24.8700008392334,24.950000762939453,24.829999923706055,24.940000534057617,2364000.0
2025-01-08,24.802907943725586,24.889999389648438,24.90999984741211,24.809999465942383,24.860000610351562,3375200.0
2025-01-10,24.673364639282227,24.760000228881836,24.829999923706055,24.739999771118164,24.780000686645508,3235800.0
2025-01-13,24.643468856811523,24.729999542236328,24.760000228881836,24.700000762939453,24.75,5301100.0
2025-01-14,24.643468856811523,24.729999542236328,24.760000228881836,24.709999084472656,24.75,2653500.0
2025-01-15,24.862699508666992,24.950000762939453,24.979999542236328,24.90999984741211,24.950000762939453,1852000.0
2025-01-16,24.922489166259766,25.010000228881836,25.040000915527344,24.899999618530273,24.93000030517578,2195200.0
2025-01-17,24.93245506286621,25.020000457763672,25.049999237060547,25.0,25.040000915527344,1458900.0
2025-01-21,25.012174606323242,25.100000381469727,25.110000610351562,25.030000686645508,25.079999923706055,3898800.0
2025-01-22,24.96234893798828,25.049999237060547,25.1200008392334,25.020000457763672,25.079999923706055,1874800.0
2025-01-23,24.902559280395508,24.989999771118164,25.010000228881836,24.950000762939453,24.959999084472656,2291800.0
2025-01-24,24.95238494873047,25.040000915527344,25.059999465942383,24.979999542236328,24.989999771118164,1702400.0
2025-01-27,25.091894149780273,25.18000030517578,25.200000762939453,25.1200008392334,25.15999984741211,1815900.0
2025-01-28,25.071964263916016,25.15999984741211,25.18000030517578,25.09000015258789,25.1200008392334,1024300.0
2025-01-29,25.06199836730957,25.149999618530273,25.200000762939453,25.09000015258789,25.18000030517578,2371300.0
2025-01-30,25.10186004638672,25.190000534057617,25.219999313354492,25.15999984741211,25.200000762939453,1287000.0
2025-01-31,25.06199836730957,25.149999618530273,25.219999313354492,25.100000381469727,25.190000534057617,1996600.0
2025-02-03,25.06999969482422,25.06999969482422,25.170000076293945,25.040000915527344,25.100000381469727,4972000.0
2025-02-04,25.1200008392334,25.1200008392334,25.1299991607666,25.0,25.030000686645508,3108700.0
2025-02-05,25.2450008392334,25.2450008392334,25.289899826049805,25.200000762939453,25.200000762939453,7397868.0
