Date,Adj Close,Close,High,Low,Open,Volume
2012-08-22,11.04119873046875,13.0,13.0,11.75,12.100000381469727,194200.0
2012-08-23,10.998734474182129,12.949999809265137,13.0,12.489999771118164,12.800000190734863,151800.0
2012-08-24,10.404207229614258,12.25,12.75,12.149999618530273,12.5600004196167,561400.0
2012-08-27,10.463659286499023,12.319999694824219,12.859999656677246,12.210000038146973,12.859999656677246,234300.0
2012-08-28,11.01572036743164,12.970000267028809,12.970000267028809,12.180000305175781,12.4399995803833,155100.0
2012-08-29,10.404207229614258,12.25,12.5,12.020000457763672,12.1899995803833,60300.0
2012-08-30,10.616538047790527,12.5,12.649999618530273,11.75,12.0,795100.0
2012-08-31,10.659006118774414,12.550000190734863,12.649999618530273,12.1899995803833,12.319999694824219,62900.0
2012-09-04,10.616538047790527,12.5,12.600000381469727,12.25,12.600000381469727,136900.0
2012-09-05,10.811882972717285,12.729999542236328,13.029999732971191,12.380000114440918,12.5600004196167,217400.0
2012-09-06,10.879829406738281,12.8100004196167,12.930000305175781,12.649999618530273,12.699999809265137,164500.0
2012-09-07,10.828868865966797,12.75,12.850000381469727,12.75,12.850000381469727,89900.0
2012-09-10,10.811882972717285,12.729999542236328,12.899999618530273,12.729999542236328,12.789999961853027,129800.0
2012-09-11,10.947775840759277,12.890000343322754,12.890000343322754,12.729999542236328,12.859999656677246,128000.0
2012-09-12,11.312983512878418,13.319999694824219,13.5,12.75,13.0,136700.0
2012-09-13,11.62723159790039,13.6899995803833,13.850000381469727,13.079999923706055,13.260000228881836,355800.0
2012-09-14,11.508328437805176,13.550000190734863,13.739999771118164,13.550000190734863,13.739999771118164,131300.0
2012-09-17,11.363944053649902,13.380000114440918,13.880000114440918,13.119999885559082,13.550000190734863,337800.0
2012-09-18,11.882030487060547,13.989999771118164,14.0,13.09000015258789,13.420000076293945,114800.0
2012-09-19,12.27271842956543,14.449999809265137,14.680000305175781,13.960000038146973,13.960000038146973,248500.0
2012-09-20,12.34066390991211,14.529999732971191,14.529999732971191,14.289999961853027,14.289999961853027,194800.0
2012-09-21,12.654911994934082,14.899999618530273,15.699999809265137,14.550000190734863,15.0,565600.0
2012-09-24,12.391622543334961,14.59000015258789,16.989999771118164,14.119999885559082,16.989999771118164,174400.0
2012-09-25,12.264225006103516,14.4399995803833,14.859999656677246,14.34000015258789,14.600000381469727,56900.0
2012-09-26,12.502036094665527,14.720000267028809,15.319999694824219,14.09000015258789,14.09000015258789,24500.0
2012-09-27,12.111346244812012,14.260000228881836,14.699999809265137,14.239999771118164,14.300000190734863,110700.0
2012-09-28,12.213266372680664,14.380000114440918,14.550000190734863,14.100000381469727,14.149999618530273,44800.0
2012-10-01,12.306689262390137,14.489999771118164,14.699999809265137,14.25,14.569999694824219,213400.0
2012-10-02,11.899017333984375,14.010000228881836,14.670000076293945,13.949999809265137,14.460000038146973,40000.0
2012-10-03,11.865044593811035,13.970000267028809,14.0600004196167,13.579999923706055,13.989999771118164,102700.0
2012-10-04,11.932990074157715,14.050000190734863,14.069999694824219,13.970000267028809,13.989999771118164,95800.0
2012-10-05,11.873537063598633,13.979999542236328,14.149999618530273,13.770000457763672,14.149999618530273,14300.0
2012-10-08,12.06038761138916,14.199999809265137,14.279999732971191,13.90999984741211,13.970000267028809,99500.0
2012-10-09,12.153814315795898,14.3100004196167,14.369999885559082,14.0600004196167,14.140000343322754,31300.0
2012-10-10,12.153814315795898,14.3100004196167,14.479999542236328,14.15999984741211,14.270000457763672,136000.0
2012-10-11,12.807791709899902,15.079999923706055,15.100000381469727,14.300000190734863,14.449999809265137,329100.0
2012-10-12,12.799297332763672,15.069999694824219,15.130000114440918,14.699999809265137,14.989999771118164,124600.0
2012-10-15,12.841766357421875,15.119999885559082,15.260000228881836,14.989999771118164,15.260000228881836,329000.0
2012-10-16,12.688885688781738,14.9399995803833,15.140000343322754,14.869999885559082,15.140000343322754,81400.0
2012-10-17,12.434089660644531,14.640000343322754,15.100000381469727,14.5600004196167,14.90999984741211,48800.0
2012-10-18,12.289703369140625,14.470000267028809,14.75,14.300000190734863,14.640000343322754,45900.0
2012-10-19,12.49354362487793,14.710000038146973,15.25,14.140000343322754,15.25,22900.0
2012-10-22,12.374637603759766,14.569999694824219,14.779999732971191,13.5,13.5,41300.0
2012-10-23,12.213266372680664,14.380000114440918,14.819999694824219,14.260000228881836,14.369999885559082,64900.0
2012-10-24,12.315184593200684,14.5,14.880000114440918,14.390000343322754,14.5600004196167,58800.0
2012-10-25,12.23874568939209,14.40999984741211,14.649999618530273,14.199999809265137,14.649999618530273,27200.0
2012-10-26,12.187787055969238,14.350000381469727,14.460000038146973,14.199999809265137,14.4399995803833,79400.0
2012-10-31,12.213266372680664,14.380000114440918,14.819999694824219,14.260000228881836,14.529999732971191,40100.0
2012-11-01,12.230252265930176,14.399999618530273,14.699999809265137,14.260000228881836,14.260000228881836,36900.0
2012-11-02,12.400116920471191,14.600000381469727,14.890000343322754,14.449999809265137,14.699999809265137,98600.0
2012-11-05,12.068880081176758,14.210000038146973,14.600000381469727,14.170000076293945,14.569999694824219,40500.0
2012-11-06,12.06038761138916,14.199999809265137,15.020000457763672,14.010000228881836,14.390000343322754,182900.0
2012-11-07,12.06038761138916,14.199999809265137,14.300000190734863,13.699999809265137,14.300000190734863,60800.0
2012-11-08,11.618739128112793,13.680000305175781,14.420000076293945,13.449999809265137,14.0600004196167,73000.0
2012-11-09,11.465860366821289,13.5,14.279999732971191,13.289999961853027,13.550000190734863,92600.0
2012-11-12,11.62723159790039,13.6899995803833,13.869999885559082,12.0,13.65999984741211,71900.0
2012-11-13,11.47435474395752,13.510000228881836,13.760000228881836,12.020000457763672,13.680000305175781,58600.0
2012-11-14,11.559288024902344,13.609999656677246,13.949999809265137,13.430000305175781,13.579999923706055,49200.0
2012-11-15,11.29599666595459,13.300000190734863,14.1899995803833,13.199999809265137,13.600000381469727,77800.0
2012-11-16,11.51682186126709,13.5600004196167,13.800000190734863,13.210000038146973,13.260000228881836,101500.0
2012-11-19,12.357650756835938,14.550000190734863,14.600000381469727,13.350000381469727,13.350000381469727,338400.0
2012-11-20,12.417102813720703,14.619999885559082,14.90999984741211,14.010000228881836,14.40999984741211,218000.0
2012-11-21,12.782313346862793,15.050000190734863,15.050000190734863,14.600000381469727,14.600000381469727,352600.0
2012-11-23,12.705873489379883,14.960000038146973,15.1899995803833,14.819999694824219,14.84000015258789,8500.0
2012-11-26,13.06258773803711,15.380000114440918,15.630000114440918,14.649999618530273,15.630000114440918,124100.0
2012-11-27,13.173002243041992,15.510000228881836,15.65999984741211,15.239999771118164,15.65999984741211,162400.0
2012-11-28,13.300398826599121,15.65999984741211,15.680000305175781,15.350000381469727,15.399999618530273,348200.0
2012-11-29,13.419303894042969,15.800000190734863,15.890000343322754,14.930000305175781,15.859999656677246,101400.0
2012-11-30,13.308892250061035,15.670000076293945,15.8100004196167,15.279999732971191,15.600000381469727,140100.0
2012-12-03,13.580676078796387,15.989999771118164,16.18000030517578,15.510000228881836,15.8100004196167,381100.0
2012-12-04,13.223958969116211,15.569999694824219,16.950000762939453,15.199999809265137,16.0,75800.0
2012-12-05,12.748337745666504,15.010000228881836,15.710000038146973,14.989999771118164,15.710000038146973,126200.0
2012-12-06,12.629434585571289,14.869999885559082,15.460000038146973,14.850000381469727,15.199999809265137,207000.0
2012-12-07,12.833271980285645,15.109999656677246,15.510000228881836,14.84000015258789,14.850000381469727,231500.0
2012-12-10,12.544501304626465,14.770000457763672,15.100000381469727,14.670000076293945,15.100000381469727,139700.0
2012-12-11,12.739846229553223,15.0,15.180000305175781,14.84000015258789,14.930000305175781,75400.0
2012-12-12,12.841766357421875,15.119999885559082,15.1899995803833,14.949999809265137,15.050000190734863,126300.0
2012-12-13,13.385331153869629,15.760000228881836,16.100000381469727,15.180000305175781,15.350000381469727,2462700.0
2012-12-14,13.427797317504883,15.8100004196167,16.18000030517578,15.600000381469727,15.75,195500.0
2012-12-17,13.444785118103027,15.829999923706055,16.479999542236328,15.619999885559082,15.970000267028809,382300.0
2012-12-18,14.056297302246094,16.549999237060547,16.639999389648438,15.75,15.960000038146973,220600.0
2012-12-19,13.971364974975586,16.450000762939453,16.610000610351562,16.170000076293945,16.459999084472656,196100.0
2012-12-20,14.149724006652832,16.65999984741211,17.239999771118164,16.190000534057617,16.399999618530273,408200.0
2012-12-21,14.013830184936523,16.5,16.760000228881836,16.309999465942383,16.65999984741211,227900.0
2012-12-24,14.277119636535645,16.809999465942383,17.559999465942383,16.110000610351562,17.559999465942383,51700.0
2012-12-26,14.328083038330078,16.8700008392334,16.969999313354492,16.75,16.75,119100.0
2012-12-27,14.54890251159668,17.1299991607666,17.440000534057617,16.700000762939453,16.760000228881836,248700.0
2012-12-28,14.396024703979492,16.950000762939453,17.09000015258789,16.81999969482422,17.020000457763672,124600.0
2012-12-31,14.294108390808105,16.829999923706055,16.950000762939453,16.579999923706055,16.950000762939453,171900.0
2013-01-02,14.277119636535645,16.809999465942383,17.549999237060547,16.600000381469727,17.549999237060547,152900.0
2013-01-03,14.217667579650879,16.739999771118164,16.899999618530273,16.549999237060547,16.799999237060547,54200.0
2013-01-04,14.243146896362305,16.770000457763672,16.8700008392334,16.510000228881836,16.8700008392334,131300.0
2013-01-07,14.200682640075684,16.719999313354492,16.799999237060547,16.5,16.799999237060547,60900.0
2013-01-08,14.37904167175293,16.93000030517578,16.979999542236328,16.649999618530273,16.649999618530273,35700.0
2013-01-09,14.311095237731934,16.850000381469727,17.030000686645508,16.40999984741211,16.90999984741211,78500.0
2013-01-10,14.353558540344238,16.899999618530273,16.989999771118164,16.719999313354492,16.899999618530273,59800.0
2013-01-11,14.285614967346191,16.81999969482422,16.93000030517578,16.649999618530273,16.93000030517578,48000.0
2013-01-14,14.277119636535645,16.809999465942383,16.969999313354492,16.579999923706055,16.860000610351562,87200.0
2013-01-15,14.209174156188965,16.729999542236328,16.860000610351562,16.56999969482422,16.770000457763672,312400.0
2013-01-16,14.132734298706055,16.639999389648438,16.770000457763672,16.450000762939453,16.770000457763672,188400.0
2013-01-17,14.217667579650879,16.739999771118164,17.0,16.6200008392334,17.0,108800.0
2013-01-18,14.531917572021484,17.110000610351562,17.260000228881836,16.719999313354492,16.90999984741211,310900.0
2013-01-22,14.922606468200684,17.56999969482422,18.15999984741211,16.90999984741211,17.270000457763672,344100.0
2013-01-23,14.999045372009277,17.65999984741211,17.920000076293945,17.360000610351562,17.920000076293945,281900.0
2013-01-24,14.999045372009277,17.65999984741211,17.739999771118164,17.5,17.59000015258789,224100.0
2013-01-25,15.287813186645508,18.0,18.0,17.670000076293945,17.670000076293945,365200.0
2013-01-28,15.253840446472168,17.959999084472656,18.239999771118164,17.860000610351562,18.239999771118164,184000.0
2013-01-29,15.287813186645508,18.0,18.059999465942383,17.350000381469727,18.059999465942383,512000.0
2013-01-30,15.35576057434082,18.079999923706055,18.09000015258789,17.950000762939453,18.010000228881836,578400.0
2013-01-31,15.619050979614258,18.389999389648438,18.489999771118164,17.559999465942383,18.0,206400.0
2013-02-01,15.24534797668457,17.950000762939453,18.399999618530273,17.829999923706055,18.399999618530273,154100.0
2013-02-04,15.06698989868164,17.739999771118164,18.0,17.65999984741211,17.93000030517578,102500.0
2013-02-05,15.23685359954834,17.940000534057617,17.989999771118164,17.709999084472656,17.709999084472656,47700.0
2013-02-06,15.228364944458008,17.93000030517578,18.010000228881836,17.709999084472656,17.959999084472656,30900.0
2013-02-07,15.17740249633789,17.8700008392334,17.950000762939453,17.760000228881836,17.950000762939453,57600.0
2013-02-08,15.211376190185547,17.90999984741211,17.989999771118164,17.760000228881836,17.950000762939453,87000.0
2013-02-11,15.160414695739746,17.850000381469727,18.18000030517578,17.75,18.170000076293945,144700.0
2013-02-12,15.262333869934082,17.969999313354492,18.09000015258789,17.899999618530273,18.09000015258789,95300.0
2013-02-13,15.143430709838867,17.829999923706055,18.010000228881836,17.700000762939453,17.950000762939453,84700.0
2013-02-14,15.092472076416016,17.770000457763672,18.0,17.729999542236328,17.729999542236328,53200.0
2013-02-15,15.168910026550293,17.860000610351562,17.920000076293945,17.360000610351562,17.75,125600.0
2013-02-19,15.058499336242676,17.729999542236328,18.219999313354492,17.670000076293945,18.219999313354492,255200.0
2013-02-20,15.20288372039795,17.899999618530273,18.049999237060547,17.670000076293945,17.760000228881836,196500.0
2013-02-21,15.160414695739746,17.850000381469727,18.030000686645508,17.670000076293945,17.850000381469727,586900.0
2013-02-22,15.23685359954834,17.940000534057617,18.040000915527344,17.8700008392334,18.0,360500.0
2013-02-25,15.194389343261719,17.889999389648438,18.100000381469727,17.760000228881836,18.040000915527344,340300.0
2013-02-26,15.083978652954102,17.760000228881836,17.920000076293945,17.690000534057617,17.889999389648438,281900.0
2013-02-27,14.608358383178711,17.200000762939453,17.84000015258789,17.100000381469727,17.809999465942383,630600.0
2013-02-28,14.973564147949219,17.6299991607666,17.81999969482422,17.440000534057617,17.709999084472656,255500.0
2013-03-01,15.024527549743652,17.690000534057617,17.790000915527344,17.649999618530273,17.75,158200.0
2013-03-04,15.050007820129395,17.719999313354492,17.780000686645508,17.6299991607666,17.770000457763672,155300.0
2013-03-05,14.965071678161621,17.6200008392334,17.799999237060547,17.40999984741211,17.75,170900.0
2013-03-06,15.194389343261719,17.889999389648438,17.93000030517578,17.579999923706055,17.68000030517578,135100.0
2013-03-07,15.151922225952148,17.84000015258789,17.989999771118164,17.75,17.950000762939453,111700.0
2013-03-08,15.117948532104492,17.799999237060547,17.940000534057617,17.579999923706055,17.940000534057617,170400.0
2013-03-11,15.194389343261719,17.889999389648438,17.979999542236328,17.799999237060547,17.860000610351562,241600.0
2013-03-12,15.304800987243652,18.020000457763672,18.100000381469727,17.780000686645508,17.850000381469727,246600.0
2013-03-13,15.916313171386719,18.739999771118164,19.200000762939453,18.059999465942383,18.15999984741211,473500.0
2013-03-14,16.391935348510742,19.299999237060547,19.989999771118164,18.940000534057617,19.0,655600.0
2013-03-15,16.88454246520996,19.8799991607666,19.899999618530273,19.360000610351562,19.489999771118164,551500.0
2013-03-18,17.173311233520508,20.219999313354492,20.459999084472656,19.65999984741211,19.850000381469727,346800.0
2013-03-19,17.53852081298828,20.649999618530273,20.809999465942383,20.3700008392334,20.3700008392334,215800.0
2013-03-20,17.80181312561035,20.959999084472656,21.739999771118164,20.700000762939453,20.8799991607666,267700.0
2013-03-21,18.209487915039062,21.440000534057617,21.950000762939453,20.899999618530273,21.950000762939453,523600.0
2013-03-22,18.710588455200195,22.030000686645508,22.31999969482422,21.43000030517578,21.520000457763672,327100.0
2013-03-25,18.005647659301758,21.200000762939453,22.389999389648438,21.049999237060547,22.389999389648438,342600.0
2013-03-26,17.827293395996094,20.989999771118164,21.299999237060547,20.049999237060547,21.1200008392334,219800.0
2013-03-27,17.63194465637207,20.760000228881836,20.989999771118164,20.389999389648438,20.860000610351562,167100.0
2013-03-28,17.84427833557129,21.010000228881836,21.18000030517578,20.709999084472656,20.739999771118164,116900.0
2013-04-01,17.86975860595703,21.040000915527344,21.479999542236328,20.860000610351562,21.100000381469727,141100.0
2013-04-02,18.184009552001953,21.40999984741211,21.639999389648438,21.09000015258789,21.149999618530273,204000.0
2013-04-03,17.75934410095215,20.90999984741211,21.489999771118164,20.739999771118164,21.489999771118164,141100.0
2013-04-04,17.16481590270996,20.209999084472656,21.299999237060547,20.15999984741211,21.0,340300.0
2013-04-05,17.521535873413086,20.6299991607666,21.040000915527344,19.690000534057617,20.06999969482422,286500.0
2013-04-08,18.124555587768555,21.34000015258789,21.459999084472656,20.920000076293945,21.260000228881836,321800.0
2013-04-09,18.268938064575195,21.510000228881836,21.790000915527344,21.010000228881836,21.479999542236328,161700.0
2013-04-10,18.80401611328125,22.139999389648438,22.559999465942383,21.139999389648438,21.479999542236328,148800.0
2013-04-11,18.45578956604004,21.729999542236328,22.68000030517578,21.600000381469727,22.68000030517578,268700.0
2013-04-12,18.77004051208496,22.100000381469727,22.56999969482422,21.700000762939453,21.829999923706055,170400.0
2013-04-15,18.6341495513916,21.940000534057617,22.59000015258789,21.719999313354492,22.309999465942383,259000.0
2013-04-16,18.430307388305664,21.700000762939453,21.979999542236328,21.209999084472656,21.65999984741211,260900.0
2013-04-17,18.31989860534668,21.56999969482422,21.920000076293945,21.059999465942383,21.5,120800.0
2013-04-18,18.685108184814453,22.0,22.229999542236328,21.610000610351562,21.670000076293945,111300.0
2013-04-19,19.04182243347168,22.420000076293945,22.469999313354492,21.860000610351562,21.93000030517578,149700.0
2013-04-22,19.3560733795166,22.790000915527344,22.850000381469727,22.049999237060547,22.440000534057617,99300.0
2013-04-23,20.01004981994629,23.559999465942383,23.989999771118164,22.899999618530273,22.899999618530273,232200.0
2013-04-24,20.383750915527344,24.0,24.3700008392334,23.450000762939453,23.649999618530273,262500.0
2013-04-25,21.105676651000977,24.850000381469727,25.270000457763672,24.049999237060547,24.15999984741211,240400.0
2013-04-26,21.037734985351562,24.770000457763672,25.100000381469727,24.75,24.93000030517578,198600.0
2013-04-29,21.131155014038086,24.8799991607666,25.049999237060547,24.56999969482422,24.84000015258789,230100.0
2013-04-30,21.063215255737305,24.799999237060547,24.979999542236328,23.950000762939453,24.920000076293945,286900.0
2013-05-01,20.46868324279785,24.100000381469727,24.799999237060547,23.329999923706055,24.799999237060547,264900.0
2013-05-02,21.581298828125,25.40999984741211,25.6299991607666,24.540000915527344,24.81999969482422,331900.0
2013-05-03,21.615276336669922,25.450000762939453,26.6299991607666,25.229999542236328,25.729999542236328,191100.0
2013-05-06,22.065412521362305,25.979999542236328,26.440000534057617,25.399999618530273,25.610000610351562,181200.0
2013-05-07,21.73417854309082,25.59000015258789,26.5,25.280000686645508,26.25,154300.0
2013-05-08,21.68321990966797,25.530000686645508,25.84000015258789,25.40999984741211,25.770000457763672,150300.0
2013-05-09,21.42841911315918,25.229999542236328,25.760000228881836,24.860000610351562,25.649999618530273,99300.0
2013-05-10,21.980478286743164,25.8799991607666,25.93000030517578,25.030000686645508,25.290000915527344,203900.0
2013-05-13,21.844585418701172,25.719999313354492,26.0,25.5,25.989999771118164,153200.0
2013-05-14,22.29473114013672,26.25,26.420000076293945,25.690000534057617,26.010000228881836,135900.0
2013-05-15,22.473087310791016,26.459999084472656,26.579999923706055,26.079999923706055,26.1299991607666,120400.0
2013-05-16,22.15884017944336,26.09000015258789,27.209999084472656,25.969999313354492,26.469999313354492,196700.0
2013-05-17,21.929519653320312,25.81999969482422,26.450000762939453,25.3799991607666,26.040000915527344,444200.0
2013-05-20,21.640756607055664,25.479999542236328,26.450000762939453,25.350000381469727,25.850000381469727,145800.0
2013-05-21,21.453903198242188,25.260000228881836,25.75,24.559999465942383,25.75,258000.0
2013-05-22,21.513351440429688,25.329999923706055,25.739999771118164,24.3700008392334,25.420000076293945,349200.0
2013-05-23,21.44540786743164,25.25,25.530000686645508,25.1200008392334,25.3700008392334,217500.0
2013-05-24,21.68321990966797,25.530000686645508,25.610000610351562,25.25,25.31999969482422,367400.0
2013-05-28,22.107877731323242,26.030000686645508,26.850000381469727,25.280000686645508,26.030000686645508,424000.0
2013-05-29,21.785139083862305,25.649999618530273,26.1299991607666,25.5,26.09000015258789,247900.0
2013-05-30,22.048425674438477,25.959999084472656,26.09000015258789,25.649999618530273,25.649999618530273,82400.0
2013-05-31,21.742671966552734,25.600000381469727,26.399999618530273,25.540000915527344,25.90999984741211,368500.0
2013-06-03,21.530338287353516,25.350000381469727,25.850000381469727,25.239999771118164,25.690000534057617,168700.0
2013-06-04,20.935815811157227,24.649999618530273,25.020000457763672,23.84000015258789,25.0,570400.0
2013-06-05,21.62376594543457,25.459999084472656,25.5,24.829999923706055,25.100000381469727,3048000.0
2013-06-06,23.03364372253418,27.1200008392334,27.200000762939453,25.25,25.540000915527344,773500.0
2013-06-07,24.44352149963379,28.780000686645508,28.8799991607666,27.43000030517578,27.479999542236328,609100.0
2013-06-10,24.800233840942383,29.200000762939453,29.479999542236328,28.68000030517578,29.139999389648438,328100.0
2013-06-11,24.6898250579834,29.06999969482422,29.700000762939453,28.420000076293945,28.81999969482422,390200.0
2013-06-12,24.384065628051758,28.709999084472656,29.25,28.5,29.1299991607666,242300.0
2013-06-13,24.817218780517578,29.219999313354492,29.579999923706055,28.299999237060547,28.510000228881836,243400.0
2013-06-14,25.199417114257812,29.670000076293945,30.1299991607666,29.09000015258789,29.5,224900.0
2013-06-17,25.029552459716797,29.469999313354492,30.1299991607666,29.40999984741211,29.93000030517578,394500.0
2013-06-18,25.69202423095703,30.25,30.280000686645508,29.56999969482422,29.579999923706055,213700.0
2013-06-19,24.63886070251465,29.010000228881836,30.329999923706055,28.399999618530273,30.309999465942383,516100.0
2013-06-20,23.61967658996582,27.809999465942383,28.989999771118164,27.25,28.8799991607666,372200.0
2013-06-21,23.03364372253418,27.1200008392334,27.81999969482422,26.450000762939453,27.799999237060547,492300.0
2013-06-24,23.01665687561035,27.100000381469727,27.290000915527344,26.100000381469727,26.75,344300.0
2013-06-25,23.882965087890625,28.1200008392334,28.3799991607666,27.3799991607666,27.56999969482422,228700.0
2013-06-26,24.596393585205078,28.959999084472656,29.530000686645508,28.34000015258789,28.469999313354492,229900.0
2013-06-27,24.978593826293945,29.40999984741211,29.920000076293945,28.809999465942383,29.3799991607666,232500.0
2013-06-28,24.596393585205078,28.959999084472656,29.65999984741211,28.6299991607666,29.6299991607666,2708500.0
2013-07-01,24.613378524780273,28.979999542236328,29.6299991607666,28.6299991607666,29.139999389648438,281100.0
2013-07-02,24.75776481628418,29.149999618530273,29.329999923706055,28.18000030517578,29.010000228881836,230200.0
2013-07-03,25.12297821044922,29.579999923706055,30.149999618530273,28.489999771118164,29.059999465942383,148000.0
2013-07-05,25.301334381103516,29.790000915527344,30.049999237060547,29.34000015258789,29.989999771118164,164800.0
2013-07-08,25.52215576171875,30.049999237060547,30.329999923706055,29.530000686645508,29.889999389648438,123600.0
2013-07-09,25.46270751953125,29.979999542236328,30.280000686645508,29.540000915527344,30.25,132800.0
2013-07-10,25.74298095703125,30.309999465942383,30.59000015258789,29.75,30.010000228881836,147500.0
2013-07-11,25.437223434448242,29.950000762939453,30.8799991607666,29.90999984741211,30.610000610351562,171200.0
2013-07-12,24.842702865600586,29.25,30.229999542236328,29.209999084472656,29.850000381469727,178500.0
2013-07-15,24.07830810546875,28.350000381469727,29.649999618530273,28.309999465942383,29.25,329200.0
2013-07-16,24.14625358581543,28.43000030517578,28.68000030517578,27.100000381469727,28.459999084472656,481400.0
2013-07-17,24.086803436279297,28.360000610351562,28.979999542236328,28.020000457763672,28.350000381469727,342300.0
2013-07-18,24.2481746673584,28.549999237060547,28.68000030517578,28.1200008392334,28.420000076293945,195200.0
2013-07-19,24.630369186401367,29.0,29.010000228881836,28.190000534057617,28.530000686645508,167100.0
2013-07-22,25.004072189331055,29.440000534057617,29.6299991607666,28.829999923706055,28.829999923706055,385900.0
2013-07-23,25.08900260925293,29.540000915527344,29.700000762939453,29.360000610351562,29.5,279000.0
2013-07-24,25.59010124206543,30.1299991607666,30.479999542236328,29.559999465942383,29.59000015258789,257200.0
2013-07-25,24.341598510742188,28.65999984741211,30.09000015258789,28.510000228881836,30.09000015258789,222300.0
2013-07-26,24.96160316467285,29.389999389648438,29.459999084472656,28.25,28.440000534057617,204600.0
2013-07-29,24.28214454650879,28.59000015258789,29.780000686645508,28.450000762939453,29.489999771118164,187100.0
2013-07-30,24.85968780517578,29.270000457763672,29.700000762939453,28.579999923706055,28.709999084472656,214000.0
2013-07-31,24.14625358581543,28.43000030517578,28.81999969482422,27.260000228881836,28.610000610351562,816100.0
2013-08-01,23.594194412231445,27.780000686645508,28.549999237060547,27.520000457763672,28.510000228881836,366300.0
2013-08-02,23.679126739501953,27.8799991607666,28.190000534057617,27.5,27.829999923706055,134600.0
2013-08-05,23.815021514892578,28.040000915527344,28.350000381469727,27.469999313354492,27.809999465942383,236400.0
2013-08-06,23.050626754760742,27.139999389648438,27.950000762939453,26.790000915527344,27.93000030517578,247500.0
2013-08-07,22.693912506103516,26.719999313354492,27.110000610351562,26.59000015258789,27.030000686645508,375300.0
2013-08-08,23.313919067382812,27.450000762939453,27.6299991607666,26.690000534057617,26.889999389648438,121200.0
2013-08-09,23.01665687561035,27.100000381469727,27.510000228881836,26.93000030517578,27.510000228881836,148200.0
2013-08-12,23.152549743652344,27.260000228881836,27.329999923706055,26.90999984741211,27.09000015258789,80400.0
2013-08-13,23.220491409301758,27.34000015258789,27.3700008392334,26.899999618530273,27.200000762939453,131600.0
2013-08-14,22.940214157104492,27.010000228881836,27.59000015258789,26.940000534057617,27.34000015258789,205000.0
2013-08-15,22.286237716674805,26.239999771118164,26.93000030517578,25.799999237060547,26.600000381469727,262000.0
2013-08-16,21.861576080322266,25.739999771118164,26.290000915527344,25.610000610351562,26.290000915527344,925400.0
2013-08-19,21.921024322509766,25.809999465942383,26.0,25.360000610351562,25.68000030517578,354400.0
2013-08-20,22.13335609436035,26.059999465942383,26.329999923706055,25.739999771118164,25.920000076293945,184600.0
2013-08-21,22.005962371826172,25.90999984741211,26.360000610351562,25.43000030517578,26.040000915527344,199600.0
2013-08-22,22.0823974609375,26.0,26.3799991607666,25.899999618530273,25.959999084472656,150400.0
2013-08-23,22.107877731323242,26.030000686645508,26.489999771118164,25.8700008392334,26.0,322800.0
2013-08-26,22.337196350097656,26.299999237060547,26.5,26.020000457763672,26.110000610351562,95300.0
2013-08-27,22.15884017944336,26.09000015258789,26.200000762939453,25.920000076293945,26.100000381469727,159600.0
2013-08-28,22.473087310791016,26.459999084472656,26.670000076293945,26.0,26.030000686645508,129100.0
2013-08-29,22.71089744567871,26.739999771118164,26.8799991607666,26.059999465942383,26.3799991607666,141200.0
2013-08-30,22.566511154174805,26.56999969482422,26.809999465942383,26.420000076293945,26.670000076293945,245400.0
2013-09-03,22.507062911987305,26.5,27.1200008392334,26.360000610351562,26.760000228881836,183200.0
2013-09-04,21.997468948364258,25.899999618530273,26.6299991607666,25.739999771118164,26.510000228881836,220400.0
2013-09-05,21.513351440429688,25.329999923706055,25.979999542236328,25.270000457763672,25.860000610351562,231900.0
2013-09-06,21.0207462310791,24.75,25.829999923706055,24.719999313354492,25.399999618530273,194400.0
2013-09-09,21.0207462310791,24.75,25.170000076293945,24.639999389648438,24.75,238500.0
2013-09-10,21.9040470123291,25.790000915527344,25.850000381469727,24.610000610351562,24.770000457763672,342500.0
2013-09-11,21.22458267211914,24.989999771118164,25.979999542236328,24.950000762939453,25.780000686645508,190400.0
2013-09-12,20.99526596069336,24.719999313354492,25.110000610351562,24.520000457763672,24.920000076293945,157600.0
2013-09-13,21.62376594543457,25.459999084472656,25.510000228881836,24.700000762939453,24.700000762939453,195800.0
2013-09-16,22.15884017944336,26.09000015258789,26.549999237060547,25.469999313354492,25.709999084472656,243400.0
2013-09-17,22.957202911376953,27.030000686645508,27.040000915527344,26.100000381469727,26.100000381469727,183300.0
2013-09-18,22.991174697875977,27.06999969482422,27.34000015258789,26.59000015258789,27.059999465942383,137900.0
2013-09-19,23.882965087890625,28.1200008392334,28.149999618530273,26.850000381469727,27.079999923706055,307600.0
2013-09-20,23.99337387084961,28.25,28.690000534057617,28.030000686645508,28.149999618530273,287700.0
2013-09-23,23.713096618652344,27.920000076293945,28.389999389648438,27.809999465942383,28.280000686645508,337400.0
2013-09-24,23.772552490234375,27.989999771118164,28.5,27.530000686645508,27.979999542236328,222700.0
2013-09-25,23.99337387084961,28.25,28.399999618530273,27.709999084472656,27.93000030517578,121400.0
2013-09-26,25.08051109313965,29.530000686645508,29.950000762939453,28.200000762939453,28.34000015258789,290700.0
2013-09-27,25.216398239135742,29.690000534057617,30.25,28.739999771118164,29.3799991607666,230700.0
2013-09-30,25.04653549194336,29.489999771118164,30.110000610351562,28.8799991607666,29.360000610351562,394000.0
2013-10-01,24.57940673828125,28.940000534057617,29.899999618530273,28.559999465942383,29.56999969482422,287900.0
2013-10-02,24.41803741455078,28.75,28.8700008392334,28.290000915527344,28.8700008392334,114300.0
2013-10-03,23.9678955078125,28.219999313354492,28.670000076293945,28.0,28.6299991607666,156700.0
2013-10-04,24.19721221923828,28.489999771118164,28.780000686645508,28.040000915527344,28.040000915527344,111400.0
2013-10-07,23.789541244506836,28.010000228881836,28.579999923706055,27.8799991607666,28.350000381469727,122400.0
2013-10-08,23.356382369995117,27.5,28.219999313354492,27.34000015258789,27.959999084472656,168100.0
2013-10-09,22.931720733642578,27.0,27.479999542236328,26.68000030517578,27.479999542236328,326700.0
2013-10-10,23.83200454711914,28.059999465942383,28.600000381469727,27.34000015258789,27.3700008392334,275300.0
2013-10-11,23.899951934814453,28.139999389648438,28.290000915527344,27.8700008392334,27.920000076293945,175400.0
2013-10-14,23.33939552307129,27.479999542236328,28.079999923706055,27.229999542236328,28.059999465942383,171100.0
2013-10-15,22.59199333190918,26.600000381469727,28.0,26.489999771118164,27.459999084472656,418000.0
2013-10-16,22.226783752441406,26.170000076293945,28.31999969482422,25.56999969482422,26.8700008392334,432200.0
2013-10-17,21.751163482666016,25.610000610351562,26.18000030517578,25.549999237060547,26.010000228881836,271000.0
2013-10-18,21.971988677978516,25.8700008392334,25.920000076293945,25.389999389648438,25.639999389648438,958700.0
2013-10-21,20.205394744873047,23.790000915527344,26.190000534057617,23.309999465942383,25.889999389648438,2868000.0
2013-10-22,19.712787628173828,23.209999084472656,24.280000686645508,23.110000610351562,23.75,1223500.0
2013-10-23,20.426219940185547,24.049999237060547,24.170000076293945,22.6299991607666,22.979999542236328,932000.0
2013-10-24,21.233076095581055,25.0,25.200000762939453,23.5,24.09000015258789,795300.0
2013-10-25,21.589794158935547,25.420000076293945,25.450000762939453,24.520000457763672,24.950000762939453,332000.0
2013-10-28,20.765949249267578,24.450000762939453,25.469999313354492,24.219999313354492,25.469999313354492,349500.0
2013-10-29,20.850879669189453,24.549999237060547,25.270000457763672,24.040000915527344,24.549999237060547,228000.0
2013-10-30,20.29882049560547,23.899999618530273,24.6200008392334,23.709999084472656,24.479999542236328,626200.0
2013-10-31,18.965383529663086,22.329999923706055,23.510000228881836,19.350000381469727,23.5,4147400.0
2013-11-01,19.058809280395508,22.440000534057617,22.920000076293945,22.149999618530273,22.920000076293945,1104000.0
2013-11-04,19.46648406982422,22.920000076293945,22.979999542236328,22.520000457763672,22.639999389648438,395600.0
2013-11-05,19.169221878051758,22.56999969482422,23.110000610351562,22.489999771118164,22.950000762939453,441300.0
2013-11-06,19.68730926513672,23.18000030517578,23.3700008392334,22.40999984741211,22.610000610351562,708200.0
2013-11-07,18.50674819946289,21.790000915527344,23.239999771118164,21.6200008392334,23.239999771118164,1095000.0
2013-11-08,17.920717239379883,21.100000381469727,22.06999969482422,20.09000015258789,21.81999969482422,1535900.0
2013-11-11,17.98016929626465,21.170000076293945,21.549999237060547,21.020000457763672,21.149999618530273,873900.0
2013-11-12,17.79332160949707,20.950000762939453,21.200000762939453,20.579999923706055,21.170000076293945,559300.0
2013-11-13,18.022632598876953,21.219999313354492,21.450000762939453,20.84000015258789,20.84000015258789,366400.0
2013-11-14,10.998734474182129,12.949999809265137,21.18000030517578,11.40999984741211,21.18000030517578,19635000.0
2013-11-15,12.315184593200684,14.5,14.630000114440918,10.050000190734863,12.329999923706055,20168900.0
2013-11-18,13.86095142364502,16.31999969482422,16.31999969482422,15.010000228881836,15.079999923706055,4325800.0
2013-11-19,15.143430709838867,17.829999923706055,18.190000534057617,16.649999618530273,16.860000610351562,4606600.0
2013-11-20,13.71656608581543,16.149999618530273,17.829999923706055,15.050000190734863,17.81999969482422,3852400.0
2013-11-21,13.444785118103027,15.829999923706055,16.799999237060547,15.760000228881836,16.489999771118164,1501400.0
2013-11-22,11.788603782653809,13.880000114440918,15.850000381469727,13.119999885559082,15.84000015258789,3501700.0
2013-11-25,12.102853775024414,14.25,14.34000015258789,13.539999961853027,13.84000015258789,830200.0
2013-11-26,13.156012535095215,15.489999771118164,16.469999313354492,14.270000457763672,14.34000015258789,2249300.0
2013-11-27,13.640128135681152,16.059999465942383,17.0,15.989999771118164,16.600000381469727,1984800.0
2013-11-29,14.226161003112793,16.75,16.8799991607666,16.260000228881836,16.59000015258789,874300.0
2013-12-02,13.453277587890625,15.84000015258789,16.670000076293945,15.5600004196167,16.610000610351562,1283700.0
2013-12-03,13.665609359741211,16.09000015258789,16.15999984741211,15.40999984741211,16.040000915527344,859300.0
2013-12-04,13.682594299316406,16.110000610351562,16.239999771118164,15.5600004196167,15.970000267028809,799800.0
2013-12-05,13.954378128051758,16.43000030517578,16.549999237060547,15.850000381469727,16.010000228881836,630500.0
2013-12-06,14.141228675842285,16.649999618530273,16.739999771118164,16.399999618530273,16.399999618530273,773100.0
2013-12-09,14.013830184936523,16.5,16.770000457763672,16.25,16.6299991607666,561500.0
2013-12-10,13.589170455932617,16.0,16.489999771118164,15.75,16.479999542236328,789700.0
2013-12-11,13.444785118103027,15.829999923706055,16.270000457763672,15.5600004196167,15.960000038146973,551500.0
2013-12-12,13.580676078796387,15.989999771118164,16.06999969482422,15.569999694824219,15.789999961853027,468600.0
2013-12-13,13.79300594329834,16.239999771118164,16.3700008392334,15.9399995803833,15.979999542236328,388800.0
2013-12-16,14.098762512207031,16.600000381469727,16.760000228881836,16.200000762939453,16.270000457763672,505000.0
2013-12-17,14.396024703979492,16.950000762939453,16.959999084472656,16.5,16.549999237060547,721800.0
2013-12-18,14.888633728027344,17.530000686645508,17.579999923706055,16.690000534057617,16.920000076293945,1662100.0
2013-12-19,14.80370044708252,17.43000030517578,18.040000915527344,17.309999465942383,17.469999313354492,995900.0
2013-12-20,14.786713600158691,17.40999984741211,17.700000762939453,16.850000381469727,17.489999771118164,914500.0
2013-12-23,15.117948532104492,17.799999237060547,17.8799991607666,17.209999084472656,17.40999984741211,325100.0
2013-12-24,15.03302001953125,17.700000762939453,17.969999313354492,17.5,17.729999542236328,196700.0
2013-12-26,15.160414695739746,17.850000381469727,17.989999771118164,17.540000915527344,17.770000457763672,311600.0
2013-12-27,15.381240844726562,18.110000610351562,18.309999465942383,17.719999313354492,17.84000015258789,1337600.0
2013-12-30,15.253840446472168,17.959999084472656,18.290000915527344,17.8700008392334,18.239999771118164,471300.0
2013-12-31,15.347269058227539,18.06999969482422,18.280000686645508,17.959999084472656,17.959999084472656,566000.0
2014-01-02,15.117948532104492,17.799999237060547,18.270000457763672,17.709999084472656,18.049999237060547,723700.0
2014-01-03,15.406721115112305,18.139999389648438,18.290000915527344,17.760000228881836,17.93000030517578,687300.0
2014-01-06,14.973564147949219,17.6299991607666,18.350000381469727,17.520000457763672,18.139999389648438,673700.0
2014-01-07,14.83767318725586,17.469999313354492,17.860000610351562,17.239999771118164,17.510000228881836,553100.0
2014-01-08,15.296308517456055,18.010000228881836,18.020000457763672,17.40999984741211,17.40999984741211,540000.0
2014-01-09,15.211376190185547,17.90999984741211,18.1299991607666,17.299999237060547,18.0,537000.0
2014-01-10,15.653024673461914,18.43000030517578,18.670000076293945,17.399999618530273,17.8700008392334,639700.0
2014-01-13,15.100964546203613,17.780000686645508,18.59000015258789,17.6299991607666,18.3799991607666,774500.0
2014-01-14,15.35576057434082,18.079999923706055,18.520000457763672,17.65999984741211,17.90999984741211,537500.0
2014-01-15,14.863153457641602,17.5,18.329999923706055,16.8799991607666,18.139999389648438,730500.0
2014-01-16,14.710275650024414,17.31999969482422,17.549999237060547,17.049999237060547,17.360000610351562,477500.0
2014-01-17,14.429999351501465,16.989999771118164,17.770000457763672,16.899999618530273,17.329999923706055,324700.0
2014-01-21,13.784514427185059,16.229999542236328,17.219999313354492,16.040000915527344,17.079999923706055,591100.0
2014-01-22,13.665609359741211,16.09000015258789,16.549999237060547,15.710000038146973,16.219999313354492,596400.0
2014-01-23,13.742045402526855,16.18000030517578,16.229999542236328,15.579999923706055,15.979999542236328,542600.0
2014-01-24,13.351358413696289,15.720000267028809,16.309999465942383,15.670000076293945,16.049999237060547,452300.0
2014-01-27,12.502036094665527,14.720000267028809,15.569999694824219,14.100000381469727,14.949999809265137,1431200.0
2014-01-28,11.669697761535645,13.739999771118164,14.25,13.119999885559082,13.460000038146973,4755900.0
2014-01-29,11.559288024902344,13.609999656677246,13.800000190734863,13.380000114440918,13.699999809265137,1396200.0
2014-01-30,12.323678016662598,14.510000228881836,14.59000015258789,13.5600004196167,13.649999618530273,1112100.0
2014-01-31,12.000933647155762,14.130000114440918,14.430000305175781,14.039999961853027,14.25,735800.0
2014-02-03,11.610245704650879,13.670000076293945,14.239999771118164,13.59000015258789,14.149999618530273,462600.0
2014-02-04,11.508328437805176,13.550000190734863,14.239999771118164,13.380000114440918,13.65999984741211,438800.0
2014-02-05,11.542301177978516,13.59000015258789,13.6899995803833,13.359999656677246,13.510000228881836,424500.0
2014-02-06,11.55079460144043,13.600000381469727,13.920000076293945,13.550000190734863,13.59000015258789,419700.0
2014-02-07,11.465860366821289,13.5,13.8100004196167,13.399999618530273,13.619999885559082,460000.0
2014-02-10,11.389420509338379,13.40999984741211,13.739999771118164,13.329999923706055,13.520000457763672,625400.0
2014-02-11,11.33846378326416,13.350000381469727,13.600000381469727,13.329999923706055,13.369999885559082,359000.0
2014-02-12,11.253531455993652,13.25,13.449999809265137,13.220000267028809,13.319999694824219,431300.0
2014-02-13,11.18558406829834,13.170000076293945,13.4399995803833,13.09000015258789,13.199999809265137,416100.0
2014-02-14,11.151611328125,13.130000114440918,13.5,12.779999732971191,13.260000228881836,1203100.0
2014-02-18,11.160106658935547,13.140000343322754,13.460000038146973,13.09000015258789,13.220000267028809,394600.0
2014-02-19,11.100651741027832,13.069999694824219,13.350000381469727,12.84000015258789,13.020000457763672,386500.0
2014-02-20,11.075174331665039,13.039999961853027,13.199999809265137,12.399999618530273,13.09000015258789,2132700.0
2014-02-21,12.612447738647461,14.850000381469727,15.989999771118164,14.010000228881836,14.149999618530273,3573900.0
2014-02-24,13.003134727478027,15.3100004196167,15.720000267028809,15.149999618530273,15.479999542236328,1204700.0
2014-02-25,13.156012535095215,15.489999771118164,15.779999732971191,15.25,15.600000381469727,919700.0
2014-02-26,13.156012535095215,15.489999771118164,15.789999961853027,15.319999694824219,15.5600004196167,500200.0
2014-02-27,13.487250328063965,15.880000114440918,16.389999389648438,15.739999771118164,16.31999969482422,878400.0
2014-02-28,13.096561431884766,15.420000076293945,16.0,15.3100004196167,15.989999771118164,1246500.0
2014-03-03,13.419303894042969,15.800000190734863,15.979999542236328,15.1899995803833,15.34000015258789,722300.0
2014-03-04,14.260135650634766,16.790000915527344,16.799999237060547,16.040000915527344,16.040000915527344,921400.0
2014-03-05,14.48095703125,17.049999237060547,17.260000228881836,16.8799991607666,16.989999771118164,777400.0
2014-03-06,14.362051963806152,16.90999984741211,17.040000915527344,16.520000457763672,16.969999313354492,511700.0
2014-03-07,14.497943878173828,17.06999969482422,17.219999313354492,16.790000915527344,16.790000915527344,615400.0
2014-03-10,14.387533187866211,16.940000534057617,17.149999618530273,16.829999923706055,17.049999237060547,329200.0
2014-03-11,14.030817031860352,16.520000457763672,16.940000534057617,16.420000076293945,16.889999389648438,302800.0
2014-03-12,14.209174156188965,16.729999542236328,16.850000381469727,16.280000686645508,16.479999542236328,252400.0
2014-03-13,13.555196762084961,15.960000038146973,17.0,15.920000076293945,16.75,396700.0
2014-03-14,13.088067054748535,15.40999984741211,15.880000114440918,15.34000015258789,15.859999656677246,731900.0
2014-03-17,13.495744705200195,15.890000343322754,15.979999542236328,15.550000190734863,15.550000190734863,271700.0
2014-03-18,13.674103736877441,16.100000381469727,16.219999313354492,15.739999771118164,15.949999809265137,211400.0
2014-03-19,13.945884704589844,16.420000076293945,16.65999984741211,16.010000228881836,16.18000030517578,428500.0
2014-03-20,13.852457046508789,16.309999465942383,16.450000762939453,16.149999618530273,16.450000762939453,431300.0
2014-03-21,13.614649772644043,16.030000686645508,16.6200008392334,15.949999809265137,16.350000381469727,474800.0
2014-03-24,13.215466499328613,15.5600004196167,16.290000915527344,15.470000267028809,16.100000381469727,303100.0
2014-03-25,13.198481559753418,15.539999961853027,15.979999542236328,15.5,15.510000228881836,301800.0
2014-03-26,12.765325546264648,15.029999732971191,15.8100004196167,15.0,15.699999809265137,498000.0
2014-03-27,12.816286087036133,15.09000015258789,15.40999984741211,14.859999656677246,15.020000457763672,406000.0
2014-03-28,12.952177047729492,15.25,15.520000457763672,15.079999923706055,15.079999923706055,251200.0
2014-03-31,13.122040748596191,15.449999809265137,15.949999809265137,15.319999694824219,15.319999694824219,370900.0
2014-04-01,13.606158256530762,16.020000457763672,16.049999237060547,15.479999542236328,15.489999771118164,421800.0
2014-04-02,13.342865943908691,15.710000038146973,16.15999984741211,15.569999694824219,16.020000457763672,302300.0
2014-04-03,13.164506912231445,15.5,16.1299991607666,15.300000190734863,15.699999809265137,237200.0
2014-04-04,12.909710884094238,15.199999809265137,15.979999542236328,14.920000076293945,15.729999542236328,682400.0
2014-04-07,12.16230583190918,14.319999694824219,15.460000038146973,14.0600004196167,15.149999618530273,673900.0
2014-04-08,12.170799255371094,14.329999923706055,14.510000228881836,13.90999984741211,14.300000190734863,830600.0
2014-04-09,12.374637603759766,14.569999694824219,14.680000305175781,14.260000228881836,14.420000076293945,247700.0
2014-04-10,12.145319938659668,14.300000190734863,14.729999542236328,14.119999885559082,14.539999961853027,299600.0
2014-04-11,11.703672409057617,13.779999732971191,14.270000457763672,13.59000015258789,14.170000076293945,355700.0
2014-04-14,11.542301177978516,13.59000015258789,14.100000381469727,13.5,13.880000114440918,194100.0
2014-04-15,11.780110359191895,13.869999885559082,14.010000228881836,13.520000457763672,13.609999656677246,243200.0
2014-04-16,11.99244213104248,14.119999885559082,14.239999771118164,13.770000457763672,14.020000457763672,193800.0
2014-04-17,12.102853775024414,14.25,14.420000076293945,13.819999694824219,14.050000190734863,389300.0
2014-04-21,12.476555824279785,14.6899995803833,14.729999542236328,14.279999732971191,14.34000015258789,167100.0
2014-04-22,12.552995681762695,14.779999732971191,15.239999771118164,14.430000305175781,14.670000076293945,391600.0
2014-04-23,12.519021987915039,14.739999771118164,14.890000343322754,14.510000228881836,14.729999542236328,172800.0
2014-04-24,12.323678016662598,14.510000228881836,15.180000305175781,14.470000267028809,14.960000038146973,338300.0
2014-04-25,11.686685562133789,13.760000228881836,14.470000267028809,13.699999809265137,14.390000343322754,350400.0
2014-04-28,11.075174331665039,13.039999961853027,14.109999656677246,12.670000076293945,13.859999656677246,1034400.0
2014-04-29,11.194077491760254,13.180000305175781,13.369999885559082,12.760000228881836,13.079999923706055,793800.0
2014-04-30,11.975456237792969,14.100000381469727,14.229999542236328,11.75,13.300000190734863,2475900.0
2014-05-01,12.230252265930176,14.399999618530273,14.75,13.850000381469727,14.399999618530273,823700.0
2014-05-02,12.077375411987305,14.220000267028809,14.670000076293945,14.0,14.539999961853027,651300.0
2014-05-05,11.788603782653809,13.880000114440918,14.270000457763672,13.600000381469727,14.220000267028809,514700.0
2014-05-06,11.899017333984375,14.010000228881836,14.15999984741211,13.800000190734863,13.899999618530273,509100.0
2014-05-07,11.669697761535645,13.739999771118164,14.15999984741211,13.550000190734863,14.0,503700.0
2014-05-08,11.499834060668945,13.539999961853027,14.199999809265137,13.489999771118164,13.779999732971191,267600.0
2014-05-09,11.584765434265137,13.640000343322754,13.880000114440918,13.449999809265137,13.539999961853027,373800.0
2014-05-12,12.34066390991211,14.529999732971191,14.760000228881836,13.850000381469727,13.970000267028809,504900.0
2014-05-13,11.907510757446289,14.020000457763672,14.65999984741211,14.010000228881836,14.520000457763672,388000.0
2014-05-14,11.499834060668945,13.539999961853027,14.180000305175781,13.359999656677246,14.050000190734863,393800.0
2014-05-15,11.321476936340332,13.329999923706055,13.640000343322754,12.699999809265137,13.539999961853027,995700.0
2014-05-16,11.873537063598633,13.979999542236328,14.020000457763672,13.3100004196167,13.390000343322754,387600.0
2014-05-19,12.179292678833008,14.34000015258789,14.399999618530273,13.899999618530273,13.9399995803833,443400.0
2014-05-20,12.49354362487793,14.710000038146973,14.960000038146973,14.380000114440918,14.539999961853027,515200.0
2014-05-21,12.102853775024414,14.25,14.760000228881836,14.210000038146973,14.760000228881836,283300.0
2014-05-22,12.357650756835938,14.550000190734863,14.630000114440918,14.180000305175781,14.300000190734863,287400.0
2014-05-23,12.400116920471191,14.600000381469727,14.770000457763672,14.449999809265137,14.449999809265137,331400.0
2014-05-27,12.841766357421875,15.119999885559082,15.140000343322754,14.579999923706055,14.720000267028809,317700.0
2014-05-28,12.620940208435059,14.859999656677246,15.149999618530273,14.609999656677246,15.130000114440918,285300.0
2014-05-29,12.52751350402832,14.75,14.960000038146973,14.520000457763672,14.890000343322754,123200.0
2014-05-30,12.671900749206543,14.920000076293945,14.970000267028809,14.430000305175781,14.760000228881836,221200.0
2014-06-02,12.663407325744629,14.90999984741211,14.930000305175781,14.600000381469727,14.890000343322754,218600.0
2014-06-03,12.49354362487793,14.710000038146973,14.850000381469727,14.5,14.8100004196167,216800.0
2014-06-04,13.037109375,15.350000381469727,15.869999885559082,14.649999618530273,14.65999984741211,411800.0
2014-06-05,13.181493759155273,15.520000457763672,15.699999809265137,15.130000114440918,15.479999542236328,271800.0
2014-06-06,13.257933616638184,15.609999656677246,15.930000305175781,15.449999809265137,15.489999771118164,233500.0
2014-06-09,13.495744705200195,15.890000343322754,16.270000457763672,15.640000343322754,15.859999656677246,463400.0
2014-06-10,13.461771965026855,15.850000381469727,16.139999389648438,15.760000228881836,15.760000228881836,136100.0
2014-06-11,13.325879096984863,15.6899995803833,15.960000038146973,15.520000457763672,15.819999694824219,190000.0
2014-06-12,13.028614044189453,15.34000015258789,15.6899995803833,15.239999771118164,15.6899995803833,170000.0
2014-06-13,12.731353759765625,14.989999771118164,15.420000076293945,14.920000076293945,15.420000076293945,360000.0
2014-06-16,12.867244720458984,15.149999618530273,15.270000457763672,14.829999923706055,15.0,248900.0
2014-06-17,13.546703338623047,15.949999809265137,16.239999771118164,15.100000381469727,15.199999809265137,397000.0
2014-06-18,13.988350868225098,16.469999313354492,16.6200008392334,15.75,15.890000343322754,346700.0
2014-06-19,13.767524719238281,16.209999084472656,16.690000534057617,16.1299991607666,16.520000457763672,282100.0
2014-06-20,13.742045402526855,16.18000030517578,16.479999542236328,16.15999984741211,16.31999969482422,406100.0
2014-06-23,13.79300594329834,16.239999771118164,16.399999618530273,15.9399995803833,16.170000076293945,219300.0
2014-06-24,13.274919509887695,15.630000114440918,16.1299991607666,15.550000190734863,16.049999237060547,315300.0
2014-06-25,13.699580192565918,16.1299991607666,16.139999389648438,15.609999656677246,15.609999656677246,193600.0
2014-06-26,13.385331153869629,15.760000228881836,16.200000762939453,15.670000076293945,16.110000610351562,205500.0
2014-06-27,13.06258773803711,15.380000114440918,15.8100004196167,15.210000038146973,15.699999809265137,1496000.0
2014-06-30,12.986149787902832,15.289999961853027,15.569999694824219,15.0,15.4399995803833,529500.0
2014-07-01,12.442582130432129,14.649999618530273,15.9399995803833,14.510000228881836,15.510000228881836,767200.0
2014-07-02,12.434089660644531,14.640000343322754,14.789999961853027,14.109999656677246,14.579999923706055,507400.0
2014-07-03,12.383130073547363,14.579999923706055,14.829999923706055,14.5,14.65999984741211,92400.0
2014-07-07,11.907510757446289,14.020000457763672,14.6899995803833,14.010000228881836,14.6899995803833,354400.0
2014-07-08,11.363944053649902,13.380000114440918,14.09000015258789,13.130000114440918,14.010000228881836,732200.0
2014-07-09,11.04119873046875,13.0,13.770000457763672,12.739999771118164,13.479999542236328,939600.0
2014-07-10,10.013518333435059,11.789999961853027,12.239999771118164,10.770000457763672,12.010000228881836,4276300.0
2014-07-11,9.325566291809082,10.979999542236328,12.0,10.800000190734863,12.0,2127100.0
2014-07-14,9.3170747756958,10.970000267028809,11.399999618530273,10.829999923706055,11.210000038146973,926800.0
2014-07-15,8.858438491821289,10.430000305175781,11.0600004196167,10.350000381469727,10.989999771118164,1213200.0
2014-07-16,8.875425338745117,10.449999809265137,10.739999771118164,10.300000190734863,10.470000267028809,856200.0
2014-07-17,9.087757110595703,10.699999809265137,10.949999809265137,10.25,10.449999809265137,1185300.0
2014-07-18,9.24063491821289,10.880000114440918,10.920000076293945,10.569999694824219,10.680000305175781,640300.0
2014-07-21,9.011316299438477,10.609999656677246,10.890000343322754,10.569999694824219,10.84000015258789,379600.0
2014-07-22,9.232141494750977,10.869999885559082,11.0600004196167,10.609999656677246,10.630000114440918,634200.0
2014-07-23,9.189674377441406,10.819999694824219,11.010000228881836,10.720000267028809,10.869999885559082,382800.0
2014-07-24,9.181181907653809,10.8100004196167,11.020000457763672,10.75,10.800000190734863,625100.0
2014-07-25,9.257622718811035,10.899999618530273,11.170000076293945,10.609999656677246,10.789999961853027,1212500.0
2014-07-28,8.968851089477539,10.5600004196167,10.899999618530273,9.930000305175781,10.899999618530273,2133900.0
2014-07-29,8.017611503601074,9.4399995803833,9.850000381469727,9.0600004196167,9.5,3179000.0
2014-07-30,8.238431930541992,9.699999809265137,9.720000267028809,9.40999984741211,9.5,934700.0
2014-07-31,8.586655616760254,10.109999656677246,10.239999771118164,9.800000190734863,10.029999732971191,1260000.0
2014-08-01,8.357337951660156,9.84000015258789,10.329999923706055,9.75,10.130000114440918,1022000.0
2014-08-04,8.416790962219238,9.90999984741211,9.949999809265137,9.630000114440918,9.899999618530273,672400.0
2014-08-05,9.249128341674805,10.890000343322754,11.260000228881836,10.25,10.3100004196167,1516300.0
2014-08-06,8.97734546661377,10.569999694824219,10.770000457763672,10.260000228881836,10.720000267028809,901300.0
2014-08-07,9.002823829650879,10.600000381469727,10.9399995803833,10.520000457763672,10.670000076293945,468600.0
2014-08-08,9.418993949890137,11.09000015258789,11.210000038146973,10.510000228881836,10.600000381469727,683900.0
2014-08-11,9.665297508239746,11.380000114440918,11.579999923706055,11.0,11.119999885559082,724200.0
2014-08-12,9.283101081848145,10.930000305175781,11.369999885559082,10.869999885559082,11.180000305175781,435800.0
2014-08-13,9.512417793273926,11.199999809265137,11.270000457763672,10.949999809265137,11.0,416400.0
2014-08-14,9.639816284179688,11.350000381469727,11.350000381469727,11.140000343322754,11.25,385000.0
2014-08-15,9.274606704711914,10.920000076293945,11.5,10.899999618530273,11.470000267028809,405700.0
2014-08-18,9.835161209106445,11.579999923706055,11.649999618530273,10.960000038146973,11.039999961853027,440100.0
2014-08-19,10.064477920532227,11.850000381469727,12.25,11.520000457763672,11.640000343322754,663700.0
2014-08-20,9.750226974487305,11.479999542236328,11.8100004196167,11.40999984741211,11.779999732971191,409600.0
2014-08-21,9.690774917602539,11.40999984741211,11.520000457763672,11.119999885559082,11.470000267028809,397500.0
2014-08-22,9.920092582702637,11.680000305175781,11.6899995803833,11.260000228881836,11.34000015258789,419300.0
2014-08-25,10.17488956451416,11.979999542236328,12.25,11.75,11.75,621700.0
2014-08-26,10.098451614379883,11.890000343322754,11.970000267028809,11.680000305175781,11.960000038146973,304300.0
2014-08-27,10.081464767456055,11.869999885559082,12.130000114440918,11.600000381469727,11.899999618530273,327000.0
2014-08-28,9.894612312316895,11.649999618530273,11.84000015258789,11.5,11.760000228881836,262500.0
2014-08-29,9.80968189239502,11.550000190734863,11.819999694824219,11.5,11.649999618530273,285500.0
2014-09-02,9.80968189239502,11.550000190734863,11.739999771118164,11.460000038146973,11.579999923706055,248700.0
2014-09-03,9.418993949890137,11.09000015258789,11.680000305175781,11.069999694824219,11.609999656677246,375200.0
2014-09-04,9.571870803833008,11.270000457763672,11.430000305175781,11.09000015258789,11.09000015258789,199400.0
2014-09-05,9.486939430236816,11.170000076293945,11.329999923706055,11.100000381469727,11.220000267028809,180600.0
2014-09-08,9.614336013793945,11.319999694824219,11.449999809265137,11.140000343322754,11.140000343322754,188300.0
2014-09-09,9.512417793273926,11.199999809265137,11.5,11.170000076293945,11.329999923706055,190800.0
2014-09-10,9.410499572753906,11.079999923706055,11.289999961853027,10.899999618530273,11.199999809265137,187700.0
2014-09-11,9.104743957519531,10.720000267028809,11.100000381469727,10.569999694824219,10.989999771118164,385000.0
2014-09-12,9.087757110595703,10.699999809265137,10.8100004196167,10.579999923706055,10.779999732971191,374300.0
2014-09-15,8.926383972167969,10.510000228881836,10.729999542236328,10.279999732971191,10.729999542236328,254600.0
2014-09-16,8.951864242553711,10.539999961853027,10.699999809265137,10.430000305175781,10.430000305175781,241800.0
2014-09-17,9.376527786254883,11.039999961853027,11.199999809265137,10.460000038146973,10.479999542236328,329700.0
2014-09-18,9.274606704711914,10.920000076293945,11.140000343322754,10.770000457763672,11.0600004196167,235500.0
2014-09-19,9.04529094696045,10.649999618530273,11.069999694824219,10.5,10.949999809265137,254300.0
2014-09-22,8.680081367492676,10.220000267028809,10.529999732971191,10.220000267028809,10.529999732971191,183800.0
2014-09-23,8.561177253723145,10.079999923706055,10.399999618530273,10.069999694824219,10.199999809265137,221700.0
2014-09-24,8.841452598571777,10.40999984741211,10.479999542236328,10.050000190734863,10.119999885559082,233900.0
2014-09-25,8.739533424377441,10.289999961853027,10.390000343322754,9.90999984741211,10.319999694824219,384000.0
2014-09-26,8.731040000915527,10.279999732971191,10.390000343322754,10.149999618530273,10.369999885559082,354200.0
2014-09-29,8.663095474243164,10.199999809265137,10.399999618530273,10.109999656677246,10.149999618530273,253800.0
2014-09-30,7.85623836517334,9.25,10.239999771118164,9.140000343322754,10.199999809265137,1249000.0
2014-10-01,8.034595489501953,9.460000038146973,9.470000267028809,9.199999809265137,9.199999809265137,431500.0
2014-10-02,8.425284385681152,9.920000076293945,9.9399995803833,9.4399995803833,9.600000381469727,400200.0
2014-10-03,8.094048500061035,9.529999732971191,10.140000343322754,9.520000457763672,10.039999961853027,379800.0
2014-10-06,7.975144863128662,9.390000343322754,9.699999809265137,9.25,9.529999732971191,341400.0
2014-10-07,7.227739334106445,8.510000228881836,9.289999961853027,8.5,9.289999961853027,735400.0
2014-10-08,7.61842679977417,8.970000267028809,9.010000228881836,8.40999984741211,8.5,753000.0
2014-10-09,7.236232757568359,8.520000457763672,9.100000381469727,8.489999771118164,8.850000381469727,622600.0
2014-10-10,7.023901462554932,8.270000457763672,8.779999732971191,8.180000305175781,8.479999542236328,531700.0
2014-10-13,7.023901462554932,8.270000457763672,8.579999923706055,8.149999618530273,8.3100004196167,366300.0
2014-10-14,7.355137825012207,8.65999984741211,8.720000267028809,8.300000190734863,8.359999656677246,647500.0
2014-10-15,7.321164608001709,8.619999885559082,9.029999732971191,8.34000015258789,8.479999542236328,580600.0
2014-10-16,7.270205497741699,8.5600004196167,9.140000343322754,8.40999984741211,8.449999809265137,571300.0
2014-10-17,7.278698921203613,8.569999694824219,8.949999809265137,8.470000267028809,8.710000038146973,279300.0
2014-10-20,7.558974266052246,8.899999618530273,8.989999771118164,8.430000305175781,8.5,285800.0
2014-10-21,7.287190914154053,8.579999923706055,8.970000267028809,8.470000267028809,8.970000267028809,302000.0
2014-10-22,7.125820636749268,8.390000343322754,8.710000038146973,8.229999542236328,8.550000190734863,421500.0
2014-10-23,7.125820636749268,8.390000343322754,8.65999984741211,8.300000190734863,8.520000457763672,291800.0
2014-10-24,7.329657554626465,8.630000114440918,8.670000076293945,8.260000228881836,8.380000114440918,227700.0
2014-10-27,6.7606120109558105,7.960000038146973,8.6899995803833,7.940000057220459,8.550000190734863,609400.0
2014-10-28,7.440070629119873,8.760000228881836,8.869999885559082,6.940000057220459,7.340000152587891,2220800.0
2014-10-29,7.2192463874816895,8.5,8.9399995803833,8.220000267028809,8.739999771118164,954200.0
2014-10-30,7.142807483673096,8.40999984741211,8.850000381469727,8.399999618530273,8.699999809265137,619000.0
2014-10-31,7.312670707702637,8.609999656677246,8.680000305175781,8.5,8.579999923706055,1015300.0
2014-11-03,7.363631248474121,8.670000076293945,9.109999656677246,8.630000114440918,8.880000114440918,994100.0
2014-11-04,7.389110565185547,8.699999809265137,8.930000305175781,8.59000015258789,8.75,524400.0
2014-11-05,7.346643924713135,8.649999618530273,8.8100004196167,8.59000015258789,8.800000190734863,540100.0
2014-11-06,7.61842679977417,8.970000267028809,9.09000015258789,8.609999656677246,8.630000114440918,540200.0
2014-11-07,7.414590358734131,8.729999542236328,9.020000457763672,8.5600004196167,8.920000076293945,652000.0
2014-11-10,7.5080156326293945,8.84000015258789,9.100000381469727,8.550000190734863,8.75,1351400.0
2014-11-11,6.981435775756836,8.220000267028809,8.989999771118164,8.15999984741211,8.819999694824219,2062600.0
2014-11-12,7.210752010345459,8.489999771118164,8.550000190734863,8.15999984741211,8.170000076293945,422900.0
2014-11-13,7.049381256103516,8.300000190734863,8.5600004196167,8.239999771118164,8.470000267028809,301000.0
2014-11-14,7.202258586883545,8.479999542236328,8.680000305175781,8.380000114440918,8.520000457763672,641300.0
2014-11-17,7.015408515930176,8.260000228881836,8.529999732971191,8.239999771118164,8.449999809265137,316000.0
2014-11-18,7.176779270172119,8.449999809265137,8.59000015258789,8.319999694824219,8.329999923706055,323200.0
2014-11-19,7.261713027954102,8.550000190734863,8.710000038146973,8.369999885559082,8.460000038146973,495900.0
2014-11-20,7.779799461364746,9.15999984741211,9.489999771118164,8.449999809265137,8.489999771118164,684600.0
2014-11-21,7.558974266052246,8.899999618530273,9.350000381469727,8.75,9.350000381469727,381400.0
2014-11-24,7.881717205047607,9.279999732971191,9.300000190734863,8.890000343322754,8.960000038146973,259400.0
2014-11-25,7.983637809753418,9.399999618530273,9.4399995803833,8.979999542236328,9.25,413700.0
2014-11-26,8.280900001525879,9.75,10.0600004196167,9.050000190734863,9.390000343322754,628300.0
2014-11-28,8.47624397277832,9.979999542236328,10.039999961853027,9.539999961853027,9.760000228881836,424200.0
2014-12-01,8.136514663696289,9.579999923706055,9.970000267028809,9.550000190734863,9.970000267028809,559100.0
2014-12-02,8.340353012084961,9.819999694824219,10.0,9.649999618530273,9.710000038146973,370400.0
2014-12-03,8.501724243164062,10.010000228881836,10.149999618530273,9.800000190734863,9.869999885559082,354500.0
2014-12-04,8.255420684814453,9.720000267028809,10.119999885559082,9.609999656677246,10.119999885559082,321800.0
2014-12-05,8.399806022644043,9.890000343322754,9.989999771118164,9.720000267028809,9.779999732971191,201800.0
2014-12-08,7.89021110534668,9.289999961853027,9.949999809265137,9.229999542236328,9.819999694824219,410300.0
2014-12-09,8.051583290100098,9.479999542236328,9.479999542236328,9.020000457763672,9.130000114440918,334600.0
2014-12-10,7.499522686004639,8.829999923706055,9.489999771118164,8.819999694824219,9.420000076293945,298200.0
2014-12-11,7.737333297729492,9.109999656677246,9.40999984741211,8.819999694824219,8.899999618530273,292600.0
2014-12-12,7.541989326477051,8.880000114440918,9.199999809265137,8.84000015258789,9.0,319200.0
2014-12-15,7.499522686004639,8.829999923706055,9.15999984741211,8.779999732971191,8.899999618530273,276100.0
2014-12-16,7.474043846130371,8.800000190734863,9.069999694824219,8.770000457763672,8.770000457763672,283400.0
2014-12-17,7.975144863128662,9.390000343322754,9.489999771118164,8.760000228881836,8.760000228881836,506200.0
2014-12-18,7.601441860198975,8.949999809265137,9.59000015258789,8.90999984741211,9.59000015258789,415800.0
2014-12-19,7.397603511810303,8.710000038146973,9.010000228881836,8.600000381469727,8.989999771118164,625800.0
2014-12-22,7.338150978088379,8.640000343322754,8.75,8.550000190734863,8.699999809265137,268200.0
2014-12-23,7.499522686004639,8.829999923706055,8.960000038146973,8.630000114440918,8.699999809265137,270700.0
2014-12-24,7.53349494934082,8.869999885559082,8.9399995803833,8.600000381469727,8.800000190734863,118100.0
2014-12-26,7.5080156326293945,8.84000015258789,9.050000190734863,8.720000267028809,8.859999656677246,201600.0
2014-12-29,7.762812614440918,9.140000343322754,9.25,8.75,8.8100004196167,320300.0
2014-12-30,7.575961112976074,8.920000076293945,9.220000267028809,8.880000114440918,9.0600004196167,248600.0
2014-12-31,7.541989326477051,8.880000114440918,9.3100004196167,8.850000381469727,8.9399995803833,452400.0
2015-01-02,7.414590358734131,8.729999542236328,9.319999694824219,8.59000015258789,9.039999961853027,390300.0
2015-01-05,7.363631248474121,8.670000076293945,8.949999809265137,8.550000190734863,8.680000305175781,277100.0
2015-01-06,7.261713027954102,8.550000190734863,8.880000114440918,8.329999923706055,8.729999542236328,253000.0
2015-01-07,7.380617618560791,8.6899995803833,8.84000015258789,8.319999694824219,8.649999618530273,235300.0
2015-01-08,7.5844550132751465,8.930000305175781,9.270000457763672,8.720000267028809,8.770000457763672,536400.0
2015-01-09,7.3041791915893555,8.600000381469727,8.930000305175781,8.569999694824219,8.899999618530273,246000.0
2015-01-12,7.550482273101807,8.890000343322754,9.020000457763672,8.550000190734863,8.640000343322754,270000.0
2015-01-13,7.575961112976074,8.920000076293945,9.279999732971191,8.760000228881836,9.0,293400.0
2015-01-14,7.448563098907471,8.770000457763672,8.949999809265137,8.600000381469727,8.770000457763672,174200.0
2015-01-15,7.006915092468262,8.25,8.829999923706055,8.220000267028809,8.829999923706055,663400.0
2015-01-16,7.0578742027282715,8.3100004196167,8.4399995803833,8.210000038146973,8.270000457763672,183200.0
2015-01-20,6.871022701263428,8.09000015258789,8.4399995803833,8.020000457763672,8.289999961853027,267800.0
2015-01-21,6.964449882507324,8.199999809265137,8.300000190734863,7.929999828338623,8.050000190734863,310400.0
2015-01-22,6.098139762878418,7.179999828338623,8.680000305175781,7.050000190734863,8.260000228881836,1700800.0
2015-01-23,6.3359503746032715,7.460000038146973,7.510000228881836,6.949999809265137,7.0,954100.0
2015-01-26,6.463348388671875,7.610000133514404,7.650000095367432,7.21999979019165,7.21999979019165,535100.0
2015-01-27,6.7266387939453125,7.920000076293945,7.980000019073486,7.329999923706055,7.329999923706055,514000.0
2015-01-28,6.658693790435791,7.840000152587891,8.130000114440918,7.400000095367432,7.949999809265137,572100.0
2015-01-29,6.989928722381592,8.229999542236328,8.260000228881836,7.699999809265137,7.809999942779541,675000.0
2015-01-30,6.89650297164917,8.119999885559082,8.25,7.829999923706055,8.0,613000.0
2015-02-02,6.6926655769348145,7.880000114440918,8.170000076293945,7.809999942779541,8.109999656677246,489300.0
2015-02-03,7.168285846710205,8.4399995803833,8.460000038146973,7.699999809265137,7.909999847412109,674300.0
2015-02-04,7.142807483673096,8.40999984741211,8.489999771118164,8.220000267028809,8.430000305175781,261700.0
2015-02-05,7.372124195098877,8.680000305175781,8.729999542236328,8.170000076293945,8.449999809265137,409900.0
2015-02-06,7.083354949951172,8.34000015258789,8.75,8.25,8.739999771118164,376500.0
2015-02-09,7.125820636749268,8.390000343322754,8.579999923706055,8.210000038146973,8.300000190734863,387200.0
2015-02-10,7.176779270172119,8.449999809265137,8.569999694824219,8.329999923706055,8.470000267028809,241400.0
2015-02-11,7.278698921203613,8.569999694824219,8.619999885559082,8.359999656677246,8.390000343322754,235100.0
2015-02-12,7.5080156326293945,8.84000015258789,8.899999618530273,8.579999923706055,8.680000305175781,475800.0
2015-02-13,7.278698921203613,8.569999694824219,8.899999618530273,8.550000190734863,8.819999694824219,438400.0
2015-02-17,8.790494918823242,10.350000381469727,10.5,7.860000133514404,8.300000190734863,2301300.0
2015-02-18,9.580363273620605,11.279999732971191,11.279999732971191,9.899999618530273,10.25,1348500.0
2015-02-19,9.283101081848145,10.930000305175781,11.170000076293945,10.5600004196167,11.029999732971191,760600.0
2015-02-20,9.42748737335205,11.100000381469727,11.15999984741211,10.680000305175781,10.949999809265137,608900.0
2015-02-23,9.724748611450195,11.449999809265137,11.640000343322754,10.789999961853027,11.029999732971191,672300.0
2015-02-24,9.588857650756836,11.289999961853027,11.59000015258789,11.210000038146973,11.470000267028809,360600.0
2015-02-25,9.249128341674805,10.890000343322754,11.470000267028809,10.84000015258789,11.239999771118164,611900.0
2015-02-26,9.588857650756836,11.289999961853027,11.380000114440918,10.819999694824219,10.84000015258789,403000.0
2015-02-27,9.376527786254883,11.039999961853027,11.300000190734863,10.960000038146973,11.25,364800.0
2015-03-02,9.104743957519531,10.720000267028809,11.210000038146973,10.640000343322754,11.020000457763672,594900.0
2015-03-03,8.866930961608887,10.4399995803833,10.859999656677246,10.3100004196167,10.640000343322754,721300.0
2015-03-04,8.841452598571777,10.40999984741211,10.720000267028809,10.229999542236328,10.399999618530273,412000.0
2015-03-05,9.300087928771973,10.949999809265137,11.020000457763672,10.630000114440918,10.640000343322754,444700.0
2015-03-06,9.189674377441406,10.819999694824219,11.180000305175781,10.800000190734863,10.890000343322754,267300.0
2015-03-09,9.070769309997559,10.680000305175781,10.9399995803833,10.630000114440918,10.800000190734863,214000.0
2015-03-10,8.892412185668945,10.470000267028809,10.699999809265137,10.380000114440918,10.539999961853027,350600.0
2015-03-11,8.83296012878418,10.399999618530273,10.5600004196167,10.3100004196167,10.510000228881836,224200.0
2015-03-12,9.147209167480469,10.770000457763672,10.779999732971191,10.470000267028809,10.489999771118164,237200.0
2015-03-13,9.130221366882324,10.75,11.050000190734863,10.720000267028809,10.720000267028809,265900.0
2015-03-16,9.435979843139648,11.109999656677246,11.199999809265137,10.75,10.84000015258789,295600.0
2015-03-17,9.724748611450195,11.449999809265137,11.489999771118164,10.920000076293945,11.029999732971191,379000.0
2015-03-18,9.325566291809082,10.979999542236328,11.34000015258789,10.6899995803833,11.34000015258789,304000.0
2015-03-19,9.181181907653809,10.8100004196167,11.069999694824219,10.75,10.890000343322754,258600.0
2015-03-20,9.622830390930176,11.329999923706055,11.359999656677246,10.84000015258789,10.84000015258789,491400.0
2015-03-23,9.724748611450195,11.449999809265137,11.600000381469727,11.15999984741211,11.260000228881836,374300.0
2015-03-24,9.860641479492188,11.609999656677246,11.630000114440918,11.300000190734863,11.420000076293945,333300.0
2015-03-25,9.860641479492188,11.609999656677246,11.75,11.5,11.600000381469727,527400.0
2015-03-26,9.818175315856934,11.5600004196167,11.640000343322754,11.180000305175781,11.579999923706055,431700.0
2015-03-27,9.920092582702637,11.680000305175781,11.729999542236328,11.489999771118164,11.539999961853027,262200.0
2015-03-30,10.438179969787598,12.289999961853027,12.550000190734863,11.699999809265137,11.729999542236328,559600.0
2015-03-31,10.285301208496094,12.109999656677246,12.380000114440918,12.079999923706055,12.239999771118164,297700.0
2015-04-01,9.96255874633789,11.729999542236328,12.270000457763672,11.510000228881836,12.020000457763672,331300.0
2015-04-02,10.438179969787598,12.289999961853027,12.420000076293945,11.680000305175781,11.720000267028809,442300.0
2015-04-06,10.54010009765625,12.40999984741211,12.539999961853027,11.9399995803833,12.130000114440918,294800.0
2015-04-07,10.625031471252441,12.510000228881836,12.630000114440918,12.260000228881836,12.399999618530273,230500.0
2015-04-08,10.828868865966797,12.75,12.920000076293945,12.449999809265137,12.539999961853027,328700.0
2015-04-09,10.718456268310547,12.619999885559082,12.850000381469727,11.75,12.729999542236328,142700.0
2015-04-10,10.650510787963867,12.539999961853027,12.779999732971191,12.399999618530273,12.6899995803833,168600.0
2015-04-13,10.769417762756348,12.680000305175781,12.770000457763672,12.399999618530273,12.5,200500.0
2015-04-14,10.70996379852295,12.609999656677246,12.800000190734863,12.420000076293945,12.720000267028809,288700.0
2015-04-15,10.811882972717285,12.729999542236328,12.930000305175781,12.5600004196167,12.65999984741211,194900.0
2015-04-16,11.058185577392578,13.020000457763672,13.050000190734863,12.699999809265137,12.739999771118164,249500.0
2015-04-17,10.667499542236328,12.5600004196167,13.140000343322754,12.460000038146973,12.899999618530273,365500.0
2015-04-20,10.667499542236328,12.5600004196167,12.789999961853027,12.3100004196167,12.600000381469727,446800.0
2015-04-21,12.612447738647461,14.850000381469727,14.90999984741211,13.069999694824219,13.069999694824219,3654200.0
2015-04-22,12.332170486450195,14.520000457763672,15.100000381469727,14.460000038146973,14.930000305175781,1275100.0
2015-04-23,12.043401718139648,14.180000305175781,14.699999809265137,14.15999984741211,14.529999732971191,1142900.0
2015-04-24,11.899017333984375,14.010000228881836,14.380000114440918,13.880000114440918,14.1899995803833,784000.0
2015-04-27,11.873537063598633,13.979999542236328,14.40999984741211,13.880000114440918,13.989999771118164,489400.0
2015-04-28,11.788603782653809,13.880000114440918,14.140000343322754,13.680000305175781,13.899999618530273,500100.0
2015-04-29,11.168598175048828,13.149999618530273,13.829999923706055,13.079999923706055,13.739999771118164,732600.0
2015-04-30,11.01572036743164,12.970000267028809,13.3100004196167,12.800000190734863,13.119999885559082,574100.0
2015-05-01,10.871335983276367,12.800000190734863,13.140000343322754,12.5,13.039999961853027,509300.0
2015-05-04,11.601750373840332,13.65999984741211,13.850000381469727,12.8100004196167,12.819999694824219,640000.0
2015-05-05,11.55079460144043,13.600000381469727,13.829999923706055,13.260000228881836,13.579999923706055,531100.0
2015-05-06,11.525313377380371,13.569999694824219,13.609999656677246,13.270000457763672,13.609999656677246,255400.0
2015-05-07,11.669697761535645,13.739999771118164,13.979999542236328,13.510000228881836,13.529999732971191,775000.0
2015-05-08,11.610245704650879,13.670000076293945,14.0,13.649999618530273,13.880000114440918,554500.0
2015-05-11,11.329968452453613,13.34000015258789,13.930000305175781,13.319999694824219,13.649999618530273,289600.0
2015-05-12,11.346956253051758,13.359999656677246,13.550000190734863,13.050000190734863,13.289999961853027,285400.0
2015-05-13,11.08366584777832,13.050000190734863,13.489999771118164,13.029999732971191,13.40999984741211,281700.0
2015-05-14,11.355448722839355,13.369999885559082,13.59000015258789,12.880000114440918,13.0600004196167,621100.0
2015-05-15,11.423395156860352,13.449999809265137,13.539999961853027,13.3100004196167,13.420000076293945,682100.0
2015-05-18,11.618739128112793,13.680000305175781,13.859999656677246,13.4399995803833,13.529999732971191,310800.0
2015-05-19,11.270519256591797,13.270000457763672,13.739999771118164,13.109999656677246,13.710000038146973,211700.0
2015-05-20,10.998734474182129,12.949999809265137,13.40999984741211,12.880000114440918,13.279999732971191,195300.0
2015-05-21,10.625031471252441,12.510000228881836,12.970000267028809,12.470000267028809,12.90999984741211,293500.0
2015-05-22,10.692976951599121,12.59000015258789,12.800000190734863,12.329999923706055,12.5,289800.0
2015-05-26,10.412699699401855,12.260000228881836,12.600000381469727,12.180000305175781,12.539999961853027,187700.0
2015-05-27,10.480647087097168,12.34000015258789,12.4399995803833,12.010000228881836,12.25,243100.0
2015-05-28,10.506125450134277,12.369999885559082,12.539999961853027,11.960000038146973,12.270000457763672,312000.0
2015-05-29,10.591060638427734,12.470000267028809,12.5,12.170000076293945,12.329999923706055,364700.0
2015-06-01,10.667499542236328,12.5600004196167,12.75,12.350000381469727,12.510000228881836,263300.0
2015-06-02,10.913800239562988,12.850000381469727,12.890000343322754,12.510000228881836,12.510000228881836,177500.0
2015-06-03,11.18558406829834,13.170000076293945,13.1899995803833,12.859999656677246,12.899999618530273,188200.0
2015-06-04,11.100651741027832,13.069999694824219,13.149999618530273,12.970000267028809,13.010000228881836,173500.0
2015-06-05,11.049692153930664,13.010000228881836,13.140000343322754,12.859999656677246,13.029999732971191,160300.0
2015-06-08,11.321476936340332,13.329999923706055,13.579999923706055,12.970000267028809,12.979999542236328,354400.0
2015-06-09,11.44887638092041,13.479999542236328,13.550000190734863,13.010000228881836,13.359999656677246,285400.0
2015-06-10,11.797097206115723,13.890000343322754,14.130000114440918,13.529999732971191,13.550000190734863,424600.0
2015-06-11,12.306689262390137,14.489999771118164,14.5,13.899999618530273,13.899999618530273,508800.0
2015-06-12,12.391622543334961,14.59000015258789,14.619999885559082,14.329999923706055,14.479999542236328,251600.0
2015-06-15,12.34066390991211,14.529999732971191,14.789999961853027,14.239999771118164,14.529999732971191,321300.0
2015-06-16,12.408609390258789,14.609999656677246,14.630000114440918,13.600000381469727,14.430000305175781,195600.0
2015-06-17,12.52751350402832,14.75,14.899999618530273,14.5600004196167,14.630000114440918,200200.0
2015-06-18,12.502036094665527,14.720000267028809,14.989999771118164,14.670000076293945,14.779999732971191,180400.0
2015-06-19,12.417102813720703,14.619999885559082,14.899999618530273,14.609999656677246,14.75,590900.0
2015-06-22,12.620940208435059,14.859999656677246,14.90999984741211,14.640000343322754,14.649999618530273,214100.0
2015-06-23,12.629434585571289,14.869999885559082,14.960000038146973,14.75,14.850000381469727,112400.0
2015-06-24,12.637928009033203,14.880000114440918,14.970000267028809,14.710000038146973,14.899999618530273,175300.0
2015-06-25,12.654911994934082,14.899999618530273,14.989999771118164,14.680000305175781,14.930000305175781,202800.0
2015-06-26,12.909710884094238,15.199999809265137,15.25,14.680000305175781,14.979999542236328,654000.0
2015-06-29,12.264225006103516,14.4399995803833,15.09000015258789,14.25,15.0,209100.0
2015-06-30,12.051895141601562,14.1899995803833,14.529999732971191,14.140000343322754,14.529999732971191,187300.0
2015-07-01,12.13682746887207,14.289999961853027,14.470000267028809,14.039999961853027,14.260000228881836,242000.0
2015-07-02,11.873537063598633,13.979999542236328,14.34000015258789,13.850000381469727,14.300000190734863,360100.0
2015-07-06,11.805587768554688,13.899999618530273,14.050000190734863,13.600000381469727,13.720000267028809,224600.0
2015-07-07,11.695178031921387,13.770000457763672,13.930000305175781,13.460000038146973,13.890000343322754,228700.0
2015-07-08,11.08366584777832,13.050000190734863,13.819999694824219,12.880000114440918,13.640000343322754,293800.0
2015-07-09,11.457366943359375,13.489999771118164,13.649999618530273,13.069999694824219,13.239999771118164,221500.0
2015-07-10,11.941482543945312,14.0600004196167,14.149999618530273,13.539999961853027,13.649999618530273,359000.0
2015-07-13,11.98394775390625,14.109999656677246,14.270000457763672,13.970000267028809,14.199999809265137,408000.0
2015-07-14,12.051895141601562,14.1899995803833,14.350000381469727,13.949999809265137,14.050000190734863,212500.0
2015-07-15,12.068880081176758,14.210000038146973,14.399999618530273,13.930000305175781,14.140000343322754,271200.0
2015-07-16,12.298196792602539,14.479999542236328,14.539999961853027,14.25,14.3100004196167,174900.0
2015-07-17,12.230252265930176,14.399999618530273,14.569999694824219,14.329999923706055,14.550000190734863,195400.0
2015-07-20,12.400116920471191,14.600000381469727,14.859999656677246,14.300000190734863,14.359999656677246,520200.0
2015-07-21,11.695178031921387,13.770000457763672,15.0,12.890000343322754,14.729999542236328,1965800.0
2015-07-22,12.255733489990234,14.430000305175781,14.609999656677246,13.649999618530273,13.649999618530273,931400.0
2015-07-23,12.27271842956543,14.449999809265137,14.970000267028809,14.1899995803833,14.4399995803833,424700.0
2015-07-24,11.814085006713867,13.90999984741211,14.609999656677246,13.899999618530273,14.399999618530273,189700.0
2015-07-27,11.593260765075684,13.649999618530273,13.9399995803833,13.5,13.880000114440918,356300.0
2015-07-28,11.542301177978516,13.59000015258789,13.970000267028809,13.489999771118164,13.760000228881836,231100.0
2015-07-29,11.635725975036621,13.699999809265137,13.880000114440918,13.520000457763672,13.59000015258789,249600.0
2015-07-30,11.839563369750977,13.9399995803833,14.210000038146973,13.640000343322754,13.649999618530273,209600.0
2015-07-31,12.12833309173584,14.279999732971191,14.329999923706055,13.760000228881836,14.0,244700.0
2015-08-03,11.839563369750977,13.9399995803833,14.40999984741211,13.75,14.239999771118164,286400.0
2015-08-04,11.822577476501465,13.920000076293945,14.449999809265137,13.880000114440918,13.90999984741211,168000.0
2015-08-05,11.703672409057617,13.779999732971191,14.260000228881836,13.75,13.970000267028809,213200.0
2015-08-06,11.601750373840332,13.65999984741211,13.9399995803833,13.5,13.75,275900.0
2015-08-07,11.797097206115723,13.890000343322754,14.119999885559082,13.529999732971191,13.630000114440918,281500.0
2015-08-10,11.355448722839355,13.369999885559082,14.050000190734863,13.210000038146973,13.930000305175781,608100.0
2015-08-11,11.380929946899414,13.399999618530273,13.869999885559082,13.3100004196167,13.319999694824219,351800.0
2015-08-12,11.525313377380371,13.569999694824219,13.789999961853027,13.079999923706055,13.229999542236328,318200.0
2015-08-13,11.44887638092041,13.479999542236328,14.180000305175781,13.470000267028809,13.630000114440918,349000.0
2015-08-14,11.890521049499512,14.0,14.029999732971191,13.319999694824219,13.420000076293945,188500.0
2015-08-17,12.017921447753906,14.149999618530273,14.260000228881836,13.59000015258789,13.890000343322754,255400.0
2015-08-18,11.695178031921387,13.770000457763672,14.270000457763672,13.640000343322754,14.229999542236328,211900.0
2015-08-19,11.253531455993652,13.25,13.850000381469727,13.229999542236328,13.850000381469727,231900.0
2015-08-20,10.57406997680664,12.449999809265137,13.289999961853027,12.4399995803833,13.09000015258789,314100.0
2015-08-21,10.57406997680664,12.449999809265137,13.020000457763672,12.15999984741211,12.270000457763672,1828600.0
2015-08-24,10.123930931091309,11.920000076293945,12.40999984741211,11.319999694824219,11.779999732971191,466500.0
2015-08-25,9.886120796203613,11.640000343322754,12.380000114440918,11.5600004196167,12.380000114440918,303900.0
2015-08-26,10.191875457763672,12.0,12.039999961853027,11.5600004196167,12.010000228881836,680500.0
2015-08-27,10.191875457763672,12.0,12.039999961853027,11.760000228881836,12.029999732971191,596600.0
2015-08-28,10.183382987976074,11.989999771118164,12.029999732971191,11.90999984741211,11.930000305175781,649300.0
2015-08-31,10.10694408416748,11.899999618530273,12.109999656677246,11.789999961853027,11.789999961853027,485500.0
2015-09-01,9.92858600616455,11.6899995803833,11.979999542236328,11.619999885559082,11.720000267028809,236900.0
2015-09-02,10.404207229614258,12.25,12.289999961853027,11.850000381469727,12.010000228881836,1094400.0
2015-09-03,10.489140510559082,12.350000381469727,12.579999923706055,12.15999984741211,12.25,685500.0
2015-09-04,10.625031471252441,12.510000228881836,12.529999732971191,12.270000457763672,12.270000457763672,219000.0
2015-09-08,10.854349136352539,12.779999732971191,13.09000015258789,12.649999618530273,12.649999618530273,277000.0
2015-09-09,10.489140510559082,12.350000381469727,12.899999618530273,12.3100004196167,12.829999923706055,196600.0
2015-09-10,10.438179969787598,12.289999961853027,12.529999732971191,12.229999542236328,12.260000228881836,171200.0
2015-09-11,10.421194076538086,12.270000457763672,12.279999732971191,11.779999732971191,12.199999809265137,217500.0
2015-09-14,10.616538047790527,12.5,12.539999961853027,12.119999885559082,12.289999961853027,195300.0
2015-09-15,10.743935585021973,12.649999618530273,12.789999961853027,12.420000076293945,12.470000267028809,313400.0
2015-09-16,11.245035171508789,13.239999771118164,13.319999694824219,12.569999694824219,12.630000114440918,322200.0
2015-09-17,11.33846378326416,13.350000381469727,13.600000381469727,12.930000305175781,13.15999984741211,204300.0
2015-09-18,11.134625434875488,13.109999656677246,13.350000381469727,12.8100004196167,13.1899995803833,516500.0
2015-09-21,11.287503242492676,13.289999961853027,13.539999961853027,13.050000190734863,13.329999923706055,763000.0
2015-09-22,11.024212837219238,12.979999542236328,13.050000190734863,12.579999923706055,13.0,658600.0
2015-09-23,11.01572036743164,12.970000267028809,13.130000114440918,12.819999694824219,13.029999732971191,269700.0
2015-09-24,11.00722599029541,12.960000038146973,12.960000038146973,12.609999656677246,12.880000114440918,147300.0
2015-09-25,10.565577507019043,12.4399995803833,13.010000228881836,12.40999984741211,13.0,196800.0
2015-09-28,10.302288055419922,12.130000114440918,12.529999732971191,12.069999694824219,12.470000267028809,343900.0
2015-09-29,10.132423400878906,11.930000305175781,12.449999809265137,11.770000457763672,12.170000076293945,449300.0
2015-09-30,10.17488956451416,11.979999542236328,12.300000190734863,11.850000381469727,12.100000381469727,249000.0
2015-10-01,10.302288055419922,12.130000114440918,12.210000038146973,11.890000343322754,12.010000228881836,200200.0
2015-10-02,10.531607627868652,12.399999618530273,12.470000267028809,11.670000076293945,11.920000076293945,173300.0
2015-10-05,10.675992012023926,12.569999694824219,12.710000038146973,12.420000076293945,12.510000228881836,306900.0
2015-10-06,10.582564353942871,12.460000038146973,12.579999923706055,12.399999618530273,12.579999923706055,256300.0
2015-10-07,10.616538047790527,12.5,12.649999618530273,12.420000076293945,12.5,290000.0
2015-10-08,10.743935585021973,12.649999618530273,12.760000228881836,12.470000267028809,12.489999771118164,661700.0
2015-10-09,10.70996379852295,12.609999656677246,12.770000457763672,12.5600004196167,12.65999984741211,462900.0
2015-10-12,10.684483528137207,12.579999923706055,12.609999656677246,11.8100004196167,12.59000015258789,323800.0
2015-10-13,10.582564353942871,12.460000038146973,12.770000457763672,12.40999984741211,12.529999732971191,306600.0
2015-10-14,10.608044624328613,12.489999771118164,13.25,12.369999885559082,12.479999542236328,855600.0
2015-10-15,11.397915840148926,13.420000076293945,13.8100004196167,12.5600004196167,12.5600004196167,759800.0
2015-10-16,11.22805118560791,13.220000267028809,13.59000015258789,12.979999542236328,13.479999542236328,415800.0
2015-10-19,11.08366584777832,13.050000190734863,13.420000076293945,12.890000343322754,13.109999656677246,867800.0
2015-10-20,12.688885688781738,14.9399995803833,15.15999984741211,14.119999885559082,14.550000190734863,3037800.0
2015-10-21,12.332170486450195,14.520000457763672,15.109999656677246,14.420000076293945,15.050000190734863,598700.0
2015-10-22,12.442582130432129,14.649999618530273,14.949999809265137,14.550000190734863,14.729999542236328,510600.0
2015-10-23,12.391622543334961,14.59000015258789,14.8100004196167,14.369999885559082,14.8100004196167,373100.0
2015-10-26,12.306689262390137,14.489999771118164,14.770000457763672,14.390000343322754,14.65999984741211,295800.0
2015-10-27,11.873537063598633,13.979999542236328,14.710000038146973,13.699999809265137,14.539999961853027,315400.0
2015-10-28,12.077375411987305,14.220000267028809,14.319999694824219,13.90999984741211,14.09000015258789,304400.0
2015-10-29,12.077375411987305,14.220000267028809,14.399999618530273,13.899999618530273,14.140000343322754,411600.0
2015-10-30,12.323678016662598,14.510000228881836,14.539999961853027,14.15999984741211,14.229999542236328,490100.0
2015-11-02,12.519021987915039,14.739999771118164,14.829999923706055,14.489999771118164,14.489999771118164,374800.0
2015-11-03,13.079573631286621,15.399999618530273,15.6899995803833,14.539999961853027,14.680000305175781,1008200.0
2015-11-04,13.308892250061035,15.670000076293945,15.899999618530273,15.270000457763672,15.449999809265137,388300.0
2015-11-05,13.334372520446777,15.699999809265137,15.760000228881836,15.260000228881836,15.699999809265137,360300.0
2015-11-06,13.04560375213623,15.359999656677246,15.819999694824219,15.34000015258789,15.640000343322754,298600.0
2015-11-09,12.654911994934082,14.899999618530273,15.5600004196167,14.600000381469727,15.369999885559082,1338000.0
2015-11-10,12.816286087036133,15.09000015258789,15.239999771118164,14.859999656677246,14.890000343322754,424100.0
2015-11-11,12.739846229553223,15.0,15.3100004196167,14.859999656677246,15.15999984741211,344500.0
2015-11-12,12.544501304626465,14.770000457763672,15.130000114440918,14.699999809265137,14.850000381469727,475400.0
2015-11-13,12.153814315795898,14.3100004196167,14.720000267028809,14.239999771118164,14.6899995803833,345800.0
2015-11-16,12.485048294067383,14.699999809265137,14.760000228881836,14.25,14.25,412000.0
2015-11-17,12.671900749206543,14.920000076293945,14.949999809265137,14.5,14.770000457763672,490600.0
2015-11-18,13.2069730758667,15.550000190734863,15.59000015258789,14.800000190734863,14.9399995803833,464600.0
2015-11-19,13.308892250061035,15.670000076293945,15.729999542236328,15.359999656677246,15.550000190734863,407200.0
2015-11-20,13.809992790222168,16.260000228881836,16.290000915527344,15.649999618530273,15.779999732971191,883000.0
2015-11-23,14.40451717376709,16.959999084472656,16.989999771118164,16.270000457763672,16.329999923706055,712100.0
2015-11-24,14.302599906921387,16.84000015258789,17.110000610351562,16.760000228881836,16.8700008392334,416400.0
2015-11-25,14.45547866821289,17.020000457763672,17.31999969482422,16.799999237060547,16.940000534057617,510600.0
2015-11-27,14.710275650024414,17.31999969482422,17.5,17.020000457763672,17.09000015258789,270700.0
2015-11-30,14.387533187866211,16.940000534057617,17.5,16.81999969482422,17.5,585800.0
2015-12-01,14.446985244750977,17.010000228881836,17.1299991607666,16.739999771118164,17.1200008392334,704100.0
2015-12-02,14.446985244750977,17.010000228881836,17.25,16.899999618530273,17.020000457763672,268300.0
2015-12-03,14.353558540344238,16.899999618530273,17.219999313354492,16.639999389648438,17.040000915527344,351400.0
2015-12-04,14.54890251159668,17.1299991607666,17.219999313354492,16.829999923706055,16.90999984741211,563100.0
2015-12-07,14.302599906921387,16.84000015258789,17.06999969482422,16.520000457763672,17.049999237060547,487400.0
2015-12-08,14.472465515136719,17.040000915527344,17.299999237060547,16.579999923706055,16.709999084472656,262800.0
2015-12-09,14.209174156188965,16.729999542236328,17.389999389648438,16.479999542236328,17.059999465942383,263300.0
2015-12-10,13.945884704589844,16.420000076293945,16.920000076293945,16.219999313354492,16.579999923706055,540600.0
2015-12-11,13.809992790222168,16.260000228881836,16.479999542236328,16.06999969482422,16.06999969482422,300400.0
2015-12-14,13.512730598449707,15.90999984741211,16.25,15.470000267028809,16.209999084472656,401400.0
2015-12-15,13.249438285827637,15.600000381469727,16.040000915527344,15.569999694824219,16.020000457763672,281300.0
2015-12-16,13.809992790222168,16.260000228881836,16.299999237060547,15.34000015258789,15.680000305175781,344500.0
2015-12-17,13.580676078796387,15.989999771118164,16.34000015258789,15.729999542236328,16.34000015258789,387900.0
2015-12-18,13.648621559143066,16.06999969482422,16.149999618530273,15.8100004196167,15.989999771118164,558700.0
2015-12-21,13.809992790222168,16.260000228881836,16.719999313354492,15.949999809265137,16.610000610351562,580000.0
2015-12-22,13.674103736877441,16.100000381469727,16.350000381469727,15.710000038146973,16.350000381469727,230500.0
2015-12-23,14.064788818359375,16.559999465942383,16.600000381469727,15.989999771118164,16.219999313354492,223600.0
2015-12-24,14.107257843017578,16.610000610351562,16.719999313354492,16.489999771118164,16.649999618530273,157700.0
2015-12-28,14.226161003112793,16.75,16.790000915527344,16.3799991607666,16.600000381469727,213700.0
2015-12-29,14.226161003112793,16.75,17.010000228881836,16.579999923706055,16.81999969482422,258600.0
2015-12-30,14.54890251159668,17.1299991607666,17.200000762939453,16.68000030517578,16.709999084472656,377500.0
2015-12-31,13.928899765014648,16.399999618530273,17.200000762939453,16.3799991607666,17.020000457763672,379900.0
2016-01-04,13.606158256530762,16.020000457763672,16.290000915527344,15.65999984741211,16.15999984741211,518000.0
2016-01-05,13.852457046508789,16.309999465942383,16.440000534057617,16.0,16.110000610351562,262300.0
2016-01-06,13.538208961486816,15.9399995803833,16.260000228881836,15.770000457763672,15.979999542236328,354100.0
2016-01-07,13.648621559143066,16.06999969482422,16.06999969482422,15.59000015258789,15.609999656677246,511200.0
2016-01-08,13.402318000793457,15.779999732971191,16.34000015258789,15.75,16.09000015258789,521600.0
2016-01-11,13.648621559143066,16.06999969482422,16.1200008392334,15.770000457763672,15.8100004196167,307400.0
2016-01-12,13.495744705200195,15.890000343322754,16.6299991607666,15.170000076293945,16.15999984741211,751500.0
2016-01-13,12.833271980285645,15.109999656677246,16.209999084472656,15.0,15.970000267028809,447100.0
2016-01-14,13.181493759155273,15.520000457763672,15.75,14.850000381469727,15.199999809265137,441000.0
2016-01-15,12.841766357421875,15.119999885559082,15.329999923706055,14.930000305175781,15.039999961853027,503500.0
2016-01-19,12.884230613708496,15.170000076293945,15.380000114440918,15.050000190734863,15.300000190734863,450900.0
2016-01-20,12.586967468261719,14.819999694824219,15.199999809265137,14.420000076293945,14.90999984741211,698400.0
2016-01-21,12.519021987915039,14.739999771118164,15.15999984741211,14.65999984741211,14.84000015258789,330400.0
2016-01-22,12.935190200805664,15.229999542236328,15.359999656677246,14.670000076293945,14.930000305175781,262800.0
2016-01-25,12.739846229553223,15.0,15.359999656677246,14.899999618530273,15.199999809265137,239700.0
2016-01-26,12.85025691986084,15.130000114440918,15.300000190734863,14.84000015258789,15.0,240100.0
2016-01-27,12.79080581665039,15.0600004196167,15.369999885559082,14.819999694824219,15.109999656677246,239300.0
2016-01-28,12.52751350402832,14.75,15.289999961853027,14.680000305175781,15.239999771118164,159200.0
2016-01-29,12.833271980285645,15.109999656677246,15.140000343322754,14.699999809265137,14.720000267028809,279200.0
2016-02-01,12.697381019592285,14.949999809265137,15.130000114440918,14.600000381469727,14.890000343322754,535300.0
2016-02-02,12.92669677734375,15.220000267028809,15.3100004196167,14.569999694824219,14.829999923706055,334800.0
2016-02-03,11.890521049499512,14.0,15.359999656677246,13.739999771118164,15.329999923706055,418900.0
2016-02-04,11.601750373840332,13.65999984741211,14.210000038146973,13.550000190734863,13.899999618530273,619100.0
2016-02-05,10.947775840759277,12.890000343322754,13.670000076293945,12.850000381469727,13.520000457763672,604900.0
2016-02-08,11.08366584777832,13.050000190734863,13.130000114440918,12.399999618530273,12.770000457763672,362500.0
2016-02-09,10.862842559814453,12.789999961853027,13.3100004196167,12.710000038146973,12.90999984741211,160100.0
2016-02-10,10.956266403198242,12.899999618530273,13.279999732971191,12.819999694824219,12.890000343322754,185600.0
2016-02-11,10.726951599121094,12.630000114440918,12.789999961853027,12.449999809265137,12.699999809265137,216800.0
2016-02-12,11.312983512878418,13.319999694824219,13.329999923706055,12.479999542236328,12.770000457763672,432100.0
2016-02-16,11.066678047180176,13.029999732971191,13.5600004196167,12.550000190734863,13.180000305175781,823500.0
2016-02-17,11.194077491760254,13.180000305175781,13.649999618530273,12.899999618530273,13.170000076293945,841100.0
2016-02-18,11.17708969116211,13.15999984741211,13.229999542236328,12.869999885559082,13.130000114440918,303800.0
2016-02-19,11.262022972106934,13.260000228881836,13.260000228881836,12.84000015258789,13.09000015258789,261000.0
2016-02-22,11.253531455993652,13.25,13.550000190734863,12.960000038146973,13.3100004196167,555000.0
2016-02-23,11.29599666595459,13.300000190734863,13.319999694824219,13.069999694824219,13.109999656677246,707400.0
2016-02-24,10.973252296447754,12.920000076293945,13.270000457763672,12.65999984741211,13.199999809265137,357300.0
2016-02-25,11.151611328125,13.130000114440918,13.140000343322754,12.729999542236328,12.890000343322754,218400.0
2016-02-26,11.168598175048828,13.149999618530273,13.350000381469727,12.739999771118164,13.180000305175781,241200.0
2016-02-29,10.718456268310547,12.619999885559082,13.270000457763672,12.569999694824219,13.039999961853027,544100.0
2016-03-01,10.888319969177246,12.819999694824219,12.970000267028809,12.569999694824219,12.699999809265137,636700.0
2016-03-02,10.854349136352539,12.779999732971191,12.920000076293945,12.550000190734863,12.800000190734863,591500.0
2016-03-03,11.30449104309082,13.3100004196167,13.529999732971191,12.649999618530273,12.779999732971191,505600.0
2016-03-04,11.380929946899414,13.399999618530273,13.630000114440918,13.1899995803833,13.329999923706055,325000.0
2016-03-07,11.18558406829834,13.170000076293945,13.550000190734863,13.069999694824219,13.289999961853027,373800.0
2016-03-08,10.760923385620117,12.670000076293945,13.239999771118164,12.550000190734863,13.029999732971191,441400.0
2016-03-09,12.306689262390137,14.489999771118164,14.6899995803833,12.970000267028809,12.989999771118164,905500.0
2016-03-10,11.865044593811035,13.970000267028809,14.640000343322754,13.739999771118164,14.489999771118164,343700.0
2016-03-11,11.856548309326172,13.960000038146973,14.630000114440918,13.720000267028809,14.180000305175781,364300.0
2016-03-14,11.7631254196167,13.850000381469727,14.199999809265137,13.59000015258789,13.890000343322754,417300.0
2016-03-15,11.635725975036621,13.699999809265137,13.880000114440918,13.5600004196167,13.6899995803833,361300.0
2016-03-16,11.848055839538574,13.949999809265137,13.960000038146973,13.59000015258789,13.6899995803833,259400.0
2016-03-17,11.975456237792969,14.100000381469727,14.1899995803833,13.479999542236328,13.90999984741211,278500.0
2016-03-18,12.16230583190918,14.319999694824219,14.350000381469727,13.979999542236328,14.130000114440918,305000.0
2016-03-21,12.111346244812012,14.260000228881836,14.420000076293945,14.109999656677246,14.229999542236328,215800.0
2016-03-22,12.315184593200684,14.5,14.59000015258789,14.140000343322754,14.140000343322754,222400.0
2016-03-23,12.332170486450195,14.520000457763672,14.6899995803833,14.390000343322754,14.399999618530273,396900.0
2016-03-24,12.332170486450195,14.520000457763672,14.520000457763672,14.069999694824219,14.369999885559082,348600.0
2016-03-28,12.357650756835938,14.550000190734863,14.789999961853027,14.40999984741211,14.479999542236328,167300.0
2016-03-29,12.688885688781738,14.9399995803833,14.970000267028809,14.539999961853027,14.539999961853027,186100.0
2016-03-30,12.722859382629395,14.979999542236328,15.149999618530273,14.90999984741211,14.979999542236328,218600.0
2016-03-31,12.663407325744629,14.90999984741211,15.069999694824219,14.800000190734863,14.9399995803833,266800.0
2016-04-01,13.181493759155273,15.520000457763672,15.6899995803833,14.789999961853027,14.829999923706055,269200.0
2016-04-04,12.85025691986084,15.130000114440918,15.59000015258789,14.949999809265137,15.569999694824219,256100.0
2016-04-05,13.011628150939941,15.319999694824219,15.539999961853027,14.529999732971191,15.079999923706055,330400.0
2016-04-06,13.478757858276367,15.869999885559082,15.949999809265137,15.539999961853027,15.539999961853027,276100.0
2016-04-07,13.223958969116211,15.569999694824219,15.920000076293945,15.34000015258789,15.779999732971191,408200.0
2016-04-08,13.342865943908691,15.710000038146973,15.949999809265137,15.34000015258789,15.739999771118164,207700.0
2016-04-11,13.079573631286621,15.399999618530273,15.970000267028809,15.380000114440918,15.829999923706055,192100.0
2016-04-12,13.240946769714355,15.59000015258789,15.880000114440918,15.34000015258789,15.479999542236328,184000.0
2016-04-13,13.563688278198242,15.970000267028809,16.09000015258789,15.640000343322754,15.640000343322754,468200.0
2016-04-14,13.674103736877441,16.100000381469727,16.190000534057617,15.899999618530273,16.040000915527344,252200.0
2016-04-15,13.869446754455566,16.329999923706055,16.40999984741211,15.930000305175781,16.020000457763672,219500.0
2016-04-18,13.546703338623047,15.949999809265137,16.510000228881836,15.720000267028809,16.200000762939453,983700.0
2016-04-19,15.211376190185547,17.90999984741211,18.469999313354492,17.450000762939453,17.799999237060547,2752100.0
2016-04-20,15.415214538574219,18.149999618530273,18.829999923706055,17.860000610351562,17.8700008392334,1527200.0
2016-04-21,15.653024673461914,18.43000030517578,18.81999969482422,18.06999969482422,18.329999923706055,1003700.0
2016-04-22,15.856861114501953,18.670000076293945,19.010000228881836,18.360000610351562,18.510000228881836,849200.0
2016-04-25,15.211376190185547,17.90999984741211,18.860000610351562,17.889999389648438,18.739999771118164,423300.0
2016-04-26,15.517131805419922,18.270000457763672,18.469999313354492,17.649999618530273,17.950000762939453,924100.0
2016-04-27,15.372746467590332,18.100000381469727,18.5,18.010000228881836,18.40999984741211,375800.0
2016-04-28,15.03302001953125,17.700000762939453,18.420000076293945,17.690000534057617,18.15999984741211,397200.0
2016-04-29,15.151922225952148,17.84000015258789,18.0,17.43000030517578,17.770000457763672,406200.0
2016-05-02,15.185895919799805,17.8799991607666,18.0,17.25,17.829999923706055,733500.0
2016-05-03,15.083978652954102,17.760000228881836,18.020000457763672,17.559999465942383,17.81999969482422,344400.0
2016-05-04,15.126443862915039,17.809999465942383,18.1299991607666,17.579999923706055,17.75,479600.0
2016-05-05,14.778221130371094,17.399999618530273,18.0,17.260000228881836,17.899999618530273,332300.0
2016-05-06,14.820687294006348,17.450000762939453,17.59000015258789,17.270000457763672,17.399999618530273,194900.0
2016-05-09,14.854660034179688,17.489999771118164,17.65999984741211,17.329999923706055,17.3799991607666,257100.0
2016-05-10,15.109456062316895,17.790000915527344,17.90999984741211,17.399999618530273,17.6299991607666,267200.0
2016-05-11,14.7017822265625,17.309999465942383,17.719999313354492,17.309999465942383,17.670000076293945,284500.0
2016-05-12,14.7017822265625,17.309999465942383,17.649999618530273,17.049999237060547,17.440000534057617,247900.0
2016-05-13,14.795207023620605,17.420000076293945,17.639999389648438,17.219999313354492,17.219999313354492,252400.0
2016-05-16,14.956579208374023,17.610000610351562,17.709999084472656,17.209999084472656,17.40999984741211,291300.0
2016-05-17,14.463973045349121,17.030000686645508,17.65999984741211,16.8700008392334,17.6299991607666,427800.0
2016-05-18,14.769728660583496,17.389999389648438,17.6200008392334,16.700000762939453,16.8700008392334,374000.0
2016-05-19,14.718768119812012,17.329999923706055,17.450000762939453,17.020000457763672,17.299999237060547,247600.0
2016-05-20,14.982057571411133,17.639999389648438,17.68000030517578,17.110000610351562,17.450000762939453,212000.0
2016-05-23,15.24534797668457,17.950000762939453,18.200000762939453,17.530000686645508,17.610000610351562,359000.0
2016-05-24,15.313295364379883,18.030000686645508,18.15999984741211,17.600000381469727,18.049999237060547,406000.0
2016-05-25,15.398225784301758,18.1299991607666,18.239999771118164,18.020000457763672,18.06999969482422,173100.0
2016-05-26,15.253840446472168,17.959999084472656,18.209999084472656,17.950000762939453,18.209999084472656,93100.0
2016-05-27,15.432197570800781,18.170000076293945,18.239999771118164,17.8700008392334,17.90999984741211,154000.0
2016-05-31,15.50014591217041,18.25,18.5,18.049999237060547,18.329999923706055,383600.0
2016-06-01,15.678504943847656,18.459999084472656,18.540000915527344,18.110000610351562,18.190000534057617,465100.0
2016-06-02,15.720968246459961,18.510000228881836,18.530000686645508,18.229999542236328,18.350000381469727,286500.0
2016-06-03,15.440693855285645,18.18000030517578,18.450000762939453,17.8700008392334,18.440000534057617,202300.0
2016-06-06,15.678504943847656,18.459999084472656,18.5,18.139999389648438,18.200000762939453,195100.0
2016-06-07,15.71247673034668,18.5,18.600000381469727,18.360000610351562,18.40999984741211,293100.0
2016-06-08,15.737957954406738,18.530000686645508,18.760000228881836,18.31999969482422,18.549999237060547,210300.0
2016-06-09,15.865357398986816,18.68000030517578,19.059999465942383,18.299999237060547,18.389999389648438,345600.0
2016-06-10,15.17740249633789,17.8700008392334,18.59000015258789,17.729999542236328,18.59000015258789,369300.0
2016-06-13,15.372746467590332,18.100000381469727,18.780000686645508,17.799999237060547,18.040000915527344,568900.0
2016-06-14,14.820687294006348,17.450000762939453,18.020000457763672,16.959999084472656,17.989999771118164,499700.0
2016-06-15,15.024527549743652,17.690000534057617,17.959999084472656,17.459999084472656,17.559999465942383,381200.0
2016-06-16,15.347269058227539,18.06999969482422,18.18000030517578,17.469999313354492,17.520000457763672,347000.0
2016-06-17,15.160414695739746,17.850000381469727,18.34000015258789,17.690000534057617,18.09000015258789,1476100.0
2016-06-20,15.60206413269043,18.3700008392334,18.709999084472656,17.799999237060547,18.06999969482422,258200.0
2016-06-21,15.907819747924805,18.729999542236328,18.84000015258789,18.190000534057617,18.3799991607666,408900.0
2016-06-22,16.17960548400879,19.049999237060547,20.0,18.84000015258789,18.860000610351562,954200.0
2016-06-23,16.799612045288086,19.780000686645508,19.790000915527344,19.049999237060547,19.329999923706055,705300.0
2016-06-24,16.604265213012695,19.549999237060547,19.729999542236328,18.639999389648438,19.110000610351562,1224100.0
2016-06-27,16.510841369628906,19.440000534057617,19.489999771118164,18.3799991607666,19.389999389648438,771100.0
2016-06-28,16.21357536315918,19.09000015258789,19.81999969482422,18.959999084472656,19.479999542236328,729300.0
2016-06-29,16.706186294555664,19.670000076293945,19.84000015258789,19.239999771118164,19.309999465942383,339400.0
2016-06-30,16.88454246520996,19.8799991607666,19.889999389648438,19.3700008392334,19.639999389648438,526200.0
2016-07-01,16.918514251708984,19.920000076293945,19.989999771118164,19.649999618530273,19.739999771118164,325800.0
2016-07-05,16.680706024169922,19.639999389648438,19.989999771118164,19.350000381469727,19.959999084472656,292900.0
2016-07-06,16.825092315673828,19.809999465942383,19.959999084472656,19.579999923706055,19.579999923706055,393900.0
2016-07-07,16.910018920898438,19.90999984741211,19.979999542236328,19.530000686645508,19.90999984741211,475100.0
2016-07-08,17.20728302001953,20.260000228881836,20.5,19.899999618530273,20.0,937900.0
2016-07-11,17.56399917602539,20.68000030517578,20.809999465942383,20.34000015258789,20.399999618530273,351100.0
2016-07-12,17.699893951416016,20.84000015258789,21.049999237060547,20.639999389648438,20.850000381469727,436300.0
2016-07-13,17.309202194213867,20.3799991607666,20.850000381469727,19.860000610351562,20.850000381469727,407100.0
2016-07-14,17.139339447021484,20.18000030517578,20.610000610351562,20.18000030517578,20.610000610351562,313800.0
2016-07-15,17.011943817138672,20.030000686645508,20.3799991607666,19.8799991607666,20.350000381469727,473200.0
2016-07-18,16.77412986755371,19.75,20.25,19.600000381469727,19.90999984741211,1019100.0
2016-07-19,15.151922225952148,17.84000015258789,19.100000381469727,17.6200008392334,19.100000381469727,3066300.0
2016-07-20,15.024527549743652,17.690000534057617,18.059999465942383,17.610000610351562,17.780000686645508,961000.0
2016-07-21,14.438492774963379,17.0,17.829999923706055,16.829999923706055,17.75,1010300.0
2016-07-22,14.45547866821289,17.020000457763672,17.389999389648438,16.969999313354492,16.989999771118164,408400.0
2016-07-25,14.59986400604248,17.190000534057617,17.489999771118164,16.93000030517578,16.93000030517578,426200.0
2016-07-26,14.625341415405273,17.219999313354492,17.34000015258789,17.1200008392334,17.1200008392334,400600.0
2016-07-27,14.795207023620605,17.420000076293945,17.459999084472656,17.1299991607666,17.309999465942383,555600.0
2016-07-28,14.608358383178711,17.200000762939453,17.450000762939453,17.020000457763672,17.260000228881836,372200.0
2016-07-29,14.48095703125,17.049999237060547,17.420000076293945,16.579999923706055,17.239999771118164,594000.0
2016-08-01,14.45547866821289,17.020000457763672,17.360000610351562,16.899999618530273,17.1299991607666,373400.0
2016-08-02,14.413012504577637,16.969999313354492,17.079999923706055,16.81999969482422,17.020000457763672,502900.0
2016-08-03,14.463973045349121,17.030000686645508,17.18000030517578,16.809999465942383,16.950000762939453,284800.0
2016-08-04,14.446985244750977,17.010000228881836,17.229999542236328,16.950000762939453,17.010000228881836,167200.0
2016-08-05,14.922606468200684,17.56999969482422,17.649999618530273,17.200000762939453,17.270000457763672,421200.0
2016-08-08,14.905618667602539,17.549999237060547,17.75,17.219999313354492,17.56999969482422,435500.0
2016-08-09,14.557397842407227,17.139999389648438,17.610000610351562,17.1299991607666,17.469999313354492,213300.0
2016-08-10,14.429999351501465,16.989999771118164,17.260000228881836,16.770000457763672,17.219999313354492,205400.0
2016-08-11,14.438492774963379,17.0,17.229999542236328,16.770000457763672,16.989999771118164,237200.0
2016-08-12,14.387533187866211,16.940000534057617,17.059999465942383,16.65999984741211,16.979999542236328,345000.0
2016-08-15,14.429999351501465,16.989999771118164,17.200000762939453,16.889999389648438,17.059999465942383,208000.0
2016-08-16,14.251641273498535,16.780000686645508,17.079999923706055,16.760000228881836,16.889999389648438,300300.0
2016-08-17,14.3705472946167,16.920000076293945,17.100000381469727,16.729999542236328,16.760000228881836,239100.0
2016-08-18,14.667811393737793,17.270000457763672,17.270000457763672,16.799999237060547,16.8700008392334,294900.0
2016-08-19,14.40451717376709,16.959999084472656,17.309999465942383,16.8799991607666,17.18000030517578,286600.0
2016-08-22,14.40451717376709,16.959999084472656,17.020000457763672,16.760000228881836,16.8799991607666,194000.0
2016-08-23,14.48095703125,17.049999237060547,17.34000015258789,16.8799991607666,16.8799991607666,467200.0
2016-08-24,14.115748405456543,16.6200008392334,16.940000534057617,16.399999618530273,16.760000228881836,746600.0
2016-08-25,14.081775665283203,16.579999923706055,16.81999969482422,16.489999771118164,16.6299991607666,430300.0
2016-08-26,13.83547306060791,16.290000915527344,16.6200008392334,16.010000228881836,16.469999313354492,442200.0
2016-08-29,13.580676078796387,15.989999771118164,16.399999618530273,15.949999809265137,16.360000610351562,507300.0
2016-08-30,13.079573631286621,15.399999618530273,16.049999237060547,15.369999885559082,15.949999809265137,909700.0
2016-08-31,13.2069730758667,15.550000190734863,15.720000267028809,15.050000190734863,15.4399995803833,833400.0
2016-09-01,13.512730598449707,15.90999984741211,16.1299991607666,15.59000015258789,15.630000114440918,875900.0
2016-09-02,13.911911010742188,16.3799991607666,16.389999389648438,15.850000381469727,16.0,594400.0
2016-09-06,13.818487167358398,16.270000457763672,16.450000762939453,16.06999969482422,16.34000015258789,402100.0
2016-09-07,13.886430740356445,16.350000381469727,16.389999389648438,16.06999969482422,16.299999237060547,400100.0
2016-09-08,13.767524719238281,16.209999084472656,16.399999618530273,16.170000076293945,16.350000381469727,337200.0
2016-09-09,13.385331153869629,15.760000228881836,16.139999389648438,15.760000228881836,16.1200008392334,323500.0
2016-09-12,13.7080717086792,16.139999389648438,16.18000030517578,15.619999885559082,15.619999885559082,498600.0
2016-09-13,13.35984992980957,15.729999542236328,16.18000030517578,15.65999984741211,16.020000457763672,282800.0
2016-09-14,13.529716491699219,15.930000305175781,16.079999923706055,15.670000076293945,15.75,354000.0
2016-09-15,13.767524719238281,16.209999084472656,16.229999542236328,15.779999732971191,15.890000343322754,227000.0
2016-09-16,13.682594299316406,16.110000610351562,16.280000686645508,16.100000381469727,16.170000076293945,670400.0
2016-09-19,13.283411979675293,15.640000343322754,16.25,15.520000457763672,16.1299991607666,324400.0
2016-09-20,12.935190200805664,15.229999542236328,16.1200008392334,15.050000190734863,15.670000076293945,555500.0
2016-09-21,13.139026641845703,15.470000267028809,15.510000228881836,15.220000267028809,15.229999542236328,205200.0
2016-09-22,13.393823623657227,15.770000457763672,15.779999732971191,15.479999542236328,15.550000190734863,311300.0
2016-09-23,13.376839637756348,15.75,15.970000267028809,15.729999542236328,15.760000228881836,186500.0
2016-09-26,13.071080207824707,15.390000343322754,15.850000381469727,15.359999656677246,15.640000343322754,303800.0
2016-09-27,13.028614044189453,15.34000015258789,15.449999809265137,15.119999885559082,15.329999923706055,275300.0
2016-09-28,14.277119636535645,16.809999465942383,17.040000915527344,16.270000457763672,16.549999237060547,1812300.0
2016-09-29,14.158215522766113,16.670000076293945,16.959999084472656,16.649999618530273,16.709999084472656,703400.0
2016-09-30,14.056297302246094,16.549999237060547,16.8799991607666,16.469999313354492,16.809999465942383,4666900.0
2016-10-03,14.183695793151855,16.700000762939453,16.799999237060547,16.25,16.299999237060547,684000.0
2016-10-04,14.183695793151855,16.700000762939453,16.799999237060547,16.5,16.700000762939453,550100.0
2016-10-05,14.353558540344238,16.899999618530273,17.0,16.579999923706055,16.75,673200.0
2016-10-06,14.396024703979492,16.950000762939453,17.25,16.68000030517578,16.799999237060547,623600.0
2016-10-07,14.268628120422363,16.799999237060547,17.049999237060547,16.6299991607666,17.049999237060547,701900.0
2016-10-10,14.183695793151855,16.700000762939453,16.950000762939453,16.6299991607666,16.950000762939453,418500.0
2016-10-11,13.631633758544922,16.049999237060547,16.700000762939453,16.0,16.700000762939453,436200.0
2016-10-12,13.971364974975586,16.450000762939453,16.75,16.0,16.149999618530273,462300.0
2016-10-13,13.843964576721191,16.299999237060547,16.549999237060547,15.949999809265137,16.200000762939453,385300.0
2016-10-14,14.141228675842285,16.649999618530273,16.979999542236328,16.100000381469727,16.25,792700.0
2016-10-17,14.226161003112793,16.75,17.100000381469727,16.549999237060547,16.549999237060547,833100.0
2016-10-18,15.415214538574219,18.149999618530273,18.649999618530273,16.799999237060547,17.700000762939453,1722900.0
2016-10-19,15.075485229492188,17.75,18.25,17.329999923706055,18.25,841400.0
2016-10-20,14.820687294006348,17.450000762939453,17.700000762939453,17.200000762939453,17.649999618530273,391500.0
2016-10-21,15.03302001953125,17.700000762939453,17.75,17.299999237060547,17.299999237060547,356600.0
2016-10-24,14.948087692260742,17.600000381469727,18.100000381469727,17.450000762939453,17.799999237060547,376500.0
2016-10-25,14.778221130371094,17.399999618530273,17.700000762939453,17.1299991607666,17.700000762939453,315300.0
2016-10-26,14.396024703979492,16.950000762939453,17.5,16.850000381469727,17.25,292400.0
2016-10-27,14.183695793151855,16.700000762939453,17.100000381469727,16.600000381469727,17.100000381469727,334300.0
2016-10-28,14.438492774963379,17.0,17.049999237060547,16.600000381469727,16.649999618530273,288700.0
2016-10-31,14.396024703979492,16.950000762939453,17.049999237060547,16.700000762939453,17.049999237060547,361000.0
2016-11-01,14.056297302246094,16.549999237060547,17.200000762939453,16.549999237060547,17.0,318300.0
2016-11-02,13.843964576721191,16.299999237060547,16.649999618530273,16.149999618530273,16.600000381469727,351000.0
2016-11-03,13.886430740356445,16.350000381469727,16.649999618530273,16.059999465942383,16.25,265800.0
2016-11-04,14.141228675842285,16.649999618530273,17.0,16.450000762939453,16.450000762939453,207600.0
2016-11-07,14.438492774963379,17.0,17.049999237060547,16.649999618530273,16.899999618530273,177500.0
2016-11-08,14.438492774963379,17.0,17.18000030517578,16.799999237060547,17.0,676800.0
2016-11-09,14.820687294006348,17.450000762939453,17.5,16.0,16.799999237060547,425600.0
2016-11-10,14.905618667602539,17.549999237060547,17.799999237060547,17.100000381469727,17.5,394500.0
2016-11-11,15.7549467086792,18.549999237060547,18.600000381469727,17.600000381469727,17.600000381469727,546400.0
2016-11-14,16.05220603942871,18.899999618530273,19.25,18.549999237060547,18.649999618530273,331000.0
2016-11-15,16.17960548400879,19.049999237060547,19.200000762939453,18.770000457763672,18.899999618530273,351100.0
2016-11-16,16.307004928588867,19.200000762939453,19.399999618530273,18.899999618530273,18.950000762939453,277200.0
2016-11-17,16.307004928588867,19.200000762939453,19.399999618530273,18.979999542236328,19.399999618530273,256300.0
2016-11-18,16.476863861083984,19.399999618530273,19.549999237060547,19.100000381469727,19.100000381469727,508100.0
2016-11-21,16.731664657592773,19.700000762939453,19.799999237060547,19.299999237060547,19.5,591000.0
2016-11-22,17.198787689208984,20.25,20.270000457763672,19.75,19.75,518100.0
2016-11-23,17.24125862121582,20.299999237060547,20.75,20.149999618530273,20.299999237060547,380200.0
2016-11-25,17.113859176635742,20.149999618530273,20.399999618530273,20.049999237060547,20.399999618530273,118000.0
2016-11-28,17.07139015197754,20.100000381469727,20.399999618530273,19.950000762939453,20.049999237060547,329600.0
2016-11-29,16.94399642944336,19.950000762939453,20.350000381469727,19.899999618530273,20.049999237060547,172000.0
2016-11-30,17.0289249420166,20.049999237060547,20.200000762939453,19.75,20.049999237060547,350800.0
2016-12-01,16.332483291625977,19.229999542236328,20.200000762939453,19.0,20.100000381469727,323100.0
2016-12-02,16.519332885742188,19.450000762939453,19.700000762939453,18.850000381469727,19.25,175000.0
2016-12-05,17.156328201293945,20.200000762939453,20.299999237060547,19.450000762939453,19.549999237060547,259700.0
2016-12-06,16.986461639404297,20.0,20.200000762939453,19.5,20.200000762939453,283300.0
2016-12-07,17.4111270904541,20.5,20.700000762939453,20.0,20.0,234100.0
2016-12-08,17.79332160949707,20.950000762939453,20.950000762939453,20.200000762939453,20.5,225000.0
2016-12-09,17.835783004760742,21.0,21.25,20.850000381469727,20.950000762939453,336500.0
2016-12-12,17.920717239379883,21.100000381469727,21.350000381469727,20.829999923706055,20.850000381469727,342100.0
2016-12-13,17.920717239379883,21.100000381469727,21.399999618530273,20.899999618530273,21.200000762939453,310800.0
2016-12-14,17.66592025756836,20.799999237060547,21.149999618530273,20.600000381469727,21.049999237060547,377700.0
2016-12-15,17.496055603027344,20.600000381469727,21.350000381469727,20.450000762939453,20.799999237060547,368600.0
2016-12-16,17.453588485717773,20.549999237060547,21.0,20.399999618530273,20.649999618530273,815800.0
2016-12-19,17.453588485717773,20.549999237060547,21.0,20.399999618530273,20.549999237060547,235200.0
2016-12-20,17.79332160949707,20.950000762939453,20.950000762939453,20.450000762939453,20.649999618530273,277400.0
2016-12-21,17.580989837646484,20.700000762939453,21.0,20.600000381469727,20.799999237060547,175200.0
2016-12-22,17.326190948486328,20.399999618530273,20.799999237060547,20.350000381469727,20.600000381469727,160600.0
2016-12-23,17.4111270904541,20.5,20.5,19.850000381469727,20.399999618530273,148100.0
2016-12-27,17.39413833618164,20.479999542236328,20.899999618530273,20.399999618530273,20.5,167300.0
2016-12-28,16.986461639404297,20.0,20.649999618530273,19.950000762939453,20.450000762939453,134000.0
2016-12-29,17.113859176635742,20.149999618530273,20.399999618530273,19.75,20.0,152300.0
2016-12-30,16.604265213012695,19.549999237060547,20.200000762939453,19.399999618530273,20.149999618530273,285100.0
2017-01-03,16.731664657592773,19.700000762939453,20.100000381469727,19.270000457763672,19.600000381469727,376900.0
2017-01-04,16.77412986755371,19.75,20.25,19.0,19.649999618530273,278600.0
2017-01-05,16.264535903930664,19.149999618530273,19.799999237060547,19.149999618530273,19.649999618530273,177500.0
2017-01-06,16.09467124938965,18.950000762939453,19.549999237060547,18.110000610351562,19.25,154400.0
2017-01-09,15.924806594848633,18.75,19.100000381469727,18.600000381469727,19.0,219900.0
2017-01-10,16.09467124938965,18.950000762939453,19.25,18.450000762939453,18.700000762939453,267900.0
2017-01-11,16.264535903930664,19.149999618530273,19.5,18.75,18.899999618530273,197200.0
2017-01-12,16.34946632385254,19.25,19.299999237060547,18.649999618530273,19.100000381469727,224000.0
2017-01-13,16.519332885742188,19.450000762939453,19.5,19.149999618530273,19.350000381469727,117200.0
2017-01-17,16.264535903930664,19.149999618530273,19.649999618530273,19.0,19.450000762939453,428600.0
2017-01-18,16.561800003051758,19.5,19.850000381469727,19.0,19.200000762939453,484500.0
2017-01-19,15.967275619506836,18.799999237060547,19.5,18.700000762939453,19.5,130300.0
2017-01-20,15.967275619506836,18.799999237060547,19.049999237060547,18.649999618530273,18.850000381469727,154000.0
2017-01-23,15.924806594848633,18.75,18.950000762939453,18.399999618530273,18.75,199100.0
2017-01-24,16.391935348510742,19.299999237060547,19.450000762939453,18.75,18.799999237060547,197500.0
2017-01-25,16.476863861083984,19.399999618530273,19.799999237060547,19.299999237060547,19.450000762939453,156400.0
2017-01-26,16.391935348510742,19.299999237060547,19.5,19.0,19.399999618530273,130500.0
2017-01-27,16.264535903930664,19.149999618530273,19.350000381469727,19.0,19.299999237060547,69900.0
2017-01-30,16.264535903930664,19.149999618530273,19.5,18.75,18.899999618530273,238900.0
2017-01-31,16.222070693969727,19.100000381469727,19.350000381469727,18.799999237060547,19.049999237060547,201500.0
2017-02-01,16.307004928588867,19.200000762939453,19.5,19.020000457763672,19.299999237060547,157300.0
2017-02-02,15.924806594848633,18.75,19.25,18.649999618530273,19.149999618530273,134600.0
2017-02-03,16.307004928588867,19.200000762939453,19.25,18.799999237060547,18.799999237060547,127000.0
2017-02-06,15.967275619506836,18.799999237060547,19.200000762939453,18.549999237060547,19.149999618530273,113400.0
2017-02-07,15.839874267578125,18.649999618530273,19.100000381469727,18.649999618530273,18.850000381469727,130100.0
2017-02-08,16.05220603942871,18.899999618530273,18.950000762939453,18.450000762939453,18.600000381469727,128200.0
2017-02-09,16.307004928588867,19.200000762939453,19.700000762939453,18.850000381469727,18.899999618530273,474100.0
2017-02-10,17.3686580657959,20.450000762939453,20.899999618530273,19.25,19.25,1109200.0
2017-02-13,16.986461639404297,20.0,20.75,19.799999237060547,20.75,683300.0
2017-02-14,14.69328784942627,17.299999237060547,19.0,17.25,18.700000762939453,1488600.0
2017-02-15,15.330280303955078,18.049999237060547,18.049999237060547,17.350000381469727,17.5,878600.0
2017-02-16,15.50014591217041,18.25,18.350000381469727,17.450000762939453,18.100000381469727,569000.0
2017-02-17,15.03302001953125,17.700000762939453,18.25,17.649999618530273,18.25,413000.0
2017-02-21,15.287813186645508,18.0,18.100000381469727,17.649999618530273,17.700000762939453,276500.0
2017-02-22,15.20288372039795,17.899999618530273,18.0,17.649999618530273,17.950000762939453,227900.0
2017-02-23,15.075485229492188,17.75,18.0,17.299999237060547,17.899999618530273,324200.0
2017-02-24,14.948087692260742,17.600000381469727,17.799999237060547,17.350000381469727,17.549999237060547,173300.0
2017-02-27,15.20288372039795,17.899999618530273,18.0,17.600000381469727,17.600000381469727,220300.0
2017-02-28,14.948087692260742,17.600000381469727,17.899999618530273,17.450000762939453,17.899999618530273,259200.0
2017-03-01,15.160414695739746,17.850000381469727,18.100000381469727,17.6200008392334,17.899999618530273,360500.0
2017-03-02,15.20288372039795,17.899999618530273,18.200000762939453,17.649999618530273,17.850000381469727,125700.0
2017-03-03,15.24534797668457,17.950000762939453,18.100000381469727,17.719999313354492,17.899999618530273,299700.0
2017-03-06,15.20288372039795,17.899999618530273,18.079999923706055,17.350000381469727,17.899999618530273,220100.0
2017-03-07,15.160414695739746,17.850000381469727,18.0,17.549999237060547,17.899999618530273,216900.0
2017-03-08,15.160414695739746,17.850000381469727,18.0,17.600000381469727,17.950000762939453,215200.0
2017-03-09,15.117948532104492,17.799999237060547,18.0,17.649999618530273,17.799999237060547,238000.0
2017-03-10,15.586392402648926,18.299999237060547,19.0,17.649999618530273,17.799999237060547,391600.0
2017-03-13,15.96966552734375,18.75,18.850000381469727,18.100000381469727,18.299999237060547,249600.0
2017-03-14,15.62897777557373,18.350000381469727,18.700000762939453,18.149999618530273,18.5,202500.0
2017-03-15,15.927082061767578,18.700000762939453,18.850000381469727,18.25,18.350000381469727,165600.0
2017-03-16,16.438108444213867,19.299999237060547,19.399999618530273,18.75,18.799999237060547,333100.0
2017-03-17,16.60845184326172,19.5,19.5,18.969999313354492,19.200000762939453,563700.0
2017-03-20,16.69362449645996,19.600000381469727,19.799999237060547,19.299999237060547,19.5,357400.0
2017-03-21,16.1400089263916,18.950000762939453,19.75,18.799999237060547,19.75,437700.0
2017-03-22,15.799325942993164,18.549999237060547,19.049999237060547,18.299999237060547,18.899999618530273,396400.0
2017-03-23,15.884493827819824,18.649999618530273,18.899999618530273,18.549999237060547,18.600000381469727,176300.0
2017-03-24,15.96966552734375,18.75,18.899999618530273,18.43000030517578,18.75,200200.0
2017-03-27,16.18259620666504,19.0,19.149999618530273,18.299999237060547,18.549999237060547,257800.0
2017-03-28,15.671563148498535,18.399999618530273,18.899999618530273,18.350000381469727,18.899999618530273,288200.0
2017-03-29,15.927082061767578,18.700000762939453,18.75,18.350000381469727,18.350000381469727,188100.0
2017-03-30,15.96966552734375,18.75,18.850000381469727,18.5,18.649999618530273,373400.0
2017-03-31,16.395524978637695,19.25,19.399999618530273,18.75,18.75,511400.0
2017-04-03,16.31035041809082,19.149999618530273,19.350000381469727,18.950000762939453,19.25,399000.0
2017-04-04,16.395524978637695,19.25,19.450000762939453,19.0,19.100000381469727,246200.0
2017-04-05,16.26776695251465,19.100000381469727,19.399999618530273,18.899999618530273,19.350000381469727,305500.0
2017-04-06,16.31035041809082,19.149999618530273,19.450000762939453,18.90999984741211,19.049999237060547,277600.0
2017-04-07,16.35293960571289,19.200000762939453,19.350000381469727,19.0,19.149999618530273,236700.0
2017-04-10,16.438108444213867,19.299999237060547,19.450000762939453,19.0,19.200000762939453,170500.0
2017-04-11,16.86396598815918,19.799999237060547,19.850000381469727,19.25,19.25,251900.0
2017-04-12,16.651037216186523,19.549999237060547,19.75,19.399999618530273,19.75,177200.0
2017-04-13,16.31035041809082,19.149999618530273,19.649999618530273,19.100000381469727,19.549999237060547,214600.0
2017-04-17,16.52328109741211,19.399999618530273,19.68000030517578,19.049999237060547,19.149999618530273,671800.0
2017-04-18,17.886024475097656,21.0,22.399999618530273,19.649999618530273,20.0,1996000.0
2017-04-19,17.289823532104492,20.299999237060547,21.399999618530273,20.25,21.350000381469727,630400.0
2017-04-20,17.673093795776367,20.75,20.850000381469727,20.020000457763672,20.399999618530273,614100.0
2017-04-21,17.75826644897461,20.850000381469727,20.950000762939453,20.399999618530273,20.700000762939453,405200.0
2017-04-24,17.843442916870117,20.950000762939453,21.25,20.530000686645508,21.0,339700.0
2017-04-25,17.886024475097656,21.0,21.200000762939453,20.700000762939453,21.100000381469727,300800.0
2017-04-26,18.354467391967773,21.549999237060547,21.600000381469727,20.770000457763672,20.899999618530273,504300.0
2017-04-27,18.482223510742188,21.700000762939453,22.030000686645508,21.350000381469727,21.649999618530273,714700.0
2017-04-28,18.22612190246582,21.350000381469727,21.75,20.670000076293945,21.75,531500.0
2017-05-01,17.88465118408203,20.950000762939453,21.350000381469727,20.899999618530273,21.350000381469727,279700.0
2017-05-02,17.585861206054688,20.600000381469727,20.93000030517578,20.450000762939453,20.899999618530273,440000.0
2017-05-03,17.585861206054688,20.600000381469727,20.700000762939453,20.450000762939453,20.5,183600.0
2017-05-04,17.415124893188477,20.399999618530273,20.649999618530273,20.25,20.649999618530273,151800.0
2017-05-05,17.457809448242188,20.450000762939453,20.5,20.1299991607666,20.399999618530273,204500.0
2017-05-08,17.415124893188477,20.399999618530273,20.700000762939453,20.350000381469727,20.450000762939453,163800.0
2017-05-09,17.500490188598633,20.5,20.579999923706055,20.0,20.350000381469727,384100.0
2017-05-10,17.910261154174805,20.979999542236328,21.079999923706055,20.25,20.5,369600.0
2017-05-11,17.372438430786133,20.350000381469727,20.799999237060547,20.25,20.799999237060547,180800.0
2017-05-12,17.372438430786133,20.350000381469727,20.549999237060547,20.049999237060547,20.200000762939453,175900.0
2017-05-15,17.67123031616211,20.700000762939453,20.75,20.399999618530273,20.399999618530273,140800.0
2017-05-16,17.88465118408203,20.950000762939453,21.0,20.350000381469727,20.799999237060547,283000.0
2017-05-17,17.1163330078125,20.049999237060547,20.75,20.049999237060547,20.700000762939453,214200.0
2017-05-18,17.372438430786133,20.350000381469727,20.450000762939453,20.049999237060547,20.100000381469727,206500.0
2017-05-19,17.543174743652344,20.549999237060547,20.700000762939453,20.049999237060547,20.350000381469727,196200.0
2017-05-22,17.415124893188477,20.399999618530273,20.75,20.200000762939453,20.549999237060547,169100.0
2017-05-23,17.03096580505371,19.950000762939453,20.75,19.8799991607666,20.450000762939453,183200.0
2017-05-24,16.732179641723633,19.600000381469727,20.049999237060547,19.549999237060547,19.950000762939453,257200.0
2017-05-25,17.329753875732422,20.299999237060547,20.3799991607666,19.549999237060547,19.649999618530273,238900.0
2017-05-26,17.28706932067871,20.25,20.450000762939453,19.399999618530273,20.200000762939453,219300.0
2017-05-30,17.1163330078125,20.049999237060547,20.350000381469727,19.950000762939453,20.149999618530273,294500.0
2017-05-31,16.774858474731445,19.649999618530273,20.200000762939453,19.399999618530273,20.200000762939453,200800.0
2017-06-01,17.1163330078125,20.049999237060547,20.200000762939453,19.399999618530273,19.649999618530273,245100.0
2017-06-02,17.756595611572266,20.799999237060547,20.850000381469727,19.899999618530273,20.149999618530273,323000.0
2017-06-05,16.90291404724121,19.799999237060547,20.700000762939453,19.649999618530273,20.700000762939453,354000.0
2017-06-06,16.518754959106445,19.350000381469727,19.75,19.1299991607666,19.649999618530273,272600.0
2017-06-07,16.56144142150879,19.399999618530273,20.049999237060547,19.100000381469727,19.450000762939453,187900.0
2017-06-08,16.90291404724121,19.799999237060547,19.950000762939453,19.25,19.399999618530273,275500.0
2017-06-09,16.8602294921875,19.75,19.899999618530273,19.600000381469727,19.799999237060547,234600.0
2017-06-12,17.03096580505371,19.950000762939453,20.049999237060547,19.450000762939453,19.75,325900.0
2017-06-13,17.415124893188477,20.399999618530273,20.450000762939453,19.649999618530273,20.0,427700.0
2017-06-14,17.628543853759766,20.649999618530273,20.799999237060547,20.200000762939453,20.450000762939453,441200.0
2017-06-15,17.500490188598633,20.5,20.579999923706055,20.25,20.350000381469727,295500.0
2017-06-16,18.39685821533203,21.549999237060547,21.600000381469727,20.600000381469727,20.649999618530273,648400.0
2017-06-19,18.610279083251953,21.799999237060547,22.049999237060547,21.280000686645508,21.549999237060547,331500.0
2017-06-20,17.927331924438477,21.0,21.850000381469727,20.950000762939453,21.75,284600.0
2017-06-21,17.67123031616211,20.700000762939453,21.149999618530273,20.700000762939453,21.100000381469727,137500.0
2017-06-22,17.713912963867188,20.75,20.950000762939453,20.600000381469727,20.75,151400.0
2017-06-23,17.28706932067871,20.25,20.700000762939453,20.049999237060547,20.649999618530273,323800.0
2017-06-26,17.201702117919922,20.149999618530273,20.3799991607666,19.950000762939453,20.299999237060547,124200.0
2017-06-27,17.244384765625,20.200000762939453,20.649999618530273,19.860000610351562,20.049999237060547,264600.0
2017-06-28,17.713912963867188,20.75,20.75,20.149999618530273,20.350000381469727,219600.0
2017-06-29,17.415124893188477,20.399999618530273,20.75,20.0,20.75,174800.0
2017-06-30,17.628543853759766,20.649999618530273,20.649999618530273,20.149999618530273,20.399999618530273,303600.0
2017-07-03,17.543174743652344,20.549999237060547,20.899999618530273,20.479999542236328,20.899999618530273,99600.0
2017-07-05,17.372438430786133,20.350000381469727,20.600000381469727,20.25,20.350000381469727,223000.0
2017-07-06,16.945600509643555,19.850000381469727,20.100000381469727,19.729999542236328,20.100000381469727,186300.0
2017-07-07,17.1163330078125,20.049999237060547,20.049999237060547,19.75,19.899999618530273,135000.0
2017-07-10,16.945600509643555,19.850000381469727,20.049999237060547,19.729999542236328,19.899999618530273,133600.0
2017-07-11,16.945600509643555,19.850000381469727,20.079999923706055,19.799999237060547,19.799999237060547,194200.0
2017-07-12,17.28706932067871,20.25,20.450000762939453,20.0,20.0,163800.0
2017-07-13,17.44073486328125,20.43000030517578,20.5,20.100000381469727,20.200000762939453,132000.0
2017-07-14,17.244384765625,20.200000762939453,20.549999237060547,20.149999618530273,20.399999618530273,226600.0
2017-07-17,17.28706932067871,20.25,20.350000381469727,19.6299991607666,20.049999237060547,533500.0
2017-07-18,12.80523681640625,15.0,17.450000762939453,14.630000114440918,17.0,5505100.0
2017-07-19,12.660112380981445,14.829999923706055,15.050000190734863,14.149999618530273,15.0,2210200.0
2017-07-20,12.079607963562012,14.149999618530273,14.949999809265137,14.050000190734863,14.75,1359200.0
2017-07-21,11.908870697021484,13.949999809265137,14.5,13.899999618530273,14.5,950500.0
2017-07-24,11.652767181396484,13.649999618530273,14.449999809265137,13.600000381469727,14.449999809265137,1008800.0
2017-07-25,11.61008358001709,13.600000381469727,13.800000190734863,13.300000190734863,13.699999809265137,1767000.0
2017-07-26,12.250344276428223,14.350000381469727,14.5,13.699999809265137,13.800000190734863,1141800.0
2017-07-27,12.591816902160645,14.75,14.850000381469727,14.319999694824219,14.649999618530273,757500.0
2017-07-28,12.54898738861084,14.649999618530273,14.930000305175781,14.350000381469727,14.649999618530273,535100.0
2017-07-31,12.506157875061035,14.600000381469727,14.800000190734863,14.350000381469727,14.699999809265137,832800.0
2017-08-01,12.720304489135742,14.850000381469727,14.949999809265137,14.359999656677246,14.75,582300.0
2017-08-02,12.506157875061035,14.600000381469727,14.800000190734863,14.550000190734863,14.699999809265137,353800.0
2017-08-03,12.634647369384766,14.75,14.949999809265137,14.449999809265137,14.550000190734863,496700.0
2017-08-04,12.848791122436523,15.0,15.25,14.6899995803833,14.850000381469727,423900.0
2017-08-07,12.848791122436523,15.0,15.300000190734863,14.899999618530273,14.949999809265137,349500.0
2017-08-08,12.677474975585938,14.800000190734863,15.0,14.699999809265137,15.0,322200.0
2017-08-09,12.720304489135742,14.850000381469727,14.850000381469727,14.5,14.649999618530273,467100.0
2017-08-10,12.848791122436523,15.0,15.100000381469727,14.729999542236328,14.800000190734863,576000.0
2017-08-11,13.020111083984375,15.199999809265137,15.25,14.899999618530273,15.0,282600.0
2017-08-14,12.805963516235352,14.949999809265137,15.399999618530273,14.899999618530273,15.25,344700.0
2017-08-15,12.506157875061035,14.600000381469727,15.050000190734863,14.25,15.050000190734863,507900.0
2017-08-16,12.634647369384766,14.75,15.149999618530273,14.699999809265137,14.699999809265137,237700.0
2017-08-17,12.54898738861084,14.649999618530273,14.949999809265137,14.600000381469727,14.75,261000.0
2017-08-18,12.46333122253418,14.550000190734863,14.649999618530273,14.300000190734863,14.550000190734863,314700.0
2017-08-21,12.54898738861084,14.649999618530273,14.800000190734863,14.399999618530273,14.600000381469727,280600.0
2017-08-22,12.591816902160645,14.699999809265137,14.850000381469727,14.579999923706055,14.649999618530273,268000.0
2017-08-23,12.634647369384766,14.75,14.75,14.399999618530273,14.600000381469727,312400.0
2017-08-24,13.020111083984375,15.199999809265137,15.25,14.75,14.800000190734863,496500.0
2017-08-25,13.148599624633789,15.350000381469727,15.430000305175781,15.0,15.199999809265137,315400.0
2017-08-28,13.105769157409668,15.300000190734863,15.449999809265137,15.149999618530273,15.350000381469727,215900.0
2017-08-29,13.020111083984375,15.199999809265137,15.399999618530273,15.050000190734863,15.199999809265137,246300.0
2017-08-30,12.848791122436523,15.0,15.25,14.800000190734863,15.199999809265137,228000.0
2017-08-31,12.891621589660645,15.050000190734863,15.399999618530273,14.949999809265137,15.100000381469727,322000.0
2017-09-01,13.191428184509277,15.399999618530273,15.5,15.050000190734863,15.050000190734863,280200.0
2017-09-05,13.148599624633789,15.350000381469727,15.529999732971191,15.149999618530273,15.300000190734863,261100.0
2017-09-06,13.36274528503418,15.600000381469727,15.600000381469727,15.300000190734863,15.449999809265137,191700.0
2017-09-07,13.36274528503418,15.600000381469727,15.75,15.5,15.550000190734863,182600.0
2017-09-08,13.405572891235352,15.649999618530273,15.850000381469727,15.5,15.5,336900.0
2017-09-11,13.23425579071045,15.449999809265137,15.850000381469727,15.350000381469727,15.699999809265137,406800.0
2017-09-12,13.191428184509277,15.399999618530273,15.550000190734863,15.25,15.399999618530273,533200.0
2017-09-13,13.148599624633789,15.350000381469727,15.649999618530273,15.279999732971191,15.449999809265137,540800.0
2017-09-14,13.148599624633789,15.350000381469727,15.649999618530273,15.25,15.399999618530273,540900.0
2017-09-15,13.619720458984375,15.899999618530273,16.0,15.350000381469727,15.399999618530273,1158300.0
2017-09-18,13.105769157409668,15.300000190734863,16.049999237060547,15.300000190734863,15.899999618530273,418100.0
2017-09-19,12.76313304901123,14.899999618530273,15.399999618530273,14.850000381469727,15.350000381469727,637500.0
2017-09-20,12.97728157043457,15.149999618530273,15.25,14.800000190734863,14.850000381469727,515700.0
2017-09-21,12.634647369384766,14.75,15.199999809265137,14.600000381469727,15.100000381469727,706500.0
2017-09-22,12.677474975585938,14.800000190734863,15.199999809265137,14.649999618530273,14.699999809265137,558200.0
2017-09-25,12.591816902160645,14.699999809265137,15.100000381469727,14.600000381469727,14.800000190734863,1026500.0
2017-09-26,12.591816902160645,14.699999809265137,14.949999809265137,14.25,14.800000190734863,982200.0
2017-09-27,10.493181228637695,12.25,13.640000343322754,12.050000190734863,12.699999809265137,3417900.0
2017-09-28,10.835814476013184,12.649999618530273,12.949999809265137,12.229999542236328,12.350000381469727,1208100.0
2017-09-29,10.878643989562988,12.699999809265137,12.949999809265137,12.550000190734863,12.75,1472000.0
2017-10-02,11.306938171386719,13.199999809265137,13.199999809265137,12.600000381469727,12.850000381469727,899900.0
2017-10-03,7.238153457641602,8.449999809265137,9.300000190734863,8.25,8.850000381469727,15707400.0
2017-10-04,7.2809834480285645,8.5,8.850000381469727,8.449999809265137,8.449999809265137,2927400.0
2017-10-05,7.366641998291016,8.600000381469727,8.649999618530273,8.300000190734863,8.5,1967400.0
2017-10-06,7.409470558166504,8.649999618530273,8.899999618530273,8.550000190734863,8.600000381469727,2017200.0
2017-10-09,7.366641998291016,8.600000381469727,8.75,8.350000381469727,8.649999618530273,1310100.0
2017-10-10,7.323812961578369,8.550000190734863,8.699999809265137,8.430000305175781,8.550000190734863,1023200.0
2017-10-11,7.323812961578369,8.550000190734863,8.649999618530273,8.399999618530273,8.5,969500.0
2017-10-12,7.152495384216309,8.350000381469727,8.550000190734863,8.300000190734863,8.5,1462000.0
2017-10-13,7.152495384216309,8.350000381469727,8.5,8.25,8.350000381469727,784200.0
2017-10-16,7.238153457641602,8.449999809265137,8.649999618530273,8.25,8.350000381469727,1372900.0
2017-10-17,7.109665870666504,8.300000190734863,9.050000190734863,8.199999809265137,9.050000190734863,2554900.0
2017-10-18,7.580788612365723,8.850000381469727,8.899999618530273,8.25,8.25,2437800.0
2017-10-19,7.323812961578369,8.550000190734863,8.699999809265137,8.399999618530273,8.649999618530273,1362900.0
2017-10-20,7.495129585266113,8.75,8.850000381469727,8.5,8.699999809265137,1270000.0
2017-10-23,8.09473991394043,9.449999809265137,9.550000190734863,9.0,9.0,2204100.0
2017-10-24,7.709275245666504,9.0,9.699999809265137,8.949999809265137,9.649999618530273,1212500.0
2017-10-25,7.752105236053467,9.050000190734863,9.25,8.949999809265137,9.100000381469727,866200.0
2017-10-26,8.051910400390625,9.399999618530273,9.550000190734863,9.050000190734863,9.199999809265137,1336500.0
2017-10-27,7.580788612365723,8.850000381469727,9.5,8.800000190734863,9.300000190734863,1408300.0
2017-10-30,7.580788612365723,8.800000190734863,8.899999618530273,8.699999809265137,8.850000381469727,908200.0
2017-10-31,7.3654255867004395,8.550000190734863,8.850000381469727,8.5,8.75,880900.0
2017-11-01,7.4084978103637695,8.600000381469727,8.699999809265137,8.430000305175781,8.600000381469727,653800.0
2017-11-02,7.4084978103637695,8.600000381469727,8.75,8.449999809265137,8.600000381469727,623800.0
2017-11-03,7.322352886199951,8.5,8.699999809265137,8.479999542236328,8.649999618530273,498600.0
2017-11-06,7.322352886199951,8.5,8.699999809265137,8.350000381469727,8.449999809265137,477700.0
2017-11-07,7.15006160736084,8.300000190734863,8.600000381469727,8.199999809265137,8.5,624400.0
2017-11-08,7.322352886199951,8.5,8.5,8.199999809265137,8.300000190734863,376800.0
2017-11-09,7.322352886199951,8.5,8.649999618530273,8.350000381469727,8.5,531000.0
2017-11-10,7.3654255867004395,8.550000190734863,8.75,8.470000267028809,8.600000381469727,534300.0
2017-11-13,7.063916206359863,8.199999809265137,8.619999885559082,8.100000381469727,8.550000190734863,1051600.0
2017-11-14,7.236206531524658,8.399999618530273,8.399999618530273,8.079999923706055,8.25,658600.0
2017-11-15,7.063916206359863,8.199999809265137,8.350000381469727,8.149999618530273,8.300000190734863,547100.0
2017-11-16,7.236206531524658,8.399999618530273,8.5,8.199999809265137,8.199999809265137,819800.0
2017-11-17,7.4084978103637695,8.600000381469727,8.680000305175781,8.279999732971191,8.399999618530273,696000.0
2017-11-20,7.193134784698486,8.350000381469727,8.630000114440918,8.300000190734863,8.600000381469727,874800.0
2017-11-21,7.494642734527588,8.699999809265137,8.699999809265137,8.199999809265137,8.350000381469727,682900.0
2017-11-22,7.3654255867004395,8.550000190734863,8.899999618530273,8.5,8.850000381469727,446600.0
2017-11-24,7.4515700340271,8.649999618530273,8.649999618530273,8.350000381469727,8.5,267900.0
2017-11-27,7.193134784698486,8.350000381469727,8.739999771118164,8.350000381469727,8.649999618530273,1236800.0
2017-11-28,7.15006160736084,8.300000190734863,8.449999809265137,8.229999542236328,8.399999618530273,958200.0
2017-11-29,7.3654255867004395,8.550000190734863,8.699999809265137,8.350000381469727,8.350000381469727,1175300.0
2017-11-30,7.15006160736084,8.300000190734863,8.75,8.300000190734863,8.649999618530273,685400.0
2017-12-01,7.236206531524658,8.399999618530273,8.5,8.149999618530273,8.399999618530273,927300.0
2017-12-04,7.193134784698486,8.350000381469727,8.75,8.300000190734863,8.449999809265137,977200.0
2017-12-05,7.218977928161621,8.380000114440918,8.5,8.25,8.449999809265137,428600.0
2017-12-06,7.322352886199951,8.5,8.550000190734863,8.25,8.399999618530273,676600.0
2017-12-07,7.4515700340271,8.649999618530273,8.75,8.399999618530273,8.449999809265137,2150400.0
2017-12-08,7.925367832183838,9.199999809265137,9.649999618530273,8.75,8.850000381469727,1555900.0
2017-12-11,7.753078460693359,9.0,9.350000381469727,8.850000381469727,9.149999618530273,907200.0
2017-12-12,7.666933059692383,8.899999618530273,9.300000190734863,8.850000381469727,9.100000381469727,696600.0
2017-12-13,7.839223861694336,9.100000381469727,9.199999809265137,8.850000381469727,8.850000381469727,746800.0
2017-12-14,7.796151638031006,9.050000190734863,9.199999809265137,8.899999618530273,9.100000381469727,655000.0
2017-12-15,7.882296085357666,9.149999618530273,9.300000190734863,8.850000381469727,9.050000190734863,2748900.0
2017-12-18,8.011514663696289,9.300000190734863,9.5,9.100000381469727,9.199999809265137,673300.0
2017-12-19,8.399168014526367,9.75,9.899999618530273,9.399999618530273,9.449999809265137,1098600.0
2017-12-20,8.183805465698242,9.5,9.899999618530273,9.350000381469727,9.699999809265137,699700.0
2017-12-21,8.356096267700195,9.699999809265137,9.75,9.350000381469727,9.449999809265137,505900.0
2017-12-22,8.226879119873047,9.550000190734863,9.699999809265137,9.399999618530273,9.600000381469727,616500.0
2017-12-26,8.226879119873047,9.550000190734863,9.800000190734863,9.5,9.600000381469727,311700.0
2017-12-27,8.269950866699219,9.600000381469727,9.699999809265137,9.449999809265137,9.649999618530273,459800.0
2017-12-28,8.269950866699219,9.600000381469727,9.600000381469727,9.399999618530273,9.550000190734863,281500.0
2017-12-29,8.269950866699219,9.600000381469727,9.75,9.5,9.649999618530273,401200.0
2018-01-02,8.442242622375488,9.800000190734863,10.0,9.699999809265137,9.699999809265137,563900.0
2018-01-03,8.31302261352539,9.649999618530273,9.800000190734863,9.550000190734863,9.800000190734863,550300.0
2018-01-04,8.528387069702148,9.899999618530273,9.979999542236328,9.449999809265137,9.649999618530273,1503800.0
2018-01-05,8.614532470703125,10.0,10.180000305175781,9.800000190734863,9.949999809265137,1130900.0
2018-01-08,8.614532470703125,10.0,10.199999809265137,9.899999618530273,9.949999809265137,963800.0
2018-01-09,8.485313415527344,9.850000381469727,10.050000190734863,9.550000190734863,9.949999809265137,761600.0
2018-01-10,8.614532470703125,10.0,10.130000114440918,9.550000190734863,9.800000190734863,1508900.0
2018-01-11,8.916041374206543,10.350000381469727,10.399999618530273,10.050000190734863,10.149999618530273,940200.0
2018-01-12,8.82989501953125,10.25,10.449999809265137,10.050000190734863,10.449999809265137,534700.0
2018-01-16,8.700676918029785,10.100000381469727,10.5,10.050000190734863,10.399999618530273,455300.0
2018-01-17,8.743749618530273,10.149999618530273,10.350000381469727,10.050000190734863,10.100000381469727,542600.0
2018-01-18,8.614532470703125,10.0,10.300000190734863,10.0,10.100000381469727,418100.0
2018-01-19,8.82989501953125,10.25,10.300000190734863,10.0,10.0,382200.0
2018-01-22,8.82989501953125,10.25,10.5,10.149999618530273,10.25,634200.0
2018-01-23,8.657604217529297,10.050000190734863,10.399999618530273,10.0,10.25,359700.0
2018-01-24,8.528387069702148,9.899999618530273,10.399999618530273,9.800000190734863,10.100000381469727,839500.0
2018-01-25,8.57145881652832,9.949999809265137,10.0,9.75,10.0,535400.0
2018-01-26,8.399168014526367,9.75,10.100000381469727,9.630000114440918,10.0,381100.0
2018-01-29,8.269950866699219,9.600000381469727,9.800000190734863,9.5600004196167,9.75,404500.0
2018-01-30,7.925367832183838,9.199999809265137,9.550000190734863,9.199999809265137,9.550000190734863,519300.0
2018-01-31,8.054588317871094,9.350000381469727,9.449999809265137,9.199999809265137,9.199999809265137,682100.0
2018-02-01,7.710006237030029,8.949999809265137,9.25,8.949999809265137,9.25,852400.0
2018-02-02,7.322352886199951,8.5,8.850000381469727,8.5,8.850000381469727,781400.0
2018-02-05,7.15006160736084,8.300000190734863,8.699999809265137,8.300000190734863,8.5,633000.0
2018-02-06,7.4515700340271,8.649999618530273,8.699999809265137,8.149999618530273,8.199999809265137,874000.0
2018-02-07,7.236206531524658,8.399999618530273,8.699999809265137,8.399999618530273,8.600000381469727,1335300.0
2018-02-08,7.020842552185059,8.149999618530273,8.600000381469727,8.050000190734863,8.399999618530273,955800.0
2018-02-09,7.236206531524658,8.399999618530273,8.5,7.949999809265137,8.25,684100.0
2018-02-12,7.063916206359863,8.199999809265137,8.399999618530273,8.029999732971191,8.399999618530273,540100.0
2018-02-13,6.891626358032227,8.0,8.300000190734863,7.900000095367432,8.25,536200.0
2018-02-14,7.10698938369751,8.25,8.25,7.949999809265137,7.949999809265137,707600.0
2018-02-15,7.279279708862305,8.449999809265137,8.649999618530273,8.229999542236328,8.350000381469727,613200.0
2018-02-16,7.279279708862305,8.449999809265137,8.649999618530273,8.350000381469727,8.399999618530273,564900.0
2018-02-20,7.279279708862305,8.449999809265137,8.600000381469727,8.25,8.449999809265137,905800.0
2018-02-21,5.323780536651611,6.179999828338623,6.449999809265137,5.800000190734863,5.900000095367432,6902500.0
2018-02-22,4.781065940856934,5.550000190734863,6.199999809265137,5.5,6.150000095367432,2566600.0
2018-02-23,4.80690860748291,5.579999923706055,5.599999904632568,5.5,5.599999904632568,1228900.0
2018-02-26,4.479557037353516,5.199999809265137,5.75,5.150000095367432,5.550000190734863,2565700.0
2018-02-27,4.651847839355469,5.400000095367432,5.900000095367432,5.400000095367432,5.650000095367432,2610100.0
2018-02-28,4.651847839355469,5.400000095367432,5.630000114440918,5.300000190734863,5.400000095367432,1554300.0
2018-03-01,4.608774185180664,5.349999904632568,5.550000190734863,5.300000190734863,5.400000095367432,1195500.0
2018-03-02,4.808778762817383,5.53000020980835,5.599999904632568,5.300000190734863,5.400000095367432,1607000.0
2018-03-05,5.000085830688477,5.75,5.929999828338623,5.400000095367432,5.550000190734863,1327000.0
2018-03-06,5.130522727966309,5.900000095367432,6.0,5.650000095367432,5.75,923200.0
2018-03-07,5.043564796447754,5.800000190734863,5.900000095367432,5.699999809265137,5.900000095367432,884400.0
2018-03-08,5.043564796447754,5.800000190734863,5.949999809265137,5.800000190734863,5.900000095367432,555600.0
2018-03-09,5.174001693725586,5.949999809265137,6.0,5.75,5.800000190734863,1004200.0
2018-03-12,5.217480182647705,6.0,6.079999923706055,5.849999904632568,5.900000095367432,775100.0
2018-03-13,5.130522727966309,5.900000095367432,6.079999923706055,5.849999904632568,5.900000095367432,761100.0
2018-03-14,5.217480182647705,6.0,6.099999904632568,5.900000095367432,6.0,929800.0
2018-03-15,5.000085830688477,5.75,6.099999904632568,5.75,6.050000190734863,1017900.0
2018-03-16,5.174001693725586,5.949999809265137,6.050000190734863,5.75,5.75,1143300.0
2018-03-19,5.000085830688477,5.75,5.949999809265137,5.650000095367432,5.949999809265137,983400.0
2018-03-20,4.956605911254883,5.699999809265137,5.900000095367432,5.650000095367432,5.75,839700.0
2018-03-21,5.000085830688477,5.75,5.800000190734863,5.699999809265137,5.75,447400.0
2018-03-22,4.956605911254883,5.699999809265137,5.900000095367432,5.650000095367432,5.699999809265137,563600.0
2018-03-23,4.8696489334106445,5.599999904632568,5.800000190734863,5.599999904632568,5.75,624700.0
2018-03-26,5.304438591003418,6.099999904632568,6.150000095367432,5.650000095367432,5.650000095367432,1290500.0
2018-03-27,4.8696489334106445,5.599999904632568,6.050000190734863,5.579999923706055,6.050000190734863,971800.0
2018-03-28,5.043564796447754,5.800000190734863,5.900000095367432,5.599999904632568,5.599999904632568,698100.0
2018-03-29,5.217480182647705,6.0,6.050000190734863,5.78000020980835,5.800000190734863,809800.0
2018-04-02,4.8696489334106445,5.599999904632568,6.300000190734863,5.400000095367432,6.0,1034300.0
2018-04-03,4.982693672180176,5.730000019073486,5.75,5.550000190734863,5.550000190734863,299200.0
2018-04-04,5.174001693725586,5.949999809265137,6.0,5.650000095367432,5.699999809265137,628200.0
2018-04-05,5.3479180335998535,6.150000095367432,6.150000095367432,5.900000095367432,6.0,514100.0
2018-04-06,5.087043762207031,5.849999904632568,6.099999904632568,5.75,6.050000190734863,468100.0
2018-04-09,4.826169967651367,5.550000190734863,5.900000095367432,5.480000019073486,5.900000095367432,731000.0
2018-04-10,4.826169967651367,5.550000190734863,5.699999809265137,5.400000095367432,5.5,605100.0
2018-04-11,4.739211559295654,5.449999809265137,5.650000095367432,5.400000095367432,5.550000190734863,749400.0
2018-04-12,4.652253150939941,5.349999904632568,5.550000190734863,5.199999809265137,5.5,1109500.0
2018-04-13,4.652253150939941,5.349999904632568,5.550000190734863,5.28000020980835,5.349999904632568,1218500.0
2018-04-16,4.8696489334106445,5.599999904632568,5.699999809265137,5.300000190734863,5.349999904632568,1106000.0
2018-04-17,4.913127422332764,5.650000095367432,5.699999809265137,5.400000095367432,5.599999904632568,741000.0
2018-04-18,4.956605911254883,5.699999809265137,5.800000190734863,5.599999904632568,5.699999809265137,1155100.0
2018-04-19,5.217480182647705,6.0,6.75,5.849999904632568,5.900000095367432,2903200.0
2018-04-20,5.217480182647705,6.0,6.199999809265137,5.900000095367432,6.050000190734863,1863700.0
2018-04-23,5.56531286239624,6.400000095367432,6.599999904632568,6.0,6.050000190734863,2027600.0
2018-04-24,5.826186656951904,6.699999809265137,6.949999809265137,6.349999904632568,6.400000095367432,1731600.0
2018-04-25,6.0001020431518555,6.900000095367432,7.0,6.650000095367432,6.650000095367432,1050000.0
2018-04-26,6.0001020431518555,6.900000095367432,7.099999904632568,6.78000020980835,6.949999809265137,1185900.0
2018-04-27,6.131491661071777,7.0,7.050000190734863,6.849999904632568,6.849999904632568,642300.0
2018-04-30,6.0001020431518555,6.849999904632568,7.050000190734863,6.710000038146973,6.849999904632568,808600.0
2018-05-01,5.781120777130127,6.599999904632568,6.900000095367432,6.5,6.900000095367432,941400.0
2018-05-02,5.86871337890625,6.699999809265137,6.849999904632568,6.550000190734863,6.650000095367432,446400.0
2018-05-03,5.86871337890625,6.699999809265137,6.75,6.449999809265137,6.599999904632568,584400.0
2018-05-04,5.912509441375732,6.75,7.099999904632568,6.550000190734863,6.650000095367432,718500.0
2018-05-07,5.86871337890625,6.699999809265137,6.900000095367432,6.650000095367432,6.849999904632568,298300.0
2018-05-08,5.9563069343566895,6.800000190734863,6.849999904632568,6.599999904632568,6.650000095367432,548300.0
2018-05-09,6.0001020431518555,6.849999904632568,6.949999809265137,6.650000095367432,6.75,564000.0
2018-05-10,5.86871337890625,6.699999809265137,6.900000095367432,6.599999904632568,6.900000095367432,338300.0
2018-05-11,5.86871337890625,6.699999809265137,6.75,6.599999904632568,6.699999809265137,243300.0
2018-05-14,5.912509441375732,6.75,6.900000095367432,6.699999809265137,6.699999809265137,395200.0
2018-05-15,5.912509441375732,6.75,6.949999809265137,6.650000095367432,6.75,462100.0
2018-05-16,5.9563069343566895,6.800000190734863,6.900000095367432,6.650000095367432,6.800000190734863,660300.0
2018-05-17,6.0001020431518555,6.849999904632568,6.949999809265137,6.75,6.75,309600.0
2018-05-18,6.0001020431518555,6.849999904632568,6.900000095367432,6.75,6.849999904632568,827900.0
2018-05-21,6.131491661071777,7.0,7.179999828338623,6.800000190734863,6.900000095367432,807700.0
2018-05-22,6.175288677215576,7.050000190734863,7.099999904632568,6.900000095367432,7.050000190734863,913700.0
2018-05-23,6.394270420074463,7.300000190734863,7.5,7.050000190734863,7.099999904632568,466400.0
2018-05-24,6.52565860748291,7.449999809265137,7.550000190734863,7.150000095367432,7.300000190734863,923700.0
2018-05-25,6.438066005706787,7.349999904632568,7.550000190734863,7.25,7.400000095367432,565200.0
2018-05-29,6.350473403930664,7.25,7.429999828338623,7.099999904632568,7.300000190734863,477200.0
2018-05-30,6.350473403930664,7.25,7.400000095367432,7.199999809265137,7.25,324900.0
2018-05-31,6.306677341461182,7.199999809265137,7.300000190734863,7.099999904632568,7.300000190734863,611800.0
2018-06-01,6.394270420074463,7.300000190734863,7.349999904632568,7.179999828338623,7.199999809265137,412600.0
2018-06-04,6.7008442878723145,7.650000095367432,7.699999809265137,7.349999904632568,7.349999904632568,592700.0
2018-06-05,6.744640827178955,7.699999809265137,7.800000190734863,7.599999904632568,7.650000095367432,573000.0
2018-06-06,6.7884368896484375,7.75,7.849999904632568,7.650000095367432,7.699999809265137,414300.0
2018-06-07,6.65704870223999,7.599999904632568,7.75,7.550000190734863,7.699999809265137,283200.0
2018-06-08,6.65704870223999,7.599999904632568,7.679999828338623,7.5,7.599999904632568,224800.0
2018-06-11,6.876030445098877,7.849999904632568,7.900000095367432,7.449999809265137,7.650000095367432,495800.0
2018-06-12,7.182604789733887,8.199999809265137,8.25,7.75,7.900000095367432,967600.0
2018-06-13,7.051215648651123,8.050000190734863,8.350000381469727,7.75,8.25,889400.0
2018-06-14,6.744640827178955,7.699999809265137,8.100000381469727,7.380000114440918,8.0,1037400.0
2018-06-15,6.876030445098877,7.849999904632568,7.929999828338623,7.639999866485596,7.650000095367432,824900.0
2018-06-18,7.095012664794922,8.100000381469727,8.100000381469727,7.650000095367432,7.75,430500.0
2018-06-19,7.007419586181641,8.0,8.149999618530273,7.900000095367432,7.949999809265137,662600.0
2018-06-20,7.095012664794922,8.100000381469727,8.180000305175781,7.849999904632568,8.100000381469727,518000.0
2018-06-21,6.963622570037842,7.949999809265137,8.130000114440918,7.849999904632568,8.100000381469727,394500.0
2018-06-22,6.919826507568359,7.900000095367432,7.949999809265137,7.679999828338623,7.949999809265137,1287400.0
2018-06-25,6.919826507568359,7.900000095367432,7.949999809265137,7.75,7.800000190734863,712300.0
2018-06-26,7.051215648651123,8.050000190734863,8.050000190734863,7.849999904632568,7.949999809265137,384700.0
2018-06-27,6.963622570037842,7.949999809265137,8.199999809265137,7.949999809265137,8.100000381469727,396200.0
2018-06-28,6.919826507568359,7.900000095367432,8.0,7.760000228881836,7.949999809265137,588100.0
2018-06-29,6.744640827178955,7.699999809265137,7.949999809265137,7.650000095367432,7.900000095367432,324000.0
2018-07-02,6.744640827178955,7.699999809265137,7.800000190734863,7.550000190734863,7.699999809265137,315800.0
2018-07-03,7.226401329040527,8.25,8.300000190734863,7.699999809265137,7.699999809265137,439200.0
2018-07-05,7.62056827545166,8.699999809265137,8.75,8.100000381469727,8.25,860900.0
2018-07-06,7.5767717361450195,8.649999618530273,8.949999809265137,8.449999809265137,8.699999809265137,776200.0
2018-07-09,7.5767717361450195,8.649999618530273,8.800000190734863,8.649999618530273,8.649999618530273,336300.0
2018-07-10,7.313994407653809,8.350000381469727,8.75,8.25,8.649999618530273,633900.0
2018-07-11,7.313994407653809,8.350000381469727,8.649999618530273,8.0,8.300000190734863,821000.0
2018-07-12,7.313994407653809,8.350000381469727,8.5,8.100000381469727,8.350000381469727,438300.0
2018-07-13,7.051215648651123,8.050000190734863,8.430000305175781,8.0,8.25,622900.0
2018-07-16,7.095012664794922,8.100000381469727,8.199999809265137,7.849999904632568,8.0,568500.0
2018-07-17,7.095012664794922,8.100000381469727,8.199999809265137,7.949999809265137,8.100000381469727,464800.0
2018-07-18,7.27019739151001,8.300000190734863,8.319999694824219,7.900000095367432,8.050000190734863,1043600.0
2018-07-19,8.146124839782715,9.300000190734863,9.5,8.399999618530273,9.050000190734863,2761700.0
2018-07-20,7.708161354064941,8.800000190734863,9.399999618530273,8.75,9.399999618530273,1131400.0
2018-07-23,7.75195837020874,8.850000381469727,9.050000190734863,8.699999809265137,8.699999809265137,606100.0
2018-07-24,7.62056827545166,8.699999809265137,9.130000114440918,8.649999618530273,8.850000381469727,882400.0
2018-07-25,7.27019739151001,8.300000190734863,8.699999809265137,8.300000190734863,8.699999809265137,758800.0
2018-07-26,7.313994407653809,8.350000381469727,8.600000381469727,8.199999809265137,8.300000190734863,520600.0
2018-07-27,7.181812286376953,8.149999618530273,8.300000190734863,7.949999809265137,8.300000190734863,347800.0
2018-07-30,7.358054161071777,8.350000381469727,8.399999618530273,8.100000381469727,8.100000381469727,237400.0
2018-07-31,7.31399393081665,8.300000190734863,8.5,8.100000381469727,8.300000190734863,258200.0
2018-08-01,7.181812286376953,8.149999618530273,8.600000381469727,8.050000190734863,8.300000190734863,590300.0
2018-08-02,7.137753009796143,8.100000381469727,8.149999618530273,7.849999904632568,8.149999618530273,438000.0
2018-08-03,7.181812286376953,8.149999618530273,8.25,7.949999809265137,8.100000381469727,406300.0
2018-08-06,6.961512088775635,7.900000095367432,8.25,7.849999904632568,8.100000381469727,323500.0
2018-08-07,7.049632549285889,8.0,8.0,7.800000190734863,7.900000095367432,194600.0
2018-08-08,7.269933700561523,8.25,8.350000381469727,7.929999828338623,8.0,339200.0
2018-08-09,7.181812286376953,8.149999618530273,8.449999809265137,8.100000381469727,8.25,196600.0
2018-08-10,7.181812286376953,8.149999618530273,8.199999809265137,8.0,8.100000381469727,139800.0
2018-08-13,7.049632549285889,8.0,8.149999618530273,7.949999809265137,8.149999618530273,140300.0
2018-08-14,7.225872993469238,8.199999809265137,8.229999542236328,8.100000381469727,8.100000381469727,244500.0
2018-08-15,7.137753009796143,8.100000381469727,8.199999809265137,7.949999809265137,8.199999809265137,163100.0
2018-08-16,6.917451858520508,7.849999904632568,8.170000076293945,7.75,8.100000381469727,370500.0
2018-08-17,6.829331398010254,7.75,7.900000095367432,7.650000095367432,7.800000190734863,292700.0
2018-08-20,7.049632549285889,8.0,8.050000190734863,7.75,7.75,348900.0
2018-08-21,7.137753009796143,8.100000381469727,8.199999809265137,7.949999809265137,8.0,304200.0
2018-08-22,7.093692779541016,8.050000190734863,8.199999809265137,7.949999809265137,8.100000381469727,160100.0
2018-08-23,7.0055718421936035,7.949999809265137,8.100000381469727,7.949999809265137,8.0,255900.0
2018-08-24,7.0055718421936035,7.949999809265137,8.050000190734863,7.75,7.949999809265137,357300.0
2018-08-27,6.7412109375,7.650000095367432,8.0,7.550000190734863,7.949999809265137,307500.0
2018-08-28,6.697150707244873,7.599999904632568,7.849999904632568,7.5,7.650000095367432,220400.0
2018-08-29,6.785270690917969,7.699999809265137,7.800000190734863,7.579999923706055,7.599999904632568,149400.0
2018-08-30,6.6530914306640625,7.550000190734863,7.800000190734863,7.449999809265137,7.699999809265137,213200.0
2018-08-31,6.7412109375,7.650000095367432,7.650000095367432,7.449999809265137,7.5,134000.0
2018-09-04,6.697150707244873,7.599999904632568,7.699999809265137,7.449999809265137,7.550000190734863,248700.0
2018-09-05,6.785270690917969,7.699999809265137,7.829999923706055,7.599999904632568,7.650000095367432,184600.0
2018-09-06,6.785270690917969,7.699999809265137,7.800000190734863,7.650000095367432,7.699999809265137,141600.0
2018-09-07,6.609030246734619,7.5,7.75,7.5,7.650000095367432,155800.0
2018-09-10,6.7412109375,7.650000095367432,7.699999809265137,7.550000190734863,7.550000190734863,155000.0
2018-09-11,6.6530914306640625,7.550000190734863,7.800000190734863,7.449999809265137,7.650000095367432,460200.0
2018-09-12,6.4327898025512695,7.300000190734863,7.599999904632568,7.25,7.599999904632568,231100.0
2018-09-13,6.212489128112793,7.050000190734863,7.429999828338623,7.0,7.300000190734863,265700.0
2018-09-14,6.388729095458984,7.25,7.349999904632568,7.0,7.099999904632568,278600.0
2018-09-17,6.520909786224365,7.400000095367432,7.400000095367432,7.25,7.25,504800.0
2018-09-18,6.829331398010254,7.75,8.199999809265137,7.650000095367432,7.650000095367432,433100.0
2018-09-19,6.917451858520508,7.849999904632568,7.980000019073486,7.559999942779541,7.559999942779541,281200.0
2018-09-20,7.049632549285889,8.0,8.100000381469727,7.730000019073486,7.849999904632568,346400.0
2018-09-21,6.961512088775635,7.900000095367432,8.050000190734863,7.849999904632568,8.050000190734863,964100.0
2018-09-24,6.697150707244873,7.599999904632568,7.900000095367432,7.599999904632568,7.849999904632568,219900.0
2018-09-25,6.520909786224365,7.400000095367432,7.650000095367432,7.349999904632568,7.650000095367432,228700.0
2018-09-26,6.476849555969238,7.349999904632568,7.599999904632568,7.28000020980835,7.300000190734863,299500.0
2018-09-27,6.4327898025512695,7.300000190734863,7.400000095367432,7.199999809265137,7.349999904632568,283700.0
2018-09-28,6.300609111785889,7.150000095367432,7.349999904632568,7.099999904632568,7.25,211400.0
2018-10-01,6.16842794418335,7.0,7.25,6.980000019073486,7.179999828338623,305300.0
2018-10-02,5.91287899017334,6.710000038146973,7.019999980926514,6.670000076293945,7.010000228881836,459700.0
2018-10-03,5.921690940856934,6.71999979019165,6.800000190734863,6.570000171661377,6.730000019073486,381600.0
2018-10-04,5.842382907867432,6.630000114440918,6.800000190734863,6.559999942779541,6.710000038146973,217100.0
2018-10-05,5.639705657958984,6.400000095367432,6.650000095367432,6.349999904632568,6.599999904632568,294200.0
2018-10-08,5.7630743980407715,6.539999961853027,6.630000114440918,6.380000114440918,6.389999866485596,412800.0
2018-10-09,5.57802152633667,6.329999923706055,6.75,6.309999942779541,6.53000020980835,296700.0
2018-10-10,5.5075249671936035,6.25,6.789999961853027,6.179999828338623,6.789999961853027,1134500.0
2018-10-11,5.798322677612305,6.579999923706055,6.670000076293945,6.28000020980835,6.28000020980835,1100000.0
2018-10-12,5.719013690948486,6.489999771118164,6.860000133514404,6.369999885559082,6.710000038146973,543900.0
2018-10-15,5.683765888214111,6.449999809265137,6.570000171661377,6.420000076293945,6.46999979019165,477800.0
2018-10-16,5.851194858551025,6.639999866485596,6.699999809265137,6.269999980926514,6.480000019073486,705000.0
2018-10-17,5.91287899017334,6.710000038146973,6.730000019073486,6.440000057220459,6.579999923706055,828800.0
2018-10-18,5.657330513000488,6.420000076293945,7.269999980926514,6.349999904632568,7.150000095367432,1701300.0
2018-10-19,5.437028884887695,6.170000076293945,6.420000076293945,5.789999961853027,6.420000076293945,1300900.0
2018-10-22,5.622081756591797,6.380000114440918,6.599999904632568,6.110000133514404,6.159999847412109,898500.0
2018-10-23,5.622081756591797,6.380000114440918,6.559999942779541,6.25,6.349999904632568,560400.0
2018-10-24,5.560397148132324,6.309999942779541,6.989999771118164,6.289999961853027,6.579999923706055,983900.0
2018-10-25,5.47227668762207,6.210000038146973,6.380000114440918,6.119999885559082,6.320000171661377,513000.0
2018-10-26,5.498927593231201,6.190000057220459,6.260000228881836,5.960000038146973,6.059999942779541,630000.0
2018-10-29,5.569995880126953,6.269999980926514,6.400000095367432,6.150000095367432,6.210000038146973,499600.0
2018-10-30,5.765434265136719,6.489999771118164,6.579999923706055,6.309999942779541,6.340000152587891,445700.0
2018-10-31,5.774318218231201,6.5,6.869999885559082,6.489999771118164,6.75,377100.0
2018-11-01,5.721016883850098,6.440000057220459,6.679999828338623,6.429999828338623,6.5,981900.0
2018-11-02,5.880920886993408,6.619999885559082,6.630000114440918,6.389999866485596,6.460000038146973,548200.0
2018-11-05,5.721016883850098,6.440000057220459,6.639999866485596,6.380000114440918,6.610000133514404,366600.0
2018-11-06,5.792085647583008,6.519999980926514,6.550000190734863,6.420000076293945,6.420000076293945,494600.0
2018-11-07,5.836503505706787,6.570000171661377,6.599999904632568,6.340000152587891,6.519999980926514,1093600.0
2018-11-08,5.7476677894592285,6.46999979019165,6.579999923706055,6.440000057220459,6.53000020980835,223700.0
2018-11-09,5.623297691345215,6.329999923706055,6.5,6.28000020980835,6.429999828338623,258300.0
2018-11-12,5.507811069488525,6.199999809265137,6.369999885559082,6.179999828338623,6.320000171661377,419200.0
2018-11-13,5.285721778869629,5.949999809265137,6.269999980926514,5.920000076293945,6.199999809265137,472100.0
2018-11-14,5.10805082321167,5.75,6.150000095367432,5.710000038146973,5.989999771118164,559000.0
2018-11-15,5.347907543182373,6.019999980926514,6.079999923706055,5.71999979019165,5.75,466800.0
2018-11-16,5.481160640716553,6.170000076293945,6.230000019073486,5.900000095367432,5.980000019073486,347800.0
2018-11-19,5.418976306915283,6.099999904632568,6.239999771118164,5.949999809265137,6.150000095367432,332400.0
2018-11-20,5.51669454574585,6.210000038146973,6.380000114440918,6.03000020980835,6.150000095367432,482200.0
2018-11-21,5.525578022003174,6.21999979019165,6.380000114440918,6.139999866485596,6.230000019073486,279000.0
2018-11-23,5.498927593231201,6.190000057220459,6.239999771118164,6.070000171661377,6.190000057220459,158600.0
2018-11-26,5.38344144821167,6.059999942779541,6.269999980926514,5.960000038146973,6.269999980926514,451700.0
2018-11-27,5.436742782592773,6.119999885559082,6.119999885559082,6.0,6.019999980926514,208700.0
2018-11-28,5.632181644439697,6.340000152587891,6.349999904632568,6.079999923706055,6.119999885559082,403400.0
2018-11-29,5.339024066925049,6.010000228881836,6.300000190734863,6.0,6.300000190734863,301700.0
2018-11-30,5.250187873840332,5.909999847412109,6.019999980926514,5.900000095367432,6.019999980926514,630000.0
2018-12-03,5.330139636993408,6.0,6.059999942779541,5.880000114440918,6.039999961853027,545400.0
2018-12-04,5.116934299468994,5.760000228881836,6.050000190734863,5.710000038146973,5.96999979019165,515900.0
2018-12-06,5.161351680755615,5.809999942779541,5.920000076293945,5.599999904632568,5.769999980926514,450800.0
2018-12-07,5.028099060058594,5.659999847412109,5.840000152587891,5.519999980926514,5.769999980926514,519800.0
2018-12-10,4.850427150726318,5.460000038146973,5.650000095367432,5.420000076293945,5.650000095367432,892200.0
2018-12-11,4.726057052612305,5.320000171661377,5.860000133514404,5.300000190734863,5.570000171661377,435600.0
2018-12-12,4.850427150726318,5.460000038146973,5.659999847412109,5.369999885559082,5.369999885559082,472900.0
2018-12-13,4.7438249588012695,5.340000152587891,5.480000019073486,5.289999961853027,5.440000057220459,295400.0
2018-12-14,4.7438249588012695,5.340000152587891,5.409999847412109,5.269999980926514,5.269999980926514,302200.0
2018-12-17,4.797126293182373,5.400000095367432,5.539999961853027,5.289999961853027,5.320000171661377,645100.0
2018-12-18,4.868194580078125,5.480000019073486,5.590000152587891,5.400000095367432,5.46999979019165,690800.0
2018-12-19,5.10805082321167,5.75,5.800000190734863,5.46999979019165,5.46999979019165,841500.0
2018-12-20,5.116934299468994,5.760000228881836,5.849999904632568,5.679999828338623,5.71999979019165,857000.0
2018-12-21,5.028099060058594,5.659999847412109,5.900000095367432,5.510000228881836,5.78000020980835,1107200.0
2018-12-24,4.957030296325684,5.579999923706055,5.739999771118164,5.579999923706055,5.639999866485596,235300.0
2018-12-26,5.10805082321167,5.75,5.75,5.539999961853027,5.579999923706055,343600.0
2018-12-27,4.770474910736084,5.369999885559082,5.730000019073486,5.25,5.670000076293945,667900.0
2018-12-28,4.859311103820801,5.46999979019165,5.579999923706055,5.360000133514404,5.389999866485596,617300.0
2018-12-31,4.868194580078125,5.480000019073486,5.550000190734863,5.420000076293945,5.460000038146973,765000.0
2019-01-02,5.090283393859863,5.730000019073486,5.78000020980835,5.389999866485596,5.429999828338623,390500.0
2019-01-03,4.965913772583008,5.590000152587891,5.710000038146973,5.570000171661377,5.670000076293945,183100.0
2019-01-04,5.054749965667725,5.690000057220459,5.75,5.53000020980835,5.599999904632568,327100.0
2019-01-07,5.188003063201904,5.840000152587891,5.920000076293945,5.650000095367432,5.699999809265137,245600.0
2019-01-08,5.3034892082214355,5.96999979019165,6.019999980926514,5.809999942779541,5.880000114440918,258500.0
2019-01-09,5.4633941650390625,6.150000095367432,6.21999979019165,5.980000019073486,5.980000019073486,260600.0
2019-01-10,5.490044116973877,6.179999828338623,6.210000038146973,6.03000020980835,6.130000114440918,296700.0
2019-01-11,5.721016883850098,6.440000057220459,6.460000038146973,6.159999847412109,6.159999847412109,373400.0
2019-01-14,5.65883207321167,6.369999885559082,6.420000076293945,6.210000038146973,6.389999866485596,387400.0
2019-01-15,5.774318218231201,6.5,6.53000020980835,6.230000019073486,6.380000114440918,306500.0
2019-01-16,5.8720383644104,6.610000133514404,6.639999866485596,6.449999809265137,6.510000228881836,195800.0
2019-01-17,6.147428512573242,6.920000076293945,6.940000057220459,6.579999923706055,6.590000152587891,470800.0
2019-01-18,6.20961332321167,6.989999771118164,7.010000228881836,6.820000171661377,6.929999828338623,727700.0
2019-01-22,6.227380752563477,7.010000228881836,7.039999961853027,6.849999904632568,6.960000038146973,329900.0
2019-01-23,6.2984490394592285,7.090000152587891,7.099999904632568,6.760000228881836,7.010000228881836,267600.0
2019-01-24,6.316215991973877,7.110000133514404,7.130000114440918,7.0,7.090000152587891,265000.0
2019-01-25,6.48500394821167,7.300000190734863,7.320000171661377,7.110000133514404,7.119999885559082,408600.0
2019-01-28,6.564955711364746,7.389999866485596,7.480000019073486,7.199999809265137,7.25,470900.0
2019-01-29,6.5827226638793945,7.409999847412109,7.440000057220459,7.239999771118164,7.400000095367432,255700.0
2019-01-30,6.77816104888916,7.630000114440918,7.659999847412109,7.329999923706055,7.420000076293945,314700.0
2019-01-31,6.742626667022705,7.590000152587891,7.989999771118164,7.550000190734863,7.630000114440918,560200.0
2019-02-01,6.4672369956970215,7.28000020980835,7.599999904632568,7.260000228881836,7.570000171661377,341400.0
2019-02-04,6.4672369956970215,7.28000020980835,7.400000095367432,7.25,7.28000020980835,463200.0
2019-02-05,6.351750373840332,7.150000095367432,7.340000152587891,7.079999923706055,7.28000020980835,449100.0
2019-02-06,6.3695173263549805,7.170000076293945,7.28000020980835,7.059999942779541,7.139999866485596,304300.0
2019-02-07,6.174078464508057,6.949999809265137,7.21999979019165,6.929999828338623,7.159999847412109,262200.0
2019-02-08,6.120777130126953,6.889999866485596,6.96999979019165,6.840000152587891,6.929999828338623,266800.0
2019-02-11,6.156311511993408,6.929999828338623,6.960000038146973,6.75,6.860000133514404,280300.0
2019-02-12,6.316215991973877,7.110000133514404,7.21999979019165,6.949999809265137,6.949999809265137,350000.0
2019-02-13,6.3784003257751465,7.179999828338623,7.210000038146973,7.019999980926514,7.130000114440918,295000.0
2019-02-14,6.3784003257751465,7.179999828338623,7.25,7.099999904632568,7.159999847412109,273400.0
2019-02-15,6.618256568908691,7.449999809265137,7.579999923706055,7.170000076293945,7.199999809265137,500100.0
2019-02-19,5.525578022003174,6.21999979019165,7.199999809265137,6.03000020980835,7.010000228881836,1987200.0
2019-02-20,5.561112880706787,6.260000228881836,6.400000095367432,6.110000133514404,6.300000190734863,727200.0
2019-02-21,5.552228927612305,6.25,6.389999866485596,6.130000114440918,6.239999771118164,462600.0
2019-02-22,5.454509735107422,6.139999866485596,6.320000171661377,6.070000171661377,6.239999771118164,531900.0
2019-02-25,5.445626258850098,6.130000114440918,6.25,6.079999923706055,6.130000114440918,507700.0
2019-02-26,5.525578022003174,6.21999979019165,6.289999961853027,6.090000152587891,6.179999828338623,618000.0
2019-02-27,5.614413738250732,6.320000171661377,6.440000057220459,6.199999809265137,6.199999809265137,307000.0
2019-02-28,5.667715549468994,6.380000114440918,6.400000095367432,6.21999979019165,6.300000190734863,370300.0
2019-03-01,5.658761501312256,6.320000171661377,6.409999847412109,6.199999809265137,6.369999885559082,436400.0
2019-03-04,5.461780071258545,6.099999904632568,6.340000152587891,6.0,6.309999942779541,517100.0
2019-03-05,5.533409595489502,6.179999828338623,6.210000038146973,6.039999961853027,6.139999866485596,356600.0
2019-03-06,5.39910364151001,6.03000020980835,6.170000076293945,5.989999771118164,6.170000076293945,243800.0
2019-03-07,5.40805721282959,6.039999961853027,6.159999847412109,6.010000228881836,6.119999885559082,241900.0
2019-03-08,5.425964832305908,6.059999942779541,6.099999904632568,5.909999847412109,6.019999980926514,204600.0
2019-03-11,5.560270309448242,6.210000038146973,6.210000038146973,5.949999809265137,6.090000152587891,278600.0
2019-03-12,5.533409595489502,6.179999828338623,6.239999771118164,6.070000171661377,6.21999979019165,251000.0
2019-03-13,5.41701078414917,6.050000190734863,6.260000228881836,6.019999980926514,6.179999828338623,204400.0
2019-03-14,5.4349188804626465,6.070000171661377,6.110000133514404,5.889999866485596,6.050000190734863,393000.0
2019-03-15,5.4349188804626465,6.070000171661377,6.119999885559082,5.949999809265137,6.059999942779541,770100.0
2019-03-18,5.524456024169922,6.170000076293945,6.170000076293945,6.010000228881836,6.070000171661377,258800.0
2019-03-19,5.524456024169922,6.170000076293945,6.199999809265137,6.099999904632568,6.170000076293945,167900.0
2019-03-20,5.551316738128662,6.199999809265137,6.300000190734863,6.119999885559082,6.170000076293945,242900.0
2019-03-21,5.748299598693848,6.420000076293945,6.510000228881836,6.210000038146973,6.210000038146973,220200.0
2019-03-22,5.605039596557617,6.260000228881836,6.460000038146973,6.210000038146973,6.380000114440918,229200.0
2019-03-25,5.488640785217285,6.130000114440918,6.309999942779541,6.110000133514404,6.260000228881836,283600.0
2019-03-26,5.515501976013184,6.159999847412109,6.329999923706055,6.079999923706055,6.190000057220459,261500.0
2019-03-27,5.425964832305908,6.059999942779541,6.25,6.050000190734863,6.150000095367432,218100.0
2019-03-28,5.264797687530518,5.880000114440918,6.139999866485596,5.78000020980835,6.059999942779541,390100.0
2019-03-29,5.06781530380249,5.659999847412109,5.900000095367432,5.590000152587891,5.880000114440918,699200.0
2019-04-01,5.175260066986084,5.78000020980835,5.809999942779541,5.5,5.690000057220459,281600.0
2019-04-02,5.07676887512207,5.670000076293945,5.840000152587891,5.610000133514404,5.769999980926514,222600.0
2019-04-03,5.157352447509766,5.760000228881836,5.78000020980835,5.650000095367432,5.71999979019165,176000.0
2019-04-04,5.300612449645996,5.920000076293945,5.920000076293945,5.760000228881836,5.769999980926514,182100.0
2019-04-05,5.291658401489258,5.909999847412109,5.980000019073486,5.869999885559082,5.920000076293945,158000.0
2019-04-08,5.237936019897461,5.849999904632568,5.940000057220459,5.829999923706055,5.880000114440918,96100.0
2019-04-09,5.193167686462402,5.800000190734863,5.880000114440918,5.769999980926514,5.829999923706055,90400.0
2019-04-10,5.309566020965576,5.929999828338623,5.949999809265137,5.769999980926514,5.800000190734863,136300.0
2019-04-11,5.202120780944824,5.809999942779541,5.929999828338623,5.809999942779541,5.929999828338623,113500.0
2019-04-12,5.175260066986084,5.78000020980835,5.889999866485596,5.769999980926514,5.829999923706055,155400.0
2019-04-15,5.023046970367432,5.610000133514404,5.820000171661377,5.550000190734863,5.800000190734863,191800.0
2019-04-16,5.112584114074707,5.710000038146973,5.760000228881836,5.539999961853027,5.630000114440918,191100.0
2019-04-17,5.07676887512207,5.670000076293945,5.800000190734863,5.619999885559082,5.739999771118164,186800.0
2019-04-18,5.014092922210693,5.599999904632568,5.650000095367432,5.480000019073486,5.619999885559082,226200.0
2019-04-22,4.727572917938232,5.28000020980835,5.559999942779541,5.239999771118164,5.559999942779541,236900.0
2019-04-23,4.942462921142578,5.519999980926514,5.559999942779541,5.239999771118164,5.260000228881836,271700.0
2019-04-24,5.0320000648498535,5.619999885559082,5.670000076293945,5.489999771118164,5.489999771118164,189300.0
2019-04-25,4.933509349822998,5.510000228881836,5.599999904632568,5.329999923706055,5.579999923706055,257600.0
2019-04-26,5.049907684326172,5.639999866485596,5.659999847412109,5.449999809265137,5.519999980926514,227400.0
2019-04-29,5.103630065917969,5.699999809265137,5.739999771118164,5.480000019073486,5.610000133514404,291300.0
2019-04-30,4.351516246795654,4.860000133514404,4.980000019073486,4.440000057220459,4.809999942779541,1939500.0
2019-05-01,4.226163864135742,4.71999979019165,4.860000133514404,4.559999942779541,4.860000133514404,981500.0
2019-05-02,4.226163864135742,4.71999979019165,4.78000020980835,4.550000190734863,4.639999866485596,774400.0
2019-05-03,4.325709819793701,4.78000020980835,4.829999923706055,4.650000095367432,4.739999771118164,556500.0
2019-05-06,4.289510726928711,4.739999771118164,4.820000171661377,4.690000057220459,4.71999979019165,404100.0
2019-05-07,4.13566780090332,4.570000171661377,4.730000019073486,4.5,4.690000057220459,528500.0
2019-05-08,4.0994696617126465,4.53000020980835,4.610000133514404,4.53000020980835,4.559999942779541,404200.0
2019-05-09,4.090419769287109,4.519999980926514,4.590000152587891,4.46999979019165,4.53000020980835,345900.0
2019-05-10,4.027072429656982,4.449999809265137,4.53000020980835,4.369999885559082,4.489999771118164,648100.0
2019-05-13,3.9818248748779297,4.400000095367432,4.449999809265137,4.340000152587891,4.389999866485596,401000.0
2019-05-14,4.072320938110352,4.5,4.519999980926514,4.369999885559082,4.420000076293945,504000.0
2019-05-15,4.072320938110352,4.5,4.510000228881836,4.429999828338623,4.460000038146973,414400.0
2019-05-16,4.0994696617126465,4.53000020980835,4.659999847412109,4.5,4.5,596000.0
2019-05-17,4.126618385314941,4.559999942779541,4.659999847412109,4.480000019073486,4.480000019073486,353100.0
2019-05-20,4.2261643409729,4.670000076293945,4.75,4.519999980926514,4.519999980926514,319100.0
2019-05-21,4.380007266998291,4.840000152587891,4.880000114440918,4.659999847412109,4.690000057220459,643000.0
2019-05-22,4.162816524505615,4.599999904632568,4.840000152587891,4.559999942779541,4.820000171661377,409400.0
2019-05-23,4.081370830535889,4.510000228881836,4.630000114440918,4.46999979019165,4.599999904632568,457500.0
2019-05-24,4.090419769287109,4.519999980926514,4.590000152587891,4.449999809265137,4.519999980926514,372900.0
2019-05-28,3.9818248748779297,4.400000095367432,4.599999904632568,4.369999885559082,4.510000228881836,437300.0
2019-05-29,4.008973598480225,4.429999828338623,4.449999809265137,4.289999961853027,4.380000114440918,480100.0
2019-05-30,3.9456262588500977,4.360000133514404,4.449999809265137,4.329999923706055,4.420000076293945,329800.0
2019-05-31,3.78273344039917,4.179999828338623,4.340000152587891,4.150000095367432,4.300000190734863,375200.0
2019-06-03,3.665088653564453,4.050000190734863,4.190000057220459,4.010000228881836,4.170000076293945,275300.0
2019-06-04,3.9094278812408447,4.320000171661377,4.329999923706055,4.090000152587891,4.090000152587891,310500.0
2019-06-05,3.683187961578369,4.070000171661377,4.380000114440918,4.010000228881836,4.340000152587891,583200.0
2019-06-06,3.4297990798950195,3.7899999618530273,4.079999923706055,3.700000047683716,4.070000171661377,714100.0
2019-06-07,3.710336685180664,4.099999904632568,4.400000095367432,3.950000047683716,3.9700000286102295,835700.0
2019-06-10,3.692237377166748,4.079999923706055,4.25,4.039999961853027,4.119999885559082,374400.0
2019-06-11,3.719386339187622,4.110000133514404,4.230000019073486,4.059999942779541,4.190000057220459,365300.0
2019-06-12,3.728435754776001,4.119999885559082,4.139999866485596,4.039999961853027,4.079999923706055,220900.0
2019-06-13,3.764634132385254,4.159999847412109,4.230000019073486,4.110000133514404,4.130000114440918,227700.0
2019-06-14,3.692237377166748,4.079999923706055,4.170000076293945,4.070000171661377,4.159999847412109,170500.0
2019-06-17,3.6107912063598633,3.990000009536743,4.059999942779541,3.880000114440918,4.059999942779541,516300.0
2019-06-18,3.5655429363250732,3.940000057220459,4.050000190734863,3.890000104904175,4.0,464400.0
2019-06-19,3.5383944511413574,3.9100000858306885,3.940000057220459,3.7899999618530273,3.940000057220459,574200.0
2019-06-20,3.656038999557495,4.039999961853027,4.059999942779541,3.859999895095825,3.9000000953674316,408900.0
2019-06-21,3.637939929962158,4.019999980926514,4.159999847412109,3.990000009536743,4.010000228881836,936600.0
2019-06-24,3.601741313934326,3.9800000190734863,4.079999923706055,3.940000057220459,4.019999980926514,272200.0
2019-06-25,3.5293445587158203,3.9000000953674316,4.059999942779541,3.890000104904175,3.990000009536743,259900.0
2019-06-26,3.4931459426879883,3.859999895095825,3.9700000286102295,3.8299999237060547,3.930000066757202,349700.0
2019-06-27,3.5564935207366943,3.930000066757202,3.9700000286102295,3.880000114440918,3.9000000953674316,342300.0
2019-06-28,3.619840621948242,4.0,4.050000190734863,3.9100000858306885,3.930000066757202,1072200.0
2019-07-01,3.665088653564453,4.050000190734863,4.25,4.010000228881836,4.079999923706055,435800.0
2019-07-02,3.692237377166748,4.079999923706055,4.130000114440918,4.050000190734863,4.050000190734863,171600.0
2019-07-03,3.701287031173706,4.090000152587891,4.119999885559082,4.039999961853027,4.110000133514404,99300.0
2019-07-05,3.746535062789917,4.139999866485596,4.150000095367432,4.03000020980835,4.079999923706055,153500.0
2019-07-08,3.755584716796875,4.150000095367432,4.179999828338623,4.099999904632568,4.110000133514404,149300.0
2019-07-09,3.692237377166748,4.079999923706055,4.199999809265137,4.079999923706055,4.119999885559082,208300.0
2019-07-10,3.755584716796875,4.150000095367432,4.190000057220459,4.059999942779541,4.110000133514404,215000.0
2019-07-11,3.800832509994507,4.199999809265137,4.260000228881836,4.139999866485596,4.170000076293945,358100.0
2019-07-12,3.9275271892547607,4.340000152587891,4.429999828338623,4.210000038146973,4.21999979019165,376500.0
2019-07-15,3.818931818008423,4.21999979019165,4.369999885559082,4.179999828338623,4.349999904632568,243900.0
2019-07-16,3.800832509994507,4.199999809265137,4.300000190734863,4.179999828338623,4.179999828338623,162000.0
2019-07-17,3.873229742050171,4.28000020980835,4.329999923706055,4.199999809265137,4.230000019073486,537800.0
2019-07-18,3.737485408782959,4.130000114440918,4.329999923706055,4.079999923706055,4.289999961853027,838100.0
2019-07-19,3.692237377166748,4.079999923706055,4.179999828338623,4.039999961853027,4.099999904632568,1007000.0
2019-07-22,3.5926918983459473,3.9700000286102295,4.119999885559082,3.880000114440918,4.090000152587891,1068400.0
2019-07-23,2.7963268756866455,3.0899999141693115,3.509999990463257,2.9700000286102295,3.509999990463257,2682600.0
2019-07-24,2.6334340572357178,2.9100000858306885,3.0399999618530273,2.869999885559082,2.950000047683716,1368400.0
2019-07-25,2.479590892791748,2.740000009536743,2.880000114440918,2.680000066757202,2.869999885559082,1193100.0
2019-07-26,2.534897804260254,2.75,2.799999952316284,2.569999933242798,2.7699999809265137,1704200.0
2019-07-29,2.663947105407715,2.890000104904175,2.9800000190734863,2.759999990463257,2.759999990463257,900200.0
2019-07-30,2.4427196979522705,2.6500000953674316,2.9200000762939453,2.630000114440918,2.890000104904175,505500.0
2019-07-31,2.3874127864837646,2.5899999141693115,2.930000066757202,2.5299999713897705,2.6600000858306885,735300.0
2019-08-01,2.332105875015259,2.5299999713897705,2.680000066757202,2.509999990463257,2.640000104904175,703300.0
2019-08-02,2.3136703968048096,2.509999990463257,2.5999999046325684,2.509999990463257,2.549999952316284,485500.0
2019-08-05,2.3413236141204834,2.5399999618530273,2.569999933242798,2.440000057220459,2.4800000190734863,627500.0
2019-08-06,2.304452419281006,2.5,2.569999933242798,2.4700000286102295,2.509999990463257,311100.0
2019-08-07,2.2583634853363037,2.450000047683716,2.5,2.430000066757202,2.4600000381469727,253800.0
2019-08-08,2.3597593307495117,2.559999942779541,2.640000104904175,2.450000047683716,2.450000047683716,672700.0
2019-08-09,2.221492290496826,2.4100000858306885,2.619999885559082,2.4100000858306885,2.569999933242798,482200.0
2019-08-12,2.2122745513916016,2.4000000953674316,2.5299999713897705,2.359999895095825,2.4000000953674316,1015100.0
2019-08-13,2.433501958847046,2.640000104904175,2.7100000381469727,2.4600000381469727,2.4600000381469727,743500.0
2019-08-14,2.3597593307495117,2.559999942779541,2.640000104904175,2.5399999618530273,2.559999942779541,376500.0
2019-08-15,2.1569674015045166,2.3399999141693115,2.549999952316284,2.2699999809265137,2.549999952316284,452700.0
2019-08-16,2.1385319232940674,2.319999933242798,2.369999885559082,2.240000009536743,2.3399999141693115,552600.0
2019-08-19,2.1293141841888428,2.309999942779541,2.369999885559082,2.2899999618530273,2.369999885559082,427900.0
2019-08-20,2.1569674015045166,2.3399999141693115,2.3499999046325684,2.2699999809265137,2.299999952316284,400800.0
2019-08-21,2.4150662422180176,2.619999885559082,2.640000104904175,2.359999895095825,2.4000000953674316,288200.0
2019-08-22,2.5441155433654785,2.759999990463257,2.799999952316284,2.609999895095825,2.6500000953674316,255400.0
2019-08-23,2.405848264694214,2.609999895095825,2.799999952316284,2.609999895095825,2.75,304700.0
2019-08-26,2.4980266094207764,2.7100000381469727,2.7799999713897705,2.609999895095825,2.6600000858306885,315400.0
2019-08-27,2.3689770698547363,2.569999933242798,2.7200000286102295,2.549999952316284,2.700000047683716,217400.0
2019-08-28,2.479590892791748,2.690000057220459,2.690000057220459,2.5399999618530273,2.569999933242798,174300.0
2019-08-29,2.4980266094207764,2.7100000381469727,2.7799999713897705,2.690000057220459,2.7300000190734863,172700.0
2019-08-30,2.479590892791748,2.690000057220459,2.759999990463257,2.6600000858306885,2.7200000286102295,125400.0
2019-09-03,2.3966305255889893,2.5999999046325684,2.680000066757202,2.559999942779541,2.6600000858306885,292600.0
2019-09-04,2.3136703968048096,2.509999990463257,2.609999895095825,2.5,2.5999999046325684,254900.0
2019-09-05,2.3966305255889893,2.5999999046325684,2.680000066757202,2.5199999809265137,2.5199999809265137,297900.0
2019-09-06,2.4703731536865234,2.680000066757202,2.7200000286102295,2.609999895095825,2.609999895095825,140300.0
2019-09-09,2.378194808959961,2.5799999237060547,2.7699999809265137,2.5399999618530273,2.690000057220459,456600.0
2019-09-10,2.553333282470703,2.7699999809265137,2.8499999046325684,2.5799999237060547,2.5799999237060547,518200.0
2019-09-11,2.765342950820923,3.0,3.009999990463257,2.740000009536743,2.7899999618530273,436500.0
2019-09-12,2.7284717559814453,2.9600000381469727,3.049999952316284,2.880000114440918,3.0199999809265137,318400.0
2019-09-13,2.636293649673462,2.859999895095825,3.009999990463257,2.819999933242798,2.950000047683716,283000.0
2019-09-16,2.6455113887786865,2.869999885559082,2.890000104904175,2.7899999618530273,2.890000104904175,222500.0
2019-09-17,2.5994224548339844,2.819999933242798,2.859999895095825,2.7200000286102295,2.859999895095825,251300.0
2019-09-18,2.4427196979522705,2.6500000953674316,2.809999942779541,2.630000114440918,2.809999942779541,388700.0
2019-09-19,2.7469074726104736,2.9800000190734863,3.0299999713897705,2.640000104904175,2.6600000858306885,726100.0
2019-09-20,2.8851747512817383,3.130000114440918,3.2200000286102295,2.9600000381469727,2.990000009536743,1340400.0
2019-09-23,2.8298676013946533,3.069999933242798,3.190000057220459,3.0399999618530273,3.0899999141693115,402700.0
2019-09-24,2.995788335800171,3.25,3.2899999618530273,3.0799999237060547,3.0999999046325684,642400.0
2019-09-25,2.986570358276367,3.240000009536743,3.259999990463257,3.119999885559082,3.240000009536743,386400.0
2019-09-26,2.8206498622894287,3.059999942779541,3.2300000190734863,3.0299999713897705,3.2100000381469727,205700.0
2019-09-27,2.9589171409606934,3.2100000381469727,3.2200000286102295,3.0299999713897705,3.059999942779541,379800.0
2019-09-30,2.940481424331665,3.190000057220459,3.2300000190734863,3.0999999046325684,3.2100000381469727,274600.0
2019-10-01,2.912827968597412,3.1600000858306885,3.240000009536743,3.0899999141693115,3.200000047683716,226200.0
2019-10-02,2.73768949508667,2.9700000286102295,3.109999895095825,2.890000104904175,3.109999895095825,235700.0
2019-10-03,2.7745609283447266,3.009999990463257,3.0199999809265137,2.859999895095825,3.0,188300.0
2019-10-04,2.765342950820923,3.0,3.0299999713897705,2.940000057220459,3.0,139700.0
2019-10-07,2.7284717559814453,2.9600000381469727,3.069999933242798,2.950000047683716,3.0,165100.0
2019-10-08,2.6731650829315186,2.9000000953674316,2.950000047683716,2.869999885559082,2.9100000858306885,195400.0
2019-10-09,2.6731650829315186,2.9000000953674316,2.940000057220459,2.869999885559082,2.9200000762939453,124400.0
2019-10-10,2.710036277770996,2.940000057220459,3.0,2.869999885559082,2.869999885559082,121300.0
2019-10-11,2.8298676013946533,3.069999933242798,3.2100000381469727,2.950000047683716,2.950000047683716,348300.0
2019-10-14,2.7284717559814453,2.9600000381469727,3.049999952316284,2.930000066757202,3.0399999618530273,186000.0
2019-10-15,2.8298676013946533,3.069999933242798,3.190000057220459,2.9700000286102295,2.9700000286102295,191400.0
2019-10-16,2.811432123184204,3.049999952316284,3.1700000762939453,3.009999990463257,3.009999990463257,138500.0
2019-10-17,2.8298676013946533,3.069999933242798,3.180000066757202,3.049999952316284,3.109999895095825,199800.0
2019-10-18,2.866738796234131,3.109999895095825,3.140000104904175,3.0199999809265137,3.0199999809265137,177700.0
2019-10-21,3.087966203689575,3.3499999046325684,3.359999895095825,3.059999942779541,3.140000104904175,748400.0
2019-10-22,1.0416125059127808,1.1299999952316284,1.4199999570846558,1.0,1.0099999904632568,11305500.0
2019-10-23,1.6038990020751953,1.7400000095367432,1.840000033378601,1.0199999809265137,1.0399999618530273,17814100.0
2019-10-24,1.5578099489212036,1.690000057220459,1.7699999809265137,1.5499999523162842,1.7100000381469727,3984400.0
2019-10-25,1.5025030374526978,1.6299999952316284,1.6699999570846558,1.5399999618530273,1.6299999952316284,1376100.0
2019-10-28,1.6684235334396362,1.809999942779541,1.9900000095367432,1.7300000190734863,1.7999999523162842,4813100.0
2019-10-29,1.6499879360198975,1.7899999618530273,1.8200000524520874,1.7000000476837158,1.7999999523162842,1220100.0
2019-10-30,1.5670278072357178,1.7000000476837158,1.8200000524520874,1.690000057220459,1.7999999523162842,901800.0
2019-10-31,1.5485920906066895,1.6799999475479126,1.75,1.5299999713897705,1.559999942779541,3048700.0
2019-11-01,1.5670278072357178,1.7000000476837158,1.7300000190734863,1.6699999570846558,1.6699999570846558,2009800.0
2019-11-04,1.5209386348724365,1.649999976158142,1.7899999618530273,1.5700000524520874,1.7300000190734863,12032300.0
2019-11-05,1.61311674118042,1.75,1.75,1.649999976158142,1.7300000190734863,1301900.0
2019-11-06,1.67764151096344,1.8200000524520874,1.840000033378601,1.7400000095367432,1.75,826400.0
2019-11-07,1.5209386348724365,1.649999976158142,1.8300000429153442,1.6299999952316284,1.8300000429153442,1158200.0
2019-11-08,1.3458002805709839,1.4600000381469727,1.690000057220459,1.4299999475479126,1.659999966621399,7844900.0
2019-11-11,1.419542670249939,1.5399999618530273,1.5800000429153442,1.350000023841858,1.399999976158142,1578700.0
2019-11-12,1.2351865768432617,1.340000033378601,1.590000033378601,1.2599999904632568,1.5399999618530273,6726500.0
2019-11-13,1.2259687185287476,1.3300000429153442,1.3899999856948853,1.25,1.3600000143051147,2340200.0
2019-11-14,1.2444044351577759,1.350000023841858,1.399999976158142,1.3200000524520874,1.340000033378601,912700.0
2019-11-15,1.2536221742630005,1.3600000143051147,1.4199999570846558,1.340000033378601,1.3600000143051147,683300.0
2019-11-18,1.2812756299972534,1.3899999856948853,1.3899999856948853,1.3200000524520874,1.3700000047683716,658800.0
2019-11-19,1.3365825414657593,1.4500000476837158,1.4500000476837158,1.350000023841858,1.350000023841858,443000.0
2019-11-20,1.318146824836731,1.4299999475479126,1.4600000381469727,1.3899999856948853,1.4500000476837158,318700.0
2019-11-21,1.3458002805709839,1.4600000381469727,1.4700000286102295,1.4199999570846558,1.4299999475479126,744800.0
2019-11-22,1.4287605285644531,1.5499999523162842,1.5700000524520874,1.4700000286102295,1.4700000286102295,574900.0
2019-11-25,1.5578099489212036,1.690000057220459,1.7000000476837158,1.5499999523162842,1.5499999523162842,583600.0
2019-11-26,1.4932851791381836,1.6200000047683716,1.7400000095367432,1.6200000047683716,1.690000057220459,398300.0
2019-11-27,1.5117207765579224,1.6399999856948853,1.690000057220459,1.5499999523162842,1.6200000047683716,583500.0
2019-11-29,1.5485920906066895,1.6799999475479126,1.7000000476837158,1.6100000143051147,1.6399999856948853,86400.0
2019-12-02,1.5025030374526978,1.6299999952316284,1.7200000286102295,1.6100000143051147,1.6799999475479126,668600.0
2019-12-03,1.5393742322921753,1.6699999570846558,1.6699999570846558,1.6200000047683716,1.6200000047683716,372000.0
2019-12-04,1.5117207765579224,1.6399999856948853,1.6699999570846558,1.600000023841858,1.649999976158142,14400.0
2019-12-05,1.5578099489212036,1.690000057220459,1.7000000476837158,1.6100000143051147,1.6399999856948853,430900.0
2019-12-06,1.5946811437606812,1.7300000190734863,1.7699999809265137,1.649999976158142,1.690000057220459,356700.0
2019-12-09,1.484067440032959,1.6100000143051147,1.7000000476837158,1.6100000143051147,1.690000057220459,546200.0
2019-12-10,1.5485920906066895,1.6799999475479126,1.7000000476837158,1.6100000143051147,1.6299999952316284,210200.0
2019-12-11,1.5762455463409424,1.7100000381469727,1.75,1.649999976158142,1.6799999475479126,179100.0
2019-12-12,1.6407701969146729,1.7799999713897705,1.8300000429153442,1.659999966621399,1.7100000381469727,523800.0
2019-12-13,1.5854634046554565,1.7200000286102295,1.7899999618530273,1.7000000476837158,1.7699999809265137,156000.0
2019-12-16,1.6684235334396362,1.809999942779541,1.809999942779541,1.7100000381469727,1.7100000381469727,65900.0
2019-12-17,1.6407701969146729,1.7799999713897705,1.809999942779541,1.75,1.809999942779541,62500.0
2019-12-18,1.622334599494934,1.7599999904632568,1.7999999523162842,1.7000000476837158,1.7699999809265137,206700.0
2019-12-19,1.622334599494934,1.7599999904632568,1.850000023841858,1.75,1.7699999809265137,222500.0
2019-12-20,1.6315523386001587,1.7699999809265137,1.809999942779541,1.75,1.7899999618530273,144900.0
2019-12-23,1.5762455463409424,1.7100000381469727,1.809999942779541,1.7100000381469727,1.7100000381469727,155600.0
2019-12-24,1.5762455463409424,1.7100000381469727,1.7300000190734863,1.7000000476837158,1.7100000381469727,18000.0
2019-12-26,1.5854634046554565,1.7200000286102295,1.7400000095367432,1.7000000476837158,1.7100000381469727,52400.0
2019-12-27,1.5393742322921753,1.6699999570846558,1.7300000190734863,1.649999976158142,1.7200000286102295,277000.0
2019-12-30,1.5301564931869507,1.659999966621399,1.7200000286102295,1.6399999856948853,1.7000000476837158,160300.0
2019-12-31,1.5578099489212036,1.690000057220459,1.7400000095367432,1.6200000047683716,1.649999976158142,337800.0
2020-01-02,1.5209386348724365,1.649999976158142,1.690000057220459,1.6100000143051147,1.690000057220459,55200.0
2020-01-03,1.484067440032959,1.6100000143051147,1.659999966621399,1.6100000143051147,1.649999976158142,27100.0
2020-01-06,1.5393742322921753,1.6699999570846558,1.7000000476837158,1.6200000047683716,1.6200000047683716,40100.0
2020-01-07,1.67764151096344,1.8200000524520874,1.840000033378601,1.6699999570846558,1.6699999570846558,234800.0
2020-01-08,1.61311674118042,1.75,1.8300000429153442,1.7100000381469727,1.8200000524520874,195900.0
2020-01-09,1.6315523386001587,1.7699999809265137,1.8300000429153442,1.75,1.7799999713897705,188300.0
2020-01-10,1.6407701969146729,1.7799999713897705,1.7899999618530273,1.7599999904632568,1.7599999904632568,48400.0
2020-01-13,1.6315523386001587,1.7699999809265137,1.8300000429153442,1.7000000476837158,1.7999999523162842,40900.0
2020-01-14,1.6592057943344116,1.7999999523162842,1.7999999523162842,1.75,1.7999999523162842,78600.0
2020-01-15,1.6407701969146729,1.7799999713897705,1.7999999523162842,1.75,1.7799999713897705,59500.0
2020-01-16,1.67764151096344,1.8200000524520874,1.8200000524520874,1.7599999904632568,1.7799999713897705,63400.0
2020-01-17,1.723730444908142,1.8700000047683716,1.8700000047683716,1.7999999523162842,1.8200000524520874,56400.0
2020-01-21,1.7052948474884033,1.850000023841858,1.8899999856948853,1.7699999809265137,1.840000033378601,26600.0
2020-01-22,1.723730444908142,1.8700000047683716,1.8899999856948853,1.8300000429153442,1.8700000047683716,34200.0
2020-01-23,1.67764151096344,1.8200000524520874,1.8899999856948853,1.7699999809265137,1.850000023841858,65900.0
2020-01-24,1.6960771083831787,1.840000033378601,1.8700000047683716,1.7999999523162842,1.7999999523162842,25900.0
2020-01-27,1.6499879360198975,1.7899999618530273,1.850000023841858,1.7699999809265137,1.8300000429153442,227200.0
2020-01-28,1.6960771083831787,1.840000033378601,1.8600000143051147,1.7300000190734863,1.840000033378601,106300.0
2020-01-29,1.7052948474884033,1.850000023841858,1.8700000047683716,1.840000033378601,1.840000033378601,42300.0
2020-01-30,1.751383900642395,1.899999976158142,1.899999976158142,1.8200000524520874,1.850000023841858,82100.0
2020-01-31,1.7052948474884033,1.850000023841858,1.899999976158142,1.840000033378601,1.899999976158142,112300.0
2020-02-03,1.6684235334396362,1.809999942779541,1.840000033378601,1.690000057220459,1.75,257600.0
2020-02-04,1.6315523386001587,1.7699999809265137,1.8300000429153442,1.7400000095367432,1.8300000429153442,63100.0
2020-02-05,1.61311674118042,1.75,1.7999999523162842,1.690000057220459,1.7200000286102295,19800.0
2020-02-06,1.61311674118042,1.75,1.7899999618530273,1.7400000095367432,1.7899999618530273,13600.0
2020-02-07,1.6592057943344116,1.7999999523162842,1.7999999523162842,1.7000000476837158,1.75,19900.0
2020-02-10,1.6407701969146729,1.7799999713897705,1.809999942779541,1.75,1.7999999523162842,77200.0
2020-02-11,1.6407701969146729,1.7799999713897705,1.809999942779541,1.7799999713897705,1.809999942779541,98900.0
2020-02-12,1.7698194980621338,1.9199999570846558,1.9199999570846558,1.7799999713897705,1.7799999713897705,149400.0
2020-02-13,1.8159085512161255,1.9700000286102295,1.9700000286102295,1.850000023841858,1.850000023841858,35000.0
2020-02-14,1.6684235334396362,1.809999942779541,1.909999966621399,1.809999942779541,1.909999966621399,13600.0
2020-02-18,1.6960771083831787,1.840000033378601,1.8700000047683716,1.7999999523162842,1.850000023841858,29300.0
2020-02-19,1.6684235334396362,1.809999942779541,1.8899999856948853,1.7799999713897705,1.8300000429153442,185200.0
2020-02-20,1.9173043966293335,2.0799999237060547,2.0799999237060547,1.809999942779541,1.809999942779541,1748600.0
2020-02-21,1.8712154626846313,2.0299999713897705,2.069999933242798,1.9900000095367432,2.069999933242798,284700.0
2020-02-24,1.8251264095306396,1.9800000190734863,2.009999990463257,1.9500000476837158,2.0,43800.0
2020-02-25,1.7052948474884033,1.850000023841858,2.0299999713897705,1.8300000429153442,1.9900000095367432,433500.0
2020-02-26,1.6868592500686646,1.8300000429153442,1.8700000047683716,1.7999999523162842,1.850000023841858,174100.0
2020-02-27,1.5946811437606812,1.7300000190734863,1.8300000429153442,1.7300000190734863,1.809999942779541,232800.0
2020-02-28,1.5946811437606812,1.7300000190734863,1.7999999523162842,1.6799999475479126,1.7999999523162842,117400.0
2020-03-02,1.7052948474884033,1.850000023841858,1.940000057220459,1.7400000095367432,1.75,5000.0
2020-03-03,1.6960771083831787,1.840000033378601,1.9199999570846558,1.75,1.7699999809265137,210900.0
2020-03-04,1.61311674118042,1.75,1.909999966621399,1.75,1.850000023841858,42900.0
2020-03-05,1.622334599494934,1.7599999904632568,1.7699999809265137,1.7200000286102295,1.75,54900.0
2020-03-06,1.5301564931869507,1.659999966621399,1.7799999713897705,1.649999976158142,1.7000000476837158,228100.0
2020-03-09,1.3089289665222168,1.4199999570846558,1.6100000143051147,1.409999966621399,1.6100000143051147,221700.0
2020-03-10,1.2444044351577759,1.350000023841858,1.4600000381469727,1.2799999713897705,1.399999976158142,144500.0
2020-03-11,1.0323947668075562,1.1200000047683716,1.3700000047683716,1.059999942779541,1.3700000047683716,365600.0
2020-03-12,0.7466425895690918,0.8100000023841858,1.149999976158142,0.10000000149011612,1.0499999523162842,573000.0
2020-03-13,0.9217810034751892,1.0,1.1200000047683716,0.800000011920929,0.949999988079071,465200.0
2020-03-16,0.7374247908592224,0.800000011920929,1.0,0.7200000286102295,0.9200000166893005,69000.0
2020-03-17,0.7189891338348389,0.7799999713897705,0.8500000238418579,0.7699999809265137,0.7699999809265137,34100.0
2020-03-18,0.5069795846939087,0.550000011920929,0.75,0.4099999964237213,0.75,2434200.0
2020-03-19,0.470108300447464,0.5099999904632568,0.5899999737739563,0.4000000059604645,0.44999998807907104,254800.0
2020-03-20,0.4240192770957947,0.46000000834465027,0.5199999809265137,0.46000000834465027,0.5199999809265137,105200.0
2020-03-23,0.5069795846939087,0.550000011920929,0.550000011920929,0.46000000834465027,0.46000000834465027,73700.0
2020-03-24,0.4608905017375946,0.5,0.550000011920929,0.44999998807907104,0.44999998807907104,97500.0
2020-03-25,0.5807220339775085,0.6299999952316284,0.699999988079071,0.5299999713897705,0.5799999833106995,46900.0
2020-03-26,0.9125632047653198,0.9900000095367432,1.0,0.5299999713897705,0.6000000238418579,51300.0
2020-03-27,0.811167299747467,0.8799999952316284,0.8999999761581421,0.6899999976158142,0.6899999976158142,5900.0
2020-03-30,0.7374247908592224,0.800000011920929,0.800000011920929,0.75,0.7799999713897705,17600.0
2020-03-31,0.8019495010375977,0.8700000047683716,0.8700000047683716,0.75,0.800000011920929,15300.0
2020-04-01,0.6913357377052307,0.75,0.8100000023841858,0.5799999833106995,0.800000011920929,54000.0
2020-04-02,0.5991576313972473,0.6499999761581421,0.7200000286102295,0.6499999761581421,0.6499999761581421,29100.0
2020-04-03,0.5991576313972473,0.6499999761581421,0.6600000262260437,0.550000011920929,0.6499999761581421,59000.0
2020-04-06,0.6913357377052307,0.75,0.75,0.6600000262260437,0.6600000262260437,16400.0
2020-04-07,0.811167299747467,0.8799999952316284,0.8899999856948853,0.699999988079071,0.699999988079071,23800.0
2020-04-08,0.8572563529014587,0.9300000071525574,0.9300000071525574,0.800000011920929,0.800000011920929,90700.0
2020-04-09,1.0139591693878174,1.100000023841858,1.100000023841858,0.8500000238418579,0.9300000071525574,124800.0
2020-04-13,1.023176908493042,1.1100000143051147,1.190000057220459,1.0,1.100000023841858,144000.0
2020-04-14,1.0784837007522583,1.1699999570846558,1.5199999809265137,1.0499999523162842,1.0499999523162842,129800.0
2020-04-15,1.0877015590667725,1.1799999475479126,1.2799999713897705,1.1200000047683716,1.1200000047683716,28700.0
2020-04-16,1.0692659616470337,1.159999966621399,1.159999966621399,1.1299999952316284,1.149999976158142,26700.0
2020-04-17,1.0600481033325195,1.149999976158142,1.2000000476837158,1.149999976158142,1.149999976158142,35300.0
2020-04-20,1.0784837007522583,1.1699999570846558,1.2400000095367432,1.1100000143051147,1.1399999856948853,78900.0
2020-04-21,1.023176908493042,1.1100000143051147,1.1799999475479126,1.100000023841858,1.1699999570846558,19700.0
2020-04-22,1.1061372756958008,1.2000000476837158,1.2000000476837158,1.1100000143051147,1.1699999570846558,22400.0
2020-04-23,1.0139591693878174,1.100000023841858,1.2000000476837158,1.059999942779541,1.149999976158142,29200.0
2020-04-24,0.9955235123634338,1.0800000429153442,1.2200000286102295,1.0800000429153442,1.2200000286102295,49100.0
2020-04-27,0.9494343996047974,1.0299999713897705,1.100000023841858,0.949999988079071,1.0800000429153442,105400.0
2020-04-28,0.9678699970245361,1.0499999523162842,1.149999976158142,1.0299999713897705,1.059999942779541,24300.0
2020-04-29,1.0047413110733032,1.090000033378601,1.1299999952316284,1.059999942779541,1.1200000047683716,170500.0
2020-04-30,1.0139591693878174,1.100000023841858,1.1100000143051147,1.0700000524520874,1.090000033378601,282800.0
2020-05-01,0.9678699970245361,1.0499999523162842,1.1299999952316284,1.0299999713897705,1.1299999952316284,90000.0
2020-05-04,0.9678699970245361,1.0499999523162842,1.1399999856948853,1.0099999904632568,1.1399999856948853,74500.0
2020-05-05,0.9217810034751892,1.0,1.0399999618530273,0.949999988079071,1.0299999713897705,88100.0
2020-05-06,0.9033454060554504,0.9800000190734863,1.0,0.9200000166893005,0.9900000095367432,63600.0
2020-05-07,0.894127607345581,0.9700000286102295,1.0499999523162842,0.9700000286102295,0.9800000190734863,41400.0
2020-05-08,0.9586521983146667,1.0399999618530273,1.2000000476837158,0.9700000286102295,1.0499999523162842,330700.0
2020-05-11,1.0139591693878174,1.100000023841858,1.100000023841858,1.0299999713897705,1.059999942779541,21500.0
2020-05-12,0.9678699970245361,1.0499999523162842,1.100000023841858,1.0499999523162842,1.100000023841858,11900.0
2020-05-13,0.9678699970245361,1.0499999523162842,1.100000023841858,1.0,1.0499999523162842,17200.0
2020-05-14,0.9309988021850586,1.0099999904632568,1.0499999523162842,1.0099999904632568,1.0499999523162842,11400.0
2020-05-15,0.940216600894928,1.0199999809265137,1.0499999523162842,1.0099999904632568,1.0199999809265137,8200.0
2020-05-18,0.9494343996047974,1.0299999713897705,1.0499999523162842,1.0,1.0499999523162842,236800.0
2020-05-19,1.0047413110733032,1.090000033378601,1.090000033378601,0.8999999761581421,1.0299999713897705,17400.0
2020-05-20,0.9678699970245361,1.0499999523162842,1.0700000524520874,0.9800000190734863,1.0099999904632568,539300.0
2020-05-21,0.9863057136535645,1.0700000524520874,1.1799999475479126,1.0099999904632568,1.0099999904632568,118500.0
2020-05-22,1.0323947668075562,1.1200000047683716,1.1699999570846558,1.0299999713897705,1.0299999713897705,24600.0
2020-05-26,1.0323947668075562,1.1200000047683716,1.159999966621399,1.0700000524520874,1.0700000524520874,72400.0
2020-05-27,1.0784837007522583,1.1699999570846558,1.2200000286102295,1.1100000143051147,1.1100000143051147,100200.0
2020-05-28,1.0877015590667725,1.1799999475479126,1.2400000095367432,1.1399999856948853,1.1699999570846558,77000.0
2020-05-29,1.1798796653747559,1.2799999713897705,1.440000057220459,1.159999966621399,1.1699999570846558,63800.0
2020-06-01,1.1061372756958008,1.2000000476837158,1.2799999713897705,1.1699999570846558,1.1699999570846558,35100.0
2020-06-02,1.0784837007522583,1.1699999570846558,1.25,1.1699999570846558,1.1699999570846558,13700.0
2020-06-03,1.0600481033325195,1.149999976158142,1.2300000190734863,1.059999942779541,1.1699999570846558,419700.0
2020-06-04,1.1983152627944946,1.2999999523162842,1.4199999570846558,1.100000023841858,1.100000023841858,419200.0
2020-06-05,1.2997112274169922,1.409999966621399,1.4500000476837158,1.309999942779541,1.309999942779541,82800.0
2020-06-08,1.4287605285644531,1.5499999523162842,1.5700000524520874,1.350000023841858,1.409999966621399,64600.0
2020-06-09,1.3734537363052368,1.4900000095367432,1.7400000095367432,1.4700000286102295,1.5700000524520874,32800.0
2020-06-10,1.2444044351577759,1.350000023841858,1.5,1.3200000524520874,1.5,107900.0
2020-06-11,1.0877015590667725,1.1799999475479126,1.340000033378601,1.100000023841858,1.3300000429153442,70600.0
2020-06-12,1.0877015590667725,1.1799999475479126,1.2200000286102295,1.1200000047683716,1.2200000286102295,62500.0
2020-06-15,1.152226209640503,1.25,1.25,1.1799999475479126,1.1799999475479126,10000.0
2020-06-16,1.0877015590667725,1.1799999475479126,1.25,1.1200000047683716,1.25,87900.0
2020-06-17,1.0692659616470337,1.159999966621399,1.2300000190734863,1.1399999856948853,1.2300000190734863,13600.0
2020-06-18,1.1337906122207642,1.2300000190734863,1.25,1.1699999570846558,1.1699999570846558,120600.0
2020-06-19,1.1798796653747559,1.2799999713897705,1.3200000524520874,1.2000000476837158,1.3200000524520874,82500.0
2020-06-22,1.2536221742630005,1.3600000143051147,1.4199999570846558,1.2100000381469727,1.2799999713897705,22600.0
2020-06-23,1.2444044351577759,1.350000023841858,1.4500000476837158,1.2999999523162842,1.409999966621399,19400.0
2020-06-24,1.1890974044799805,1.2899999618530273,1.4600000381469727,1.2599999904632568,1.4600000381469727,10300.0
2020-06-25,1.1983152627944946,1.2999999523162842,1.399999976158142,1.25,1.2899999618530273,14600.0
2020-06-26,1.2536221742630005,1.3600000143051147,1.590000033378601,1.25,1.2999999523162842,33300.0
2020-06-29,1.161444067955017,1.2599999904632568,1.3600000143051147,1.25,1.309999942779541,7900.0
2020-06-30,1.1983152627944946,1.2999999523162842,1.2999999523162842,1.25,1.2999999523162842,166600.0
2020-07-01,1.1983152627944946,1.2999999523162842,1.2999999523162842,1.2200000286102295,1.2999999523162842,12600.0
2020-07-02,1.1983152627944946,1.2999999523162842,1.2999999523162842,1.2200000286102295,1.2999999523162842,62500.0
2020-07-06,1.1890974044799805,1.2899999618530273,1.3600000143051147,1.2599999904632568,1.2999999523162842,4600.0
2020-07-07,1.4748495817184448,1.600000023841858,1.659999966621399,1.25,1.2599999904632568,185500.0
2020-07-08,1.4932851791381836,1.6200000047683716,1.7300000190734863,1.5,1.5800000429153442,94300.0
2020-07-09,1.484067440032959,1.6100000143051147,1.6200000047683716,1.559999942779541,1.6200000047683716,11100.0
2020-07-10,1.4379782676696777,1.559999942779541,1.6100000143051147,1.559999942779541,1.590000033378601,32300.0
2020-07-13,1.4656318426132202,1.590000033378601,1.6100000143051147,1.5,1.559999942779541,42500.0
2020-07-14,1.4748495817184448,1.600000023841858,1.6100000143051147,1.5499999523162842,1.5499999523162842,38500.0
2020-07-15,1.4748495817184448,1.600000023841858,1.600000023841858,1.5499999523162842,1.5700000524520874,26500.0
2020-07-16,1.456413984298706,1.5800000429153442,1.600000023841858,1.399999976158142,1.5800000429153442,30700.0
2020-07-17,1.419542670249939,1.5399999618530273,1.6100000143051147,1.3799999952316284,1.6100000143051147,33400.0
2020-07-20,1.4287605285644531,1.5499999523162842,1.600000023841858,1.5199999809265137,1.5499999523162842,6200.0
2020-07-21,1.355018138885498,1.4700000286102295,1.5399999618530273,1.3899999856948853,1.5199999809265137,16700.0
2020-07-22,1.456413984298706,1.5800000429153442,1.6100000143051147,1.409999966621399,1.4500000476837158,80100.0
2020-07-23,1.4656318426132202,1.590000033378601,1.600000023841858,1.5,1.5199999809265137,12700.0
2020-07-24,1.419542670249939,1.5399999618530273,1.659999966621399,1.5199999809265137,1.6100000143051147,55800.0
2020-07-27,1.4287605285644531,1.5499999523162842,1.75,1.5199999809265137,1.75,70200.0
2020-07-28,1.5762455463409424,1.7100000381469727,1.7300000190734863,1.590000033378601,1.590000033378601,100500.0
2020-07-29,1.6038990020751953,1.7400000095367432,1.75,1.6699999570846558,1.6699999570846558,79600.0
2020-07-30,1.6038990020751953,1.7400000095367432,1.75,1.559999942779541,1.6799999475479126,47600.0
2020-07-31,1.7606016397476196,1.909999966621399,1.909999966621399,1.649999976158142,1.7300000190734863,50100.0
2020-08-03,1.7606016397476196,1.909999966621399,1.940000057220459,1.7799999713897705,1.909999966621399,69200.0
2020-08-04,1.7790372371673584,1.9299999475479126,1.9299999475479126,1.7999999523162842,1.8700000047683716,57300.0
2020-08-05,1.751383900642395,1.899999976158142,1.9900000095367432,1.8300000429153442,1.8300000429153442,89100.0
2020-08-06,1.9265222549438477,2.0899999141693115,2.190000057220459,1.899999976158142,1.9800000190734863,638800.0
2020-08-07,1.8435620069503784,2.0,2.0899999141693115,1.9800000190734863,2.059999942779541,503700.0
2020-08-10,1.972611427307129,2.140000104904175,2.140000104904175,1.9500000476837158,2.0399999618530273,145800.0
2020-08-11,2.0094826221466064,2.180000066757202,2.180000066757202,2.059999942779541,2.1500000953674316,38400.0
2020-08-12,2.0279183387756348,2.200000047683716,2.200000047683716,2.0899999141693115,2.1700000762939453,106300.0
2020-08-13,2.046353816986084,2.2200000286102295,2.2200000286102295,2.1700000762939453,2.200000047683716,268200.0
2020-08-14,2.0371360778808594,2.2100000381469727,2.2200000286102295,2.109999895095825,2.140000104904175,61600.0
2020-08-17,2.046353816986084,2.2200000286102295,2.2200000286102295,2.130000114440918,2.200000047683716,17300.0
2020-08-18,2.175403118133545,2.359999895095825,2.359999895095825,2.200000047683716,2.200000047683716,102200.0
2020-08-19,2.2122745513916016,2.4000000953674316,2.4800000190734863,2.2100000381469727,2.359999895095825,133700.0
2020-08-20,2.2399280071258545,2.430000066757202,2.509999990463257,2.299999952316284,2.4800000190734863,23000.0
2020-08-21,2.3689770698547363,2.569999933242798,2.700000047683716,2.380000114440918,2.380000114440918,114400.0
2020-08-24,2.4150662422180176,2.619999885559082,2.740000009536743,2.5,2.740000009536743,81700.0
2020-08-25,2.350541591644287,2.549999952316284,2.7200000286102295,2.5,2.5999999046325684,54900.0
2020-08-26,2.3413236141204834,2.5399999618530273,2.680000066757202,2.490000009536743,2.680000066757202,39200.0
2020-08-27,2.2675812244415283,2.4600000381469727,2.5999999046325684,2.4000000953674316,2.5999999046325684,38700.0
2020-08-28,2.2952346801757812,2.490000009536743,2.509999990463257,2.4000000953674316,2.4600000381469727,20100.0
2020-08-31,2.2952346801757812,2.490000009536743,2.509999990463257,2.380000114440918,2.509999990463257,21400.0
2020-09-01,2.120096206665039,2.299999952316284,2.440000057220459,1.7200000286102295,1.8600000143051147,259100.0
2020-09-02,2.2122745513916016,2.4000000953674316,2.4800000190734863,2.2799999713897705,2.4100000858306885,53900.0
2020-09-03,2.221492290496826,2.4100000858306885,2.4700000286102295,2.4000000953674316,2.4200000762939453,60100.0
2020-09-04,2.2122745513916016,2.4000000953674316,2.4200000762939453,2.4000000953674316,2.4200000762939453,11200.0
2020-09-08,2.332105875015259,2.5299999713897705,2.700000047683716,2.4100000858306885,2.450000047683716,37800.0
2020-09-09,2.304452419281006,2.5,2.690000057220459,2.450000047683716,2.5,43600.0
2020-09-10,2.304452419281006,2.5,2.690000057220459,2.5,2.5,87600.0
2020-09-11,2.4888088703155518,2.700000047683716,2.7300000190734863,2.5799999237060547,2.630000114440918,90500.0
2020-09-14,2.534897804260254,2.75,2.7699999809265137,2.509999990463257,2.619999885559082,17400.0
2020-09-15,2.479590892791748,2.690000057220459,2.799999952316284,2.6500000953674316,2.75,23900.0
2020-09-16,2.461155414581299,2.6700000762939453,2.7799999713897705,2.619999885559082,2.700000047683716,42500.0
2020-09-17,2.534897804260254,2.75,2.890000104904175,2.700000047683716,2.7200000286102295,19000.0
2020-09-18,2.608640193939209,2.8299999237060547,2.8499999046325684,2.759999990463257,2.809999942779541,32000.0
2020-09-21,2.608640193939209,2.8299999237060547,2.8499999046325684,2.799999952316284,2.8399999141693115,23400.0
2020-09-22,2.580986738204956,2.799999952316284,2.8499999046325684,2.75,2.7699999809265137,38500.0
2020-09-23,2.4980266094207764,2.7100000381469727,2.8499999046325684,2.700000047683716,2.75,37700.0
2020-09-24,2.4703731536865234,2.680000066757202,2.740000009536743,2.5999999046325684,2.6500000953674316,12200.0
2020-09-25,2.405848264694214,2.609999895095825,2.680000066757202,2.559999942779541,2.5899999141693115,6900.0
2020-09-28,2.534897804260254,2.75,2.8299999237060547,2.5399999618530273,2.5399999618530273,74000.0
2020-09-29,2.580986738204956,2.799999952316284,2.8399999141693115,2.6600000858306885,2.690000057220459,35400.0
2020-09-30,2.627075672149658,2.8499999046325684,2.8499999046325684,2.799999952316284,2.809999942779541,26400.0
2020-10-01,2.5902044773101807,2.809999942779541,2.8499999046325684,2.809999942779541,2.809999942779541,21900.0
2020-10-02,2.6178579330444336,2.8399999141693115,2.9000000953674316,2.75,2.809999942779541,156700.0
2020-10-05,2.7008183002471924,2.930000066757202,2.930000066757202,2.75,2.75,32700.0
2020-10-06,2.7284717559814453,2.9600000381469727,2.9600000381469727,2.8299999237060547,2.8299999237060547,33300.0
2020-10-07,2.682382822036743,2.9100000858306885,2.9600000381469727,2.8499999046325684,2.930000066757202,12800.0
2020-10-08,2.6731650829315186,2.9000000953674316,2.950000047683716,2.869999885559082,2.940000057220459,5200.0
2020-10-09,2.7469074726104736,2.9800000190734863,3.009999990463257,2.930000066757202,2.950000047683716,31700.0
2020-10-12,2.8575210571289062,3.0999999046325684,3.200000047683716,2.930000066757202,2.930000066757202,1399000.0
2020-10-13,2.9773526191711426,3.2300000190734863,3.2899999618530273,3.0999999046325684,3.0999999046325684,35900.0
2020-10-14,2.968134880065918,3.2200000286102295,3.2899999618530273,3.200000047683716,3.259999990463257,39900.0
2020-10-15,3.2354512214660645,3.509999990463257,3.5999999046325684,3.1700000762939453,3.200000047683716,71400.0
2020-10-16,3.2538869380950928,3.5299999713897705,4.010000228881836,3.3299999237060547,3.559999942779541,92800.0
2020-10-19,3.3184115886688232,3.5999999046325684,3.630000114440918,3.3499999046325684,3.5299999713897705,31000.0
2020-10-20,3.447460889816284,3.740000009536743,3.75,3.4600000381469727,3.4600000381469727,113300.0
2020-10-21,3.3184115886688232,3.5999999046325684,3.8499999046325684,3.5799999237060547,3.740000009536743,70500.0
2020-10-22,3.5119855403900146,3.809999942779541,3.8499999046325684,3.559999942779541,3.5999999046325684,76300.0
2020-10-23,3.585728168487549,3.890000104904175,3.890000104904175,3.609999895095825,3.880000114440918,61200.0
2020-10-26,3.530421257019043,3.8299999237060547,3.9100000858306885,3.6500000953674316,3.819999933242798,50700.0
2020-10-27,3.6410350799560547,3.950000047683716,4.199999809265137,3.6700000762939453,3.6700000762939453,146000.0
2020-10-28,3.604163885116577,3.9100000858306885,4.0,3.859999895095825,4.0,58800.0
2020-10-29,3.8253912925720215,4.150000095367432,4.150000095367432,3.8499999046325684,3.950000047683716,38500.0
2020-10-30,3.936004877090454,4.269999980926514,4.420000076293945,4.070000171661377,4.070000171661377,107600.0
2020-11-02,4.046618461608887,4.389999866485596,4.46999979019165,4.269999980926514,4.269999980926514,182300.0
2020-11-03,4.212539196014404,4.570000171661377,4.639999866485596,4.389999866485596,4.440000057220459,266900.0
2020-11-04,4.120360851287842,4.46999979019165,4.570000171661377,4.300000190734863,4.570000171661377,101800.0
2020-11-05,3.6686882972717285,3.9800000190734863,4.300000190734863,3.5999999046325684,4.300000190734863,310500.0
2020-11-06,3.6133816242218018,3.9200000762939453,3.9700000286102295,3.799999952316284,3.9200000762939453,141000.0
2020-11-09,3.659470558166504,3.9700000286102295,4.050000190734863,3.880000114440918,3.9600000381469727,199500.0
2020-11-10,3.6225993633270264,3.930000066757202,3.9700000286102295,3.5799999237060547,3.9700000286102295,96800.0
2020-11-11,3.447460889816284,3.740000009536743,3.950000047683716,3.6500000953674316,3.950000047683716,184100.0
2020-11-12,3.1524910926818848,3.4200000762939453,3.7200000286102295,3.299999952316284,3.690000057220459,139700.0
2020-11-13,3.2631046772003174,3.5399999618530273,3.549999952316284,3.380000114440918,3.450000047683716,938300.0
2020-11-16,3.6225993633270264,3.930000066757202,3.930000066757202,3.4000000953674316,3.549999952316284,559100.0
2020-11-17,3.687124013900757,4.0,4.0,3.890000104904175,3.890000104904175,98200.0
2020-11-18,3.733213186264038,4.050000190734863,4.239999771118164,3.9600000381469727,3.9600000381469727,243600.0
2020-11-19,3.945222854614258,4.28000020980835,4.730000019073486,4.050000190734863,4.050000190734863,142800.0
2020-11-20,4.148014545440674,4.5,4.630000114440918,4.199999809265137,4.349999904632568,203900.0
2020-11-23,3.9820940494537354,4.320000171661377,4.550000190734863,4.309999942779541,4.550000190734863,24600.0
2020-11-24,4.009747505187988,4.349999904632568,4.380000114440918,4.329999923706055,4.329999923706055,56200.0
2020-11-25,4.101925373077393,4.449999809265137,4.539999961853027,4.349999904632568,4.369999885559082,658300.0
2020-11-27,4.148014545440674,4.5,4.590000152587891,4.460000038146973,4.460000038146973,495500.0
2020-11-30,4.184885501861572,4.539999961853027,4.550000190734863,4.440000057220459,4.5,385800.0
2020-12-01,4.184885501861572,4.539999961853027,4.590000152587891,4.5,4.519999980926514,283800.0
2020-12-02,4.138796329498291,4.489999771118164,4.550000190734863,4.059999942779541,4.5,83500.0
2020-12-03,4.101925373077393,4.449999809265137,4.550000190734863,4.349999904632568,4.5,64700.0
2020-12-04,3.963658571243286,4.300000190734863,4.489999771118164,4.099999904632568,4.489999771118164,41600.0
2020-12-07,3.99131178855896,4.329999923706055,4.420000076293945,4.039999961853027,4.170000076293945,47800.0
2020-12-08,4.000529766082764,4.340000152587891,4.369999885559082,4.019999980926514,4.210000038146973,89200.0
2020-12-09,4.037400722503662,4.380000114440918,4.380000114440918,4.110000133514404,4.300000190734863,34500.0
2020-12-10,4.0281829833984375,4.369999885559082,4.389999866485596,4.110000133514404,4.25,54700.0
2020-12-11,3.945222854614258,4.28000020980835,4.369999885559082,4.239999771118164,4.239999771118164,20500.0
2020-12-14,3.8253912925720215,4.150000095367432,4.360000133514404,4.110000133514404,4.239999771118164,55900.0
2020-12-15,3.8253912925720215,4.150000095367432,4.230000019073486,4.070000171661377,4.110000133514404,169500.0
2020-12-16,4.20332145690918,4.559999942779541,4.599999904632568,4.300000190734863,4.300000190734863,317100.0
2020-12-17,4.221756935119629,4.579999923706055,4.599999904632568,4.420000076293945,4.590000152587891,108900.0
2020-12-18,4.148014545440674,4.5,4.599999904632568,4.400000095367432,4.510000228881836,57000.0
2020-12-21,4.148014545440674,4.5,4.579999923706055,4.449999809265137,4.570000171661377,64300.0
2020-12-22,4.194103717803955,4.550000190734863,4.699999809265137,4.519999980926514,4.690000057220459,355700.0
2020-12-23,4.148014545440674,4.5,4.699999809265137,4.400000095367432,4.550000190734863,92200.0
2020-12-24,4.148014545440674,4.5,4.590000152587891,4.320000171661377,4.46999979019165,52400.0
2020-12-28,3.8714799880981445,4.199999809265137,4.510000228881836,4.150000095367432,4.349999904632568,135800.0
2020-12-29,3.963658571243286,4.300000190734863,4.369999885559082,4.179999828338623,4.239999771118164,91500.0
2020-12-30,3.8991336822509766,4.230000019073486,4.340000152587891,4.139999866485596,4.340000152587891,119000.0
2020-12-31,3.963658571243286,4.300000190734863,4.449999809265137,4.130000114440918,4.150000095367432,104500.0
2021-01-04,3.862262487411499,4.190000057220459,4.28000020980835,4.099999904632568,4.28000020980835,44900.0
2021-01-05,3.9544403553009033,4.289999961853027,4.400000095367432,4.179999828338623,4.179999828338623,127800.0
2021-01-06,3.936004877090454,4.269999980926514,4.269999980926514,4.099999904632568,4.21999979019165,108400.0
2021-01-07,4.101925373077393,4.449999809265137,4.449999809265137,4.139999866485596,4.269999980926514,107100.0
2021-01-08,4.194103717803955,4.550000190734863,4.550000190734863,4.119999885559082,4.409999847412109,158000.0
2021-01-11,3.963658571243286,4.300000190734863,4.550000190734863,4.300000190734863,4.550000190734863,27900.0
2021-01-12,3.963658571243286,4.300000190734863,4.5,4.199999809265137,4.199999809265137,49800.0
2021-01-13,3.99131178855896,4.329999923706055,4.389999866485596,4.199999809265137,4.389999866485596,23400.0
2021-01-14,3.9544403553009033,4.289999961853027,4.389999866485596,4.210000038146973,4.28000020980835,51300.0
2021-01-15,4.009747505187988,4.349999904632568,4.449999809265137,4.210000038146973,4.289999961853027,41300.0
2021-01-19,4.037400722503662,4.380000114440918,4.480000019073486,4.349999904632568,4.349999904632568,38800.0
2021-01-20,4.046618461608887,4.389999866485596,4.400000095367432,4.349999904632568,4.400000095367432,39800.0
2021-01-21,4.0558366775512695,4.400000095367432,4.400000095367432,4.320000171661377,4.329999923706055,36000.0
2021-01-22,4.046618461608887,4.389999866485596,4.400000095367432,4.179999828338623,4.360000133514404,47900.0
2021-01-25,4.332370758056641,4.699999809265137,4.71999979019165,4.179999828338623,4.389999866485596,1285300.0
2021-01-26,4.544380187988281,4.929999828338623,4.929999828338623,4.630000114440918,4.710000038146973,1927900.0
2021-01-27,4.7932610511779785,5.199999809265137,5.5,4.75,4.929999828338623,173700.0
2021-01-28,4.627340793609619,5.019999980926514,5.25,5.010000228881836,5.039999961853027,112900.0
2021-01-29,4.83935022354126,5.25,5.25,5.0,5.079999923706055,78200.0
2021-02-01,5.346330165863037,5.800000190734863,5.920000076293945,5.119999885559082,5.119999885559082,212500.0
2021-02-02,5.438508033752441,5.900000095367432,6.099999904632568,5.510000228881836,5.809999942779541,270300.0
2021-02-03,6.185150623321533,6.710000038146973,6.849999904632568,5.900000095367432,5.900000095367432,665600.0
2021-02-04,5.991576671600342,6.5,6.699999809265137,5.559999942779541,6.699999809265137,150600.0
2021-02-05,6.037665843963623,6.550000190734863,6.599999904632568,6.050000190734863,6.590000152587891,228400.0
2021-02-08,6.397160053253174,6.940000057220459,6.940000057220459,6.510000228881836,6.519999980926514,494400.0
2021-02-09,6.092972755432129,6.610000133514404,6.949999809265137,6.599999904632568,6.940000057220459,59500.0
2021-02-10,6.0468831062316895,6.559999942779541,6.849999904632568,6.300000190734863,6.599999904632568,162200.0
2021-02-11,6.056101322174072,6.570000171661377,6.650000095367432,6.329999923706055,6.449999809265137,31100.0
2021-02-12,6.655258655548096,7.21999979019165,7.699999809265137,6.510000228881836,6.590000152587891,769600.0
2021-02-16,6.894921779632568,7.480000019073486,7.699999809265137,6.630000114440918,7.199999809265137,108600.0
2021-02-17,6.424813270568848,6.96999979019165,7.650000095367432,6.949999809265137,7.46999979019165,43700.0
2021-02-18,6.083754539489746,6.599999904632568,6.96999979019165,6.329999923706055,6.96999979019165,100300.0
2021-02-19,6.02844762802124,6.539999961853027,7.0,6.349999904632568,6.940000057220459,70500.0
2021-02-22,5.991576671600342,6.5,6.75,6.300000190734863,6.400000095367432,289400.0
2021-02-23,5.908616065979004,6.409999847412109,6.550000190734863,6.139999866485596,6.550000190734863,58300.0
2021-02-24,6.470902442932129,7.019999980926514,7.25,6.409999847412109,6.420000076293945,42000.0
2021-02-25,6.295763969421387,6.829999923706055,7.070000171661377,6.550000190734863,6.829999923706055,24200.0
2021-02-26,6.314199924468994,6.849999904632568,6.889999866485596,6.449999809265137,6.889999866485596,50100.0
2021-03-01,6.148279190063477,6.670000076293945,7.099999904632568,6.599999904632568,6.849999904632568,79900.0
2021-03-02,6.45246696472168,7.0,7.5,6.849999904632568,6.849999904632568,119400.0
2021-03-03,6.17593240737915,6.699999809265137,7.0,6.650000095367432,7.0,57300.0
2021-03-04,5.751913070678711,6.239999771118164,6.960000038146973,6.199999809265137,6.699999809265137,174100.0
2021-03-05,5.7426958084106445,6.230000019073486,6.5,5.75,6.230000019073486,138600.0
2021-03-08,5.7426958084106445,6.230000019073486,6.550000190734863,6.0,6.5,333400.0
2021-03-09,5.770349502563477,6.260000228881836,6.539999961853027,5.909999847412109,6.230000019073486,126700.0
2021-03-10,5.991576671600342,6.5,6.650000095367432,6.150000095367432,6.150000095367432,170500.0
2021-03-11,6.222021579742432,6.75,7.059999942779541,6.610000133514404,6.610000133514404,173700.0
2021-03-12,6.268111228942871,6.800000190734863,7.0,6.449999809265137,6.920000076293945,590300.0
2021-03-15,6.406377792358398,6.949999809265137,6.949999809265137,6.789999961853027,6.800000190734863,99100.0
2021-03-16,6.4340314865112305,6.980000019073486,7.0,6.940000057220459,6.949999809265137,130000.0
2021-03-17,6.378724575042725,6.920000076293945,7.0,6.75,6.980000019073486,45200.0
2021-03-18,6.45246696472168,7.0,7.0,6.920000076293945,6.929999828338623,90600.0
2021-03-19,6.45246696472168,7.0,7.0,6.900000095367432,7.0,104900.0
2021-03-22,6.295763969421387,6.829999923706055,7.010000228881836,6.829999923706055,7.0,34300.0
2021-03-23,6.083754539489746,6.599999904632568,7.0,6.590000152587891,6.829999923706055,81800.0
2021-03-24,6.037665843963623,6.550000190734863,6.800000190734863,6.289999961853027,6.590000152587891,452500.0
2021-03-25,5.761131286621094,6.25,6.789999961853027,6.199999809265137,6.5,241200.0
2021-03-26,6.2312397956848145,6.760000228881836,6.889999866485596,6.239999771118164,6.239999771118164,51600.0
2021-03-29,5.770349502563477,6.260000228881836,6.769999980926514,6.190000057220459,6.690000057220459,254300.0
2021-03-30,5.770349502563477,6.260000228881836,6.449999809265137,6.150000095367432,6.25,150600.0
2021-03-31,6.295763969421387,6.829999923706055,6.989999771118164,6.260000228881836,6.260000228881836,53400.0
2021-04-01,5.9454874992370605,6.449999809265137,6.800000190734863,6.320000171661377,6.760000228881836,192100.0
2021-04-05,6.378724575042725,6.920000076293945,6.920000076293945,6.360000133514404,6.449999809265137,99700.0
2021-04-06,5.954705238342285,6.460000038146973,6.900000095367432,6.449999809265137,6.900000095367432,440000.0
2021-04-07,5.991576671600342,6.5,6.690000057220459,6.389999866485596,6.690000057220459,239000.0
2021-04-08,5.991576671600342,6.5,6.650000095367432,6.409999847412109,6.599999904632568,195400.0
2021-04-09,6.240457534790039,6.769999980926514,6.900000095367432,6.510000228881836,6.539999961853027,100700.0
2021-04-12,6.249675273895264,6.78000020980835,7.0,6.760000228881836,6.889999866485596,393900.0
2021-04-13,6.111408233642578,6.630000114440918,7.0,6.630000114440918,6.880000114440918,145200.0
2021-04-14,6.222021579742432,6.75,6.940000057220459,6.570000171661377,6.590000152587891,613100.0
2021-04-15,6.28654670715332,6.820000171661377,6.940000057220459,6.599999904632568,6.699999809265137,18500.0
2021-04-16,6.45246696472168,7.0,7.0,6.710000038146973,6.710000038146973,48900.0
2021-04-19,6.406377792358398,6.949999809265137,7.0,6.800000190734863,7.0,102800.0
2021-04-20,6.406377792358398,6.949999809265137,7.0,6.900000095367432,6.989999771118164,104900.0
2021-04-21,6.45246696472168,7.0,7.0,6.829999923706055,6.849999904632568,289800.0
2021-04-22,6.314199924468994,6.849999904632568,7.050000190734863,6.800000190734863,6.980000019073486,148000.0
2021-04-23,6.424813270568848,6.96999979019165,7.0,6.840000152587891,6.840000152587891,203100.0
2021-04-26,6.489338397979736,7.039999961853027,7.400000095367432,7.0,7.090000152587891,167300.0
2021-04-27,6.6368231773376465,7.199999809265137,7.400000095367432,7.039999961853027,7.039999961853027,36500.0
2021-04-28,6.775090217590332,7.349999904632568,7.46999979019165,7.179999828338623,7.199999809265137,166000.0
2021-04-29,6.6368231773376465,7.199999809265137,7.489999771118164,7.199999809265137,7.28000020980835,69100.0
2021-04-30,6.590734481811523,7.150000095367432,7.449999809265137,6.960000038146973,7.199999809265137,119900.0
2021-05-03,6.821179389953613,7.400000095367432,7.489999771118164,7.099999904632568,7.099999904632568,264900.0
2021-05-04,6.45246696472168,7.0,7.400000095367432,6.989999771118164,7.400000095367432,385600.0
2021-05-05,6.083754539489746,6.599999904632568,7.050000190734863,6.579999923706055,6.989999771118164,404700.0
2021-05-06,5.8164381980896,6.309999942779541,6.75,6.21999979019165,6.650000095367432,584300.0
2021-05-07,6.351070880889893,6.889999866485596,7.489999771118164,6.400000095367432,6.590000152587891,170900.0
2021-05-10,6.498556137084961,7.050000190734863,7.309999942779541,6.900000095367432,6.900000095367432,209700.0
2021-05-11,6.4616851806640625,7.010000228881836,7.130000114440918,6.860000133514404,6.860000133514404,33600.0
2021-05-12,6.332635402679443,6.869999885559082,7.010000228881836,6.71999979019165,7.0,83200.0
2021-05-13,6.222021579742432,6.75,6.909999847412109,6.440000057220459,6.849999904632568,151100.0
2021-05-14,6.268111228942871,6.800000190734863,6.900000095367432,6.550000190734863,6.75,629600.0
2021-05-17,6.222021579742432,6.75,6.789999961853027,6.619999885559082,6.789999961853027,95400.0
2021-05-18,6.2773284912109375,6.809999942779541,6.900000095367432,6.75,6.75,96000.0
2021-05-19,6.3049821853637695,6.840000152587891,6.900000095367432,6.75,6.900000095367432,23900.0
2021-05-20,6.406377792358398,6.949999809265137,7.010000228881836,6.789999961853027,6.849999904632568,251700.0
2021-05-21,6.775090217590332,7.349999904632568,7.440000057220459,6.940000057220459,7.050000190734863,716900.0
2021-05-24,6.793525695800781,7.369999885559082,7.449999809265137,7.340000152587891,7.349999904632568,600300.0
2021-05-25,6.729001522064209,7.300000190734863,7.440000057220459,7.28000020980835,7.440000057220459,43500.0
2021-05-26,6.719783306121826,7.289999961853027,7.489999771118164,7.039999961853027,7.489999771118164,609200.0
2021-05-27,7.116148948669434,7.71999979019165,7.880000114440918,7.25,7.28000020980835,864400.0
2021-05-28,7.189891815185547,7.800000190734863,7.889999866485596,7.550000190734863,7.650000095367432,74300.0
2021-06-01,7.097713470458984,7.699999809265137,7.900000095367432,7.639999866485596,7.75,181500.0
2021-06-02,7.08849573135376,7.690000057220459,7.849999904632568,7.659999847412109,7.699999809265137,320400.0
2021-06-03,6.85805082321167,7.440000057220459,7.849999904632568,7.25,7.650000095367432,165900.0
2021-06-04,6.931793212890625,7.519999980926514,7.710000038146973,7.440000057220459,7.449999809265137,96300.0
2021-06-07,6.85805082321167,7.440000057220459,7.489999771118164,7.150000095367432,7.489999771118164,53700.0
2021-06-08,7.08849573135376,7.690000057220459,7.829999923706055,7.210000038146973,7.420000076293945,1151800.0
2021-06-09,7.3558125495910645,7.980000019073486,8.0,7.75,7.800000190734863,142700.0
2021-06-10,7.235980987548828,7.849999904632568,7.989999771118164,7.679999828338623,7.989999771118164,44500.0
2021-06-11,7.282070159912109,7.900000095367432,8.0,7.889999866485596,7.949999809265137,162100.0
2021-06-14,7.365029811859131,7.989999771118164,8.100000381469727,7.909999847412109,7.989999771118164,57000.0
2021-06-15,7.752178192138672,8.40999984741211,8.600000381469727,8.100000381469727,8.100000381469727,286300.0
2021-06-16,7.706089019775391,8.359999656677246,8.510000228881836,8.25,8.479999542236328,246400.0
2021-06-17,7.825920581817627,8.489999771118164,8.600000381469727,8.399999618530273,8.489999771118164,255900.0
2021-06-18,7.733742713928223,8.390000343322754,8.6899995803833,8.300000190734863,8.6899995803833,376400.0
2021-06-21,7.798267364501953,8.460000038146973,8.550000190734863,8.149999618530273,8.390000343322754,53400.0
2021-06-22,7.890445709228516,8.5600004196167,8.619999885559082,8.119999885559082,8.119999885559082,81900.0
2021-06-23,8.001059532165527,8.680000305175781,8.819999694824219,8.3100004196167,8.819999694824219,70800.0
2021-06-24,7.779831409454346,8.4399995803833,8.8100004196167,8.4399995803833,8.720000267028809,54200.0
2021-06-25,7.5586042404174805,8.199999809265137,8.6899995803833,8.199999809265137,8.489999771118164,84200.0
2021-06-28,7.577040195465088,8.220000267028809,8.449999809265137,8.100000381469727,8.199999809265137,117000.0
2021-06-29,7.503297805786133,8.140000343322754,8.289999961853027,8.0600004196167,8.289999961853027,124600.0
2021-06-30,7.420337200164795,8.050000190734863,8.229999542236328,7.920000076293945,8.010000228881836,56200.0
2021-07-01,7.613911151885986,8.260000228881836,8.899999618530273,8.0600004196167,8.819999694824219,448700.0
2021-07-02,7.374248027801514,8.0,8.270000457763672,7.960000038146973,8.210000038146973,121300.0
2021-07-06,7.3558125495910645,7.980000019073486,8.039999961853027,7.849999904632568,8.039999961853027,102800.0
2021-07-07,7.097713470458984,7.699999809265137,7.909999847412109,7.610000133514404,7.909999847412109,175400.0
2021-07-08,7.079277992248535,7.679999828338623,7.940000057220459,7.079999923706055,7.079999923706055,134600.0
2021-07-09,7.125367164611816,7.730000019073486,7.829999923706055,7.5,7.679999828338623,95600.0
2021-07-12,6.987100124359131,7.579999923706055,7.829999923706055,7.5,7.650000095367432,136900.0
2021-07-13,6.848832607269287,7.429999828338623,7.699999809265137,7.260000228881836,7.510000228881836,178000.0
2021-07-14,6.784308433532715,7.360000133514404,7.659999847412109,7.320000171661377,7.340000152587891,83000.0
2021-07-15,6.655258655548096,7.21999979019165,7.400000095367432,7.039999961853027,7.400000095367432,191000.0
2021-07-16,6.59995174407959,7.159999847412109,7.340000152587891,7.079999923706055,7.179999828338623,124700.0
2021-07-19,6.535427570343018,7.090000152587891,7.25,7.0,7.050000190734863,87600.0
2021-07-20,6.747437000274658,7.320000171661377,7.360000133514404,7.079999923706055,7.110000133514404,49700.0
2021-07-21,6.876486301422119,7.460000038146973,7.630000114440918,7.28000020980835,7.389999866485596,47800.0
2021-07-22,6.904139518737793,7.489999771118164,7.539999961853027,7.320000171661377,7.320000171661377,78800.0
2021-07-23,7.125367164611816,7.730000019073486,7.860000133514404,7.46999979019165,7.5,74600.0
2021-07-26,6.9963178634643555,7.590000152587891,7.809999942779541,7.53000020980835,7.699999809265137,66700.0
2021-07-27,6.775090217590332,7.349999904632568,7.670000076293945,7.300000190734863,7.590000152587891,73600.0
2021-07-28,6.701347827911377,7.269999980926514,7.53000020980835,7.170000076293945,7.510000228881836,131600.0
2021-07-29,6.876486301422119,7.460000038146973,7.480000019073486,7.210000038146973,7.230000019073486,105200.0
2021-07-30,6.719783306121826,7.289999961853027,7.460000038146973,7.210000038146973,7.340000152587891,106700.0
2021-08-02,6.9225754737854,7.510000228881836,7.570000171661377,7.21999979019165,7.329999923706055,102900.0
2021-08-03,6.85805082321167,7.440000057220459,7.53000020980835,7.260000228881836,7.510000228881836,146700.0
2021-08-04,6.885704040527344,7.46999979019165,7.789999961853027,7.179999828338623,7.440000057220459,160200.0
2021-08-05,7.051624774932861,7.650000095367432,7.820000171661377,7.389999866485596,7.570000171661377,250600.0
2021-08-06,7.0424065589904785,7.639999866485596,7.789999961853027,7.489999771118164,7.570000171661377,87200.0
2021-08-09,6.987100124359131,7.579999923706055,7.639999866485596,7.429999828338623,7.639999866485596,69000.0
2021-08-10,7.00553560256958,7.599999904632568,7.639999866485596,7.449999809265137,7.539999961853027,147900.0
2021-08-11,6.876486301422119,7.460000038146973,7.610000133514404,7.170000076293945,7.440000057220459,116800.0
2021-08-12,6.811961650848389,7.389999866485596,7.510000228881836,7.320000171661377,7.429999828338623,32200.0
2021-08-13,6.719783306121826,7.289999961853027,7.460000038146973,7.25,7.369999885559082,61900.0
2021-08-16,6.793525695800781,7.369999885559082,7.389999866485596,7.090000152587891,7.170000076293945,46400.0
2021-08-17,6.682912349700928,7.25,7.369999885559082,7.0,7.369999885559082,176600.0
2021-08-18,6.6368231773376465,7.199999809265137,7.329999923706055,7.079999923706055,7.199999809265137,63800.0
2021-08-19,6.609169960021973,7.170000076293945,7.239999771118164,7.019999980926514,7.110000133514404,70900.0
2021-08-20,6.747437000274658,7.320000171661377,7.46999979019165,7.039999961853027,7.179999828338623,92000.0
2021-08-23,7.125367164611816,7.730000019073486,7.769999980926514,7.21999979019165,7.21999979019165,135700.0
2021-08-24,7.189891815185547,7.800000190734863,8.0,7.619999885559082,7.639999866485596,304500.0
2021-08-25,7.162238597869873,7.769999980926514,7.840000152587891,7.679999828338623,7.820000171661377,46800.0
2021-08-26,7.134584903717041,7.739999771118164,7.820000171661377,7.579999923706055,7.769999980926514,66100.0
2021-08-27,7.208327770233154,7.820000171661377,7.849999904632568,7.650000095367432,7.71999979019165,100000.0
2021-08-30,7.189891815185547,7.800000190734863,7.849999904632568,7.679999828338623,7.849999904632568,66500.0
2021-08-31,7.208327770233154,7.820000171661377,7.820000171661377,7.570000171661377,7.800000190734863,105900.0
2021-09-01,7.318941116333008,7.940000057220459,7.960000038146973,7.610000133514404,7.849999904632568,86300.0
2021-09-02,7.3834662437438965,8.010000228881836,8.069999694824219,7.769999980926514,7.920000076293945,215900.0
2021-09-03,7.49407958984375,8.130000114440918,8.229999542236328,8.0,8.050000190734863,105000.0
2021-09-07,7.309723377227783,7.929999828338623,8.449999809265137,7.880000114440918,8.210000038146973,327300.0
2021-09-08,7.4019012451171875,8.029999732971191,8.170000076293945,7.909999847412109,7.989999771118164,127100.0
2021-09-09,7.429555416107178,8.0600004196167,8.119999885559082,7.940000057220459,7.989999771118164,151800.0
2021-09-10,7.503297805786133,8.140000343322754,8.390000343322754,8.050000190734863,8.149999618530273,155800.0
2021-09-13,7.420337200164795,8.050000190734863,8.369999885559082,7.96999979019165,8.140000343322754,206000.0
2021-09-14,7.4019012451171875,8.029999732971191,8.199999809265137,7.909999847412109,8.0,160500.0
2021-09-15,7.549386024475098,8.1899995803833,8.3100004196167,8.0,8.0,430100.0
2021-09-16,7.660000324249268,8.3100004196167,8.420000076293945,8.1899995803833,8.199999809265137,656400.0
2021-09-17,7.300505638122559,7.920000076293945,8.619999885559082,7.900000095367432,8.25,1264000.0
2021-09-20,7.00553560256958,7.599999904632568,7.989999771118164,7.550000190734863,7.840000152587891,395900.0
2021-09-21,7.079277992248535,7.679999828338623,7.869999885559082,7.599999904632568,7.610000133514404,375000.0
2021-09-22,7.08849573135376,7.690000057220459,7.829999923706055,7.579999923706055,7.739999771118164,175000.0
2021-09-23,6.987100124359131,7.579999923706055,7.760000228881836,7.579999923706055,7.760000228881836,96900.0
2021-09-24,7.023971080780029,7.619999885559082,7.739999771118164,7.519999980926514,7.579999923706055,104000.0
2021-09-27,7.263634204864502,7.880000114440918,7.989999771118164,7.360000133514404,7.360000133514404,177400.0
2021-09-28,7.00553560256958,7.599999904632568,7.800000190734863,7.510000228881836,7.800000190734863,215300.0
2021-09-29,7.0700602531433105,7.670000076293945,7.75,7.449999809265137,7.599999904632568,291400.0
2021-09-30,7.0700602531433105,7.670000076293945,7.75,7.579999923706055,7.71999979019165,96500.0
2021-10-01,7.374248027801514,8.0,8.0,7.639999866485596,7.670000076293945,91300.0
2021-10-04,7.134584903717041,7.739999771118164,8.069999694824219,7.679999828338623,7.960000038146973,158000.0
2021-10-05,7.2267632484436035,7.840000152587891,7.889999866485596,7.699999809265137,7.75,55300.0
2021-10-06,7.309723377227783,7.929999828338623,8.149999618530273,7.519999980926514,7.789999961853027,106400.0
2021-10-07,7.365029811859131,7.989999771118164,8.170000076293945,7.820000171661377,7.940000057220459,90500.0
2021-10-08,7.2267632484436035,7.840000152587891,8.029999732971191,7.820000171661377,8.029999732971191,36700.0
2021-10-11,7.365029811859131,7.989999771118164,8.100000381469727,7.71999979019165,7.809999942779541,84200.0
2021-10-12,7.318941116333008,7.940000057220459,8.100000381469727,7.900000095367432,8.039999961853027,59900.0
2021-10-13,7.374248027801514,8.0,8.199999809265137,7.829999923706055,7.96999979019165,38100.0
2021-10-14,7.254416465759277,7.869999885559082,8.09000015258789,7.690000057220459,8.09000015258789,64500.0
2021-10-15,7.171456336975098,7.78000020980835,7.940000057220459,7.659999847412109,7.849999904632568,43200.0
2021-10-18,7.208327770233154,7.820000171661377,7.880000114440918,7.619999885559082,7.679999828338623,88500.0
2021-10-19,7.171456336975098,7.78000020980835,7.900000095367432,7.710000038146973,7.889999866485596,59700.0
2021-10-20,7.162238597869873,7.769999980926514,7.980000019073486,7.730000019073486,7.829999923706055,31600.0
2021-10-21,7.208327770233154,7.820000171661377,7.929999828338623,7.679999828338623,7.789999961853027,32600.0
2021-10-22,7.208327770233154,7.820000171661377,7.949999809265137,7.730000019073486,7.909999847412109,40100.0
2021-10-25,7.346594333648682,7.96999979019165,8.050000190734863,7.820000171661377,7.820000171661377,101900.0
2021-10-26,7.438772201538086,8.069999694824219,8.149999618530273,7.96999979019165,7.96999979019165,94500.0
2021-10-27,7.512514591217041,8.149999618530273,8.180000305175781,7.980000019073486,8.130000114440918,79700.0
2021-10-28,7.64156436920166,8.289999961853027,8.319999694824219,8.1899995803833,8.220000267028809,47400.0
2021-10-29,7.687653541564941,8.34000015258789,8.399999618530273,8.220000267028809,8.220000267028809,93000.0
2021-11-01,7.521732807159424,8.15999984741211,8.470000267028809,8.15999984741211,8.34000015258789,123900.0
2021-11-02,7.5586042404174805,8.199999809265137,8.239999771118164,8.0600004196167,8.180000305175781,66400.0
2021-11-03,7.825920581817627,8.489999771118164,8.539999961853027,8.15999984741211,8.199999809265137,145500.0
2021-11-04,7.807485580444336,8.470000267028809,8.890000343322754,8.109999656677246,8.729999542236328,113500.0
2021-11-05,7.752178192138672,8.40999984741211,8.710000038146973,8.34000015258789,8.550000190734863,72500.0
2021-11-08,7.853574752807617,8.520000457763672,8.770000457763672,8.399999618530273,8.5,72200.0
2021-11-09,7.872009754180908,8.539999961853027,8.579999923706055,8.319999694824219,8.510000228881836,85400.0
2021-11-10,7.899662971496582,8.569999694824219,8.65999984741211,8.430000305175781,8.539999961853027,91500.0
2021-11-11,8.010276794433594,8.6899995803833,8.800000190734863,8.5600004196167,8.579999923706055,94500.0
2021-11-12,7.964188098907471,8.640000343322754,8.800000190734863,8.609999656677246,8.739999771118164,82100.0
2021-11-15,7.7613959312438965,8.420000076293945,8.699999809265137,8.40999984741211,8.699999809265137,133700.0
2021-11-16,7.706089019775391,8.359999656677246,8.5,8.319999694824219,8.460000038146973,133900.0
2021-11-17,7.660000324249268,8.3100004196167,8.510000228881836,8.270000457763672,8.449999809265137,74400.0
2021-11-18,7.570000171661377,7.570000171661377,7.840000152587891,7.489999771118164,7.699999809265137,160700.0
2021-11-19,7.710000038146973,7.710000038146973,7.989999771118164,7.519999980926514,7.679999828338623,134100.0
2021-11-22,7.760000228881836,7.760000228881836,7.820000171661377,7.519999980926514,7.639999866485596,179900.0
2021-11-23,7.690000057220459,7.690000057220459,7.840000152587891,7.519999980926514,7.820000171661377,110900.0
2021-11-24,7.599999904632568,7.599999904632568,7.789999961853027,7.5,7.539999961853027,71900.0
2021-11-26,7.400000095367432,7.400000095367432,7.53000020980835,7.179999828338623,7.480000019073486,193200.0
2021-11-29,7.340000152587891,7.340000152587891,7.460000038146973,7.190000057220459,7.429999828338623,78000.0
2021-11-30,7.210000038146973,7.210000038146973,7.389999866485596,7.170000076293945,7.300000190734863,206100.0
2021-12-01,7.610000133514404,7.610000133514404,7.849999904632568,7.349999904632568,7.349999904632568,138800.0
2021-12-02,7.590000152587891,7.590000152587891,7.78000020980835,7.360000133514404,7.650000095367432,68400.0
2021-12-03,7.300000190734863,7.300000190734863,7.71999979019165,7.28000020980835,7.659999847412109,104700.0
2021-12-06,7.289999961853027,7.289999961853027,7.699999809265137,7.239999771118164,7.329999923706055,41800.0
2021-12-07,7.519999980926514,7.519999980926514,7.579999923706055,7.260000228881836,7.360000133514404,93200.0
2021-12-08,7.639999866485596,7.639999866485596,7.679999828338623,7.420000076293945,7.579999923706055,32000.0
2021-12-09,7.460000038146973,7.460000038146973,7.820000171661377,7.440000057220459,7.539999961853027,101300.0
2021-12-10,7.460000038146973,7.460000038146973,7.5,7.349999904632568,7.460000038146973,43600.0
2021-12-13,7.420000076293945,7.420000076293945,7.5,7.309999942779541,7.429999828338623,89700.0
2021-12-14,7.349999904632568,7.349999904632568,7.480000019073486,7.25,7.389999866485596,87200.0
2021-12-15,7.269999980926514,7.269999980926514,7.440000057220459,7.099999904632568,7.269999980926514,138900.0
2021-12-16,7.210000038146973,7.210000038146973,7.340000152587891,7.139999866485596,7.269999980926514,67800.0
2021-12-17,7.059999942779541,7.059999942779541,7.25,6.900000095367432,7.150000095367432,211100.0
2021-12-20,6.869999885559082,6.869999885559082,6.940000057220459,6.789999961853027,6.909999847412109,205600.0
2021-12-21,6.920000076293945,6.920000076293945,7.050000190734863,6.889999866485596,6.960000038146973,84100.0
2021-12-22,6.940000057220459,6.940000057220459,6.960000038146973,6.590000152587891,6.920000076293945,153500.0
2021-12-23,6.949999809265137,6.949999809265137,7.050000190734863,6.909999847412109,6.920000076293945,125400.0
2021-12-27,7.110000133514404,7.110000133514404,7.150000095367432,6.849999904632568,6.909999847412109,92200.0
2021-12-28,7.019999980926514,7.019999980926514,7.150000095367432,6.940000057220459,7.150000095367432,81600.0
2021-12-29,7.019999980926514,7.019999980926514,7.119999885559082,6.989999771118164,7.019999980926514,50600.0
2021-12-30,7.070000171661377,7.070000171661377,7.230000019073486,7.0,7.050000190734863,133100.0
2021-12-31,7.130000114440918,7.130000114440918,7.25,7.010000228881836,7.010000228881836,49400.0
2022-01-03,7.050000190734863,7.050000190734863,7.210000038146973,7.03000020980835,7.190000057220459,51000.0
2022-01-04,7.119999885559082,7.119999885559082,7.199999809265137,7.039999961853027,7.050000190734863,129000.0
2022-01-05,6.869999885559082,6.869999885559082,7.119999885559082,6.829999923706055,7.099999904632568,66600.0
2022-01-06,6.989999771118164,6.989999771118164,7.019999980926514,6.730000019073486,6.760000228881836,63600.0
2022-01-07,6.949999809265137,6.949999809265137,7.039999961853027,6.849999904632568,6.960000038146973,52800.0
2022-01-10,6.800000190734863,6.800000190734863,6.920000076293945,6.730000019073486,6.840000152587891,54700.0
2022-01-11,6.889999866485596,6.889999866485596,6.920000076293945,6.679999828338623,6.769999980926514,99800.0
2022-01-12,6.769999980926514,6.769999980926514,7.0,6.760000228881836,6.900000095367432,41700.0
2022-01-13,6.840000152587891,6.840000152587891,6.920000076293945,6.75,6.840000152587891,105000.0
2022-01-14,6.579999923706055,6.579999923706055,6.71999979019165,6.579999923706055,6.710000038146973,45400.0
2022-01-18,6.380000114440918,6.380000114440918,6.739999771118164,6.239999771118164,6.570000171661377,140300.0
2022-01-19,6.309999942779541,6.309999942779541,6.409999847412109,6.090000152587891,6.300000190734863,104100.0
2022-01-20,6.110000133514404,6.110000133514404,6.369999885559082,6.050000190734863,6.360000133514404,86400.0
2022-01-21,6.260000228881836,6.260000228881836,6.340000152587891,5.96999979019165,6.0,112500.0
2022-01-24,6.670000076293945,6.670000076293945,6.730000019073486,5.980000019073486,6.099999904632568,263300.0
2022-01-25,6.489999771118164,6.489999771118164,6.710000038146973,6.409999847412109,6.699999809265137,94400.0
2022-01-26,6.449999809265137,6.449999809265137,6.889999866485596,6.420000076293945,6.559999942779541,77200.0
2022-01-27,6.449999809265137,6.449999809265137,6.559999942779541,6.340000152587891,6.519999980926514,116900.0
2022-01-28,6.420000076293945,6.420000076293945,6.5,6.28000020980835,6.400000095367432,139200.0
2022-01-31,6.610000133514404,6.610000133514404,6.610000133514404,6.269999980926514,6.409999847412109,87200.0
2022-02-01,6.599999904632568,6.599999904632568,6.710000038146973,6.5,6.599999904632568,111800.0
2022-02-02,6.590000152587891,6.590000152587891,6.670000076293945,6.550000190734863,6.599999904632568,174000.0
2022-02-03,6.550000190734863,6.550000190734863,6.590000152587891,6.5,6.579999923706055,52500.0
2022-02-04,6.53000020980835,6.53000020980835,6.570000171661377,6.46999979019165,6.5,185200.0
2022-02-07,6.5,6.5,6.550000190734863,6.420000076293945,6.429999828338623,56300.0
2022-02-08,6.590000152587891,6.590000152587891,6.599999904632568,6.480000019073486,6.539999961853027,95700.0
2022-02-09,6.820000171661377,6.820000171661377,6.889999866485596,6.519999980926514,6.599999904632568,141500.0
2022-02-10,6.610000133514404,6.610000133514404,6.889999866485596,6.570000171661377,6.800000190734863,66200.0
2022-02-11,6.610000133514404,6.610000133514404,6.679999828338623,6.559999942779541,6.570000171661377,76300.0
2022-02-14,6.590000152587891,6.590000152587891,6.739999771118164,6.480000019073486,6.619999885559082,78400.0
2022-02-15,6.599999904632568,6.599999904632568,6.769999980926514,6.579999923706055,6.679999828338623,64200.0
2022-02-16,6.489999771118164,6.489999771118164,6.599999904632568,6.46999979019165,6.599999904632568,101400.0
2022-02-17,6.579999923706055,6.579999923706055,6.599999904632568,6.449999809265137,6.480000019073486,39800.0
2022-02-18,6.659999847412109,6.659999847412109,6.730000019073486,6.559999942779541,6.570000171661377,169000.0
2022-02-22,6.409999847412109,6.409999847412109,6.739999771118164,6.369999885559082,6.699999809265137,76100.0
2022-02-23,6.099999904632568,6.099999904632568,6.460000038146973,6.059999942779541,6.440000057220459,80000.0
2022-02-24,6.139999866485596,6.139999866485596,6.190000057220459,5.900000095367432,6.0,56600.0
2022-02-25,6.320000171661377,6.320000171661377,6.429999828338623,6.119999885559082,6.150000095367432,164100.0
2022-02-28,6.329999923706055,6.329999923706055,6.440000057220459,6.199999809265137,6.360000133514404,94900.0
2022-03-01,6.329999923706055,6.329999923706055,6.46999979019165,6.28000020980835,6.369999885559082,87300.0
2022-03-02,6.449999809265137,6.449999809265137,6.539999961853027,6.210000038146973,6.369999885559082,75700.0
2022-03-03,6.420000076293945,6.420000076293945,6.599999904632568,6.139999866485596,6.590000152587891,241400.0
2022-03-04,6.449999809265137,6.449999809265137,6.519999980926514,6.21999979019165,6.329999923706055,94900.0
2022-03-07,6.300000190734863,6.300000190734863,6.5,6.239999771118164,6.420000076293945,179300.0
2022-03-08,6.110000133514404,6.110000133514404,6.360000133514404,5.900000095367432,6.269999980926514,314400.0
2022-03-09,6.110000133514404,6.110000133514404,6.269999980926514,6.079999923706055,6.150000095367432,169000.0
2022-03-10,6.25,6.25,6.340000152587891,5.900000095367432,6.03000020980835,143000.0
2022-03-11,6.400000095367432,6.400000095367432,6.5,6.21999979019165,6.28000020980835,121500.0
2022-03-14,6.440000057220459,6.440000057220459,6.699999809265137,6.289999961853027,6.340000152587891,250700.0
2022-03-15,6.539999961853027,6.539999961853027,6.610000133514404,6.340000152587891,6.519999980926514,341200.0
2022-03-16,6.610000133514404,6.610000133514404,6.650000095367432,6.519999980926514,6.53000020980835,234900.0
2022-03-17,6.599999904632568,6.599999904632568,6.690000057220459,6.570000171661377,6.610000133514404,317500.0
2022-03-18,6.650000095367432,6.650000095367432,6.71999979019165,6.489999771118164,6.590000152587891,485000.0
2022-03-21,6.710000038146973,6.710000038146973,6.71999979019165,6.599999904632568,6.630000114440918,179300.0
2022-03-22,6.789999961853027,6.789999961853027,6.849999904632568,6.710000038146973,6.71999979019165,168800.0
2022-03-23,6.760000228881836,6.760000228881836,6.829999923706055,6.690000057220459,6.829999923706055,92300.0
2022-03-24,6.800000190734863,6.800000190734863,6.820000171661377,6.75,6.760000228881836,115700.0
2022-03-25,6.760000228881836,6.760000228881836,6.840000152587891,6.739999771118164,6.800000190734863,95900.0
2022-03-28,6.78000020980835,6.78000020980835,6.809999942779541,6.699999809265137,6.789999961853027,184200.0
2022-03-29,6.78000020980835,6.78000020980835,6.889999866485596,6.690000057220459,6.820000171661377,224000.0
2022-03-30,6.699999809265137,6.699999809265137,6.800000190734863,6.539999961853027,6.800000190734863,126700.0
2022-03-31,6.550000190734863,6.550000190734863,6.710000038146973,6.480000019073486,6.690000057220459,139400.0
2022-04-01,6.610000133514404,6.610000133514404,6.630000114440918,6.460000038146973,6.5,168700.0
2022-04-04,6.659999847412109,6.659999847412109,6.739999771118164,6.579999923706055,6.579999923706055,101100.0
2022-04-05,6.590000152587891,6.590000152587891,6.699999809265137,6.559999942779541,6.699999809265137,89400.0
2022-04-06,6.53000020980835,6.53000020980835,6.630000114440918,6.420000076293945,6.550000190734863,137700.0
2022-04-07,6.519999980926514,6.519999980926514,6.579999923706055,6.380000114440918,6.519999980926514,115100.0
2022-04-08,6.510000228881836,6.510000228881836,6.550000190734863,6.46999979019165,6.539999961853027,128000.0
2022-04-11,6.460000038146973,6.460000038146973,6.619999885559082,6.440000057220459,6.519999980926514,95500.0
2022-04-12,6.369999885559082,6.369999885559082,6.570000171661377,6.349999904632568,6.5,141000.0
2022-04-13,6.389999866485596,6.389999866485596,6.460000038146973,6.329999923706055,6.380000114440918,107100.0
2022-04-14,6.260000228881836,6.260000228881836,6.409999847412109,6.25,6.369999885559082,44300.0
2022-04-18,6.260000228881836,6.260000228881836,6.309999942779541,6.190000057220459,6.190000057220459,176000.0
2022-04-19,6.400000095367432,6.400000095367432,6.429999828338623,6.260000228881836,6.260000228881836,109700.0
2022-04-20,6.349999904632568,6.349999904632568,6.46999979019165,6.329999923706055,6.449999809265137,233300.0
2022-04-21,6.230000019073486,6.230000019073486,6.429999828338623,6.179999828338623,6.429999828338623,131000.0
2022-04-22,6.170000076293945,6.170000076293945,6.320000171661377,6.130000114440918,6.25,111400.0
2022-04-25,6.230000019073486,6.230000019073486,6.230000019073486,5.800000190734863,6.110000133514404,319700.0
2022-04-26,6.079999923706055,6.079999923706055,6.25,6.050000190734863,6.21999979019165,153200.0
2022-04-27,6.050000190734863,6.050000190734863,6.130000114440918,6.039999961853027,6.050000190734863,138400.0
2022-04-28,6.03000020980835,6.03000020980835,6.110000133514404,5.96999979019165,6.059999942779541,173600.0
2022-04-29,5.980000019073486,5.980000019073486,6.139999866485596,5.980000019073486,6.039999961853027,143500.0
2022-05-02,6.010000228881836,6.010000228881836,6.070000171661377,5.96999979019165,6.0,253500.0
2022-05-03,6.0,6.0,6.070000171661377,5.980000019073486,6.070000171661377,352800.0
2022-05-04,5.980000019073486,5.980000019073486,6.039999961853027,5.909999847412109,6.039999961853027,799500.0
2022-05-05,5.96999979019165,5.96999979019165,6.210000038146973,5.920000076293945,6.0,684200.0
2022-05-06,5.159999847412109,5.159999847412109,5.909999847412109,5.110000133514404,5.909999847412109,1053600.0
2022-05-09,5.0,5.0,5.159999847412109,4.829999923706055,5.050000190734863,417800.0
2022-05-10,4.510000228881836,4.510000228881836,5.090000152587891,4.449999809265137,5.0,270200.0
2022-05-11,4.510000228881836,4.510000228881836,4.650000095367432,4.5,4.510000228881836,202600.0
2022-05-12,4.53000020980835,4.53000020980835,4.670000076293945,4.389999866485596,4.460000038146973,331700.0
2022-05-13,4.650000095367432,4.650000095367432,4.75,4.550000190734863,4.610000133514404,291900.0
2022-05-16,4.579999923706055,4.579999923706055,4.710000038146973,4.579999923706055,4.690000057220459,217400.0
2022-05-17,4.699999809265137,4.699999809265137,4.71999979019165,4.579999923706055,4.670000076293945,245300.0
2022-05-18,4.46999979019165,4.46999979019165,4.659999847412109,4.360000133514404,4.659999847412109,179400.0
2022-05-19,4.449999809265137,4.449999809265137,4.659999847412109,4.400000095367432,4.440000057220459,120500.0
2022-05-20,4.289999961853027,4.289999961853027,4.480000019073486,4.21999979019165,4.480000019073486,180300.0
2022-05-23,4.179999828338623,4.179999828338623,4.269999980926514,4.159999847412109,4.269999980926514,178100.0
2022-05-24,4.230000019073486,4.230000019073486,4.25,4.050000190734863,4.179999828338623,218900.0
2022-05-25,4.300000190734863,4.300000190734863,4.329999923706055,4.239999771118164,4.239999771118164,200900.0
2022-05-26,4.440000057220459,4.440000057220459,4.519999980926514,4.309999942779541,4.309999942779541,152700.0
2022-05-27,4.440000057220459,4.440000057220459,4.519999980926514,4.380000114440918,4.480000019073486,150800.0
2022-05-31,4.400000095367432,4.400000095367432,4.5,4.389999866485596,4.449999809265137,224600.0
2022-06-01,4.550000190734863,4.550000190734863,4.590000152587891,4.400000095367432,4.400000095367432,410600.0
2022-06-02,4.539999961853027,4.539999961853027,4.639999866485596,4.53000020980835,4.539999961853027,155200.0
2022-06-03,4.559999942779541,4.559999942779541,4.579999923706055,4.489999771118164,4.510000228881836,158000.0
2022-06-06,4.5,4.5,4.630000114440918,4.429999828338623,4.630000114440918,236100.0
2022-06-07,4.340000152587891,4.340000152587891,4.489999771118164,4.090000152587891,4.489999771118164,335800.0
2022-06-08,4.360000133514404,4.360000133514404,4.480000019073486,4.289999961853027,4.349999904632568,145500.0
2022-06-09,4.369999885559082,4.369999885559082,4.429999828338623,4.349999904632568,4.380000114440918,208300.0
2022-06-10,4.389999866485596,4.389999866485596,4.449999809265137,4.329999923706055,4.349999904632568,191000.0
2022-06-13,3.9800000190734863,3.9800000190734863,4.28000020980835,3.9800000190734863,4.269999980926514,310100.0
2022-06-14,3.940000057220459,3.940000057220459,4.010000228881836,3.7799999713897705,4.010000228881836,213000.0
2022-06-15,3.9800000190734863,3.9800000190734863,4.079999923706055,3.9200000762939453,3.990000009536743,196400.0
2022-06-16,3.7899999618530273,3.7899999618530273,3.890000104904175,3.640000104904175,3.890000104904175,286300.0
2022-06-17,3.630000114440918,3.630000114440918,3.859999895095825,3.5999999046325684,3.8299999237060547,357200.0
2022-06-21,3.5899999141693115,3.5899999141693115,3.75,3.559999942779541,3.6500000953674316,359500.0
2022-06-22,3.569999933242798,3.569999933242798,3.640000104904175,3.5399999618530273,3.5799999237060547,299600.0
2022-06-23,3.509999990463257,3.509999990463257,3.5999999046325684,3.450000047683716,3.569999933242798,319200.0
2022-06-24,3.309999942779541,3.309999942779541,3.759999990463257,3.1500000953674316,3.5399999618530273,3955800.0
2022-06-27,3.369999885559082,3.369999885559082,3.5,3.2200000286102295,3.299999952316284,537400.0
2022-06-28,3.309999942779541,3.309999942779541,3.4800000190734863,3.299999952316284,3.369999885559082,265000.0
2022-06-29,3.1600000858306885,3.1600000858306885,3.299999952316284,3.0899999141693115,3.299999952316284,272500.0
2022-06-30,3.069999933242798,3.069999933242798,3.200000047683716,3.0299999713897705,3.180000066757202,379000.0
2022-07-01,3.2200000286102295,3.2200000286102295,3.25,3.049999952316284,3.059999942779541,198100.0
2022-07-05,3.25,3.25,3.2799999713897705,3.109999895095825,3.180000066757202,213600.0
2022-07-06,3.140000104904175,3.140000104904175,3.25,3.069999933242798,3.240000009536743,230600.0
2022-07-07,3.1600000858306885,3.1600000858306885,3.240000009536743,3.0799999237060547,3.1600000858306885,289200.0
2022-07-08,3.0299999713897705,3.0299999713897705,3.190000057220459,3.0299999713897705,3.180000066757202,184400.0
2022-07-11,2.809999942779541,2.809999942779541,3.059999942779541,2.809999942779541,3.0399999618530273,254600.0
2022-07-12,2.7699999809265137,2.7699999809265137,2.9000000953674316,2.740000009536743,2.8399999141693115,247100.0
2022-07-13,2.799999952316284,2.799999952316284,2.8299999237060547,2.7100000381469727,2.7799999713897705,150300.0
2022-07-14,2.7899999618530273,2.7899999618530273,2.809999942779541,2.700000047683716,2.7799999713897705,93800.0
2022-07-15,2.819999933242798,2.819999933242798,2.869999885559082,2.799999952316284,2.869999885559082,151800.0
2022-07-18,2.930000066757202,2.930000066757202,2.940000057220459,2.8399999141693115,2.8399999141693115,231400.0
2022-07-19,3.180000066757202,3.180000066757202,3.2300000190734863,2.940000057220459,2.940000057220459,230900.0
2022-07-20,3.299999952316284,3.299999952316284,3.3299999237060547,3.130000114440918,3.180000066757202,259500.0
2022-07-21,3.1600000858306885,3.1600000858306885,3.2799999713897705,3.130000114440918,3.2799999713897705,184000.0
2022-07-22,3.240000009536743,3.240000009536743,3.319999933242798,3.1700000762939453,3.180000066757202,207000.0
2022-07-25,3.2699999809265137,3.2699999809265137,3.3299999237060547,3.2200000286102295,3.319999933242798,100600.0
2022-07-26,3.190000057220459,3.190000057220459,3.25,3.190000057220459,3.2200000286102295,115600.0
2022-07-27,3.2899999618530273,3.2899999618530273,3.2899999618530273,3.1700000762939453,3.2100000381469727,193700.0
2022-07-28,3.359999895095825,3.359999895095825,3.369999885559082,3.25,3.2699999809265137,67700.0
2022-07-29,3.3299999237060547,3.3299999237060547,3.369999885559082,3.2799999713897705,3.369999885559082,95000.0
2022-08-01,3.369999885559082,3.369999885559082,3.390000104904175,3.25,3.299999952316284,101100.0
2022-08-02,3.430000066757202,3.430000066757202,3.5,3.390000104904175,3.390000104904175,88100.0
2022-08-03,3.309999942779541,3.309999942779541,3.4200000762939453,3.2699999809265137,3.4100000858306885,305000.0
2022-08-04,3.369999885559082,3.369999885559082,3.490000009536743,3.1700000762939453,3.430000066757202,415100.0
2022-08-05,3.680000066757202,3.680000066757202,3.700000047683716,3.4000000953674316,3.4000000953674316,1246200.0
2022-08-08,3.799999952316284,3.799999952316284,3.930000066757202,3.690000057220459,3.740000009536743,424100.0
2022-08-09,3.809999942779541,3.809999942779541,3.819999933242798,3.5899999141693115,3.75,271200.0
2022-08-10,3.930000066757202,3.930000066757202,3.950000047683716,3.8499999046325684,3.880000114440918,135800.0
2022-08-11,3.9000000953674316,3.9000000953674316,3.990000009536743,3.890000104904175,3.940000057220459,172400.0
2022-08-12,4.059999942779541,4.059999942779541,4.059999942779541,3.880000114440918,3.9000000953674316,106400.0
2022-08-15,3.9700000286102295,3.9700000286102295,4.139999866485596,3.950000047683716,4.139999866485596,125600.0
2022-08-16,4.320000171661377,4.320000171661377,4.360000133514404,4.139999866485596,4.199999809265137,333900.0
2022-08-17,4.119999885559082,4.119999885559082,4.389999866485596,4.110000133514404,4.260000228881836,97400.0
2022-08-18,4.119999885559082,4.119999885559082,4.21999979019165,4.03000020980835,4.150000095367432,172800.0
2022-08-19,4.010000228881836,4.010000228881836,4.090000152587891,3.9700000286102295,4.090000152587891,131100.0
2022-08-22,3.950000047683716,3.950000047683716,4.03000020980835,3.880000114440918,4.0,158000.0
2022-08-23,4.050000190734863,4.050000190734863,4.070000171661377,3.880000114440918,3.880000114440918,220900.0
2022-08-24,4.010000228881836,4.010000228881836,4.090000152587891,3.890000104904175,4.039999961853027,229600.0
2022-08-25,4.039999961853027,4.039999961853027,4.070000171661377,3.990000009536743,4.059999942779541,93800.0
2022-08-26,3.880000114440918,3.880000114440918,4.050000190734863,3.859999895095825,4.050000190734863,114300.0
2022-08-29,4.0,4.0,4.010000228881836,3.859999895095825,3.869999885559082,149500.0
2022-08-30,3.9200000762939453,3.9200000762939453,4.059999942779541,3.880000114440918,3.9600000381469727,340500.0
2022-08-31,3.9200000762939453,3.9200000762939453,4.010000228881836,3.9000000953674316,3.9200000762939453,94700.0
2022-09-01,3.930000066757202,3.930000066757202,3.9600000381469727,3.8299999237060547,3.9000000953674316,80300.0
2022-09-02,3.869999885559082,3.869999885559082,4.0,3.8499999046325684,3.940000057220459,129600.0
2022-09-06,3.7799999713897705,3.7799999713897705,3.8499999046325684,3.700000047683716,3.819999933242798,376200.0
2022-09-07,3.8299999237060547,3.8299999237060547,3.859999895095825,3.7100000381469727,3.7100000381469727,1647300.0
2022-09-08,4.0,4.0,4.010000228881836,3.7799999713897705,3.809999942779541,426400.0
2022-09-09,3.940000057220459,3.940000057220459,4.03000020980835,3.799999952316284,4.0,285800.0
2022-09-12,4.019999980926514,4.019999980926514,4.070000171661377,3.9200000762939453,3.9800000190734863,724900.0
2022-09-13,3.6500000953674316,3.6500000953674316,3.9600000381469727,3.619999885559082,3.9000000953674316,278700.0
2022-09-14,3.75,3.75,3.7699999809265137,3.5999999046325684,3.6700000762939453,253400.0
2022-09-15,3.6700000762939453,3.6700000762939453,3.759999990463257,3.6500000953674316,3.7100000381469727,181500.0
2022-09-16,3.7799999713897705,3.7799999713897705,3.890000104904175,3.509999990463257,3.640000104904175,537500.0
2022-09-19,3.7300000190734863,3.7300000190734863,3.819999933242798,3.630000114440918,3.759999990463257,237500.0
2022-09-20,3.509999990463257,3.509999990463257,3.6700000762939453,3.450000047683716,3.6700000762939453,229000.0
2022-09-21,3.6600000858306885,3.6600000858306885,3.7300000190734863,3.430000066757202,3.490000009536743,446900.0
2022-09-22,3.380000114440918,3.380000114440918,3.7799999713897705,3.2799999713897705,3.619999885559082,1863800.0
2022-09-23,3.4700000286102295,3.4700000286102295,3.5,3.299999952316284,3.319999933242798,520300.0
2022-09-26,3.559999942779541,3.559999942779541,3.5999999046325684,3.4700000286102295,3.4800000190734863,218100.0
2022-09-27,3.7200000286102295,3.7200000286102295,3.809999942779541,3.509999990463257,3.5299999713897705,304100.0
2022-09-28,3.859999895095825,3.859999895095825,3.9100000858306885,3.6600000858306885,3.7200000286102295,413100.0
2022-09-29,3.799999952316284,3.799999952316284,3.9000000953674316,3.490000009536743,3.8499999046325684,1941500.0
2022-09-30,3.5199999809265137,3.5199999809265137,3.890000104904175,3.4600000381469727,3.7699999809265137,940500.0
2022-10-03,3.859999895095825,3.859999895095825,3.880000114440918,3.4600000381469727,3.5299999713897705,426700.0
2022-10-04,3.930000066757202,3.930000066757202,3.9800000190734863,3.799999952316284,3.880000114440918,576500.0
2022-10-05,3.930000066757202,3.930000066757202,3.9800000190734863,3.7200000286102295,3.869999885559082,2271600.0
2022-10-06,4.010000228881836,4.010000228881836,4.010000228881836,3.799999952316284,3.869999885559082,644700.0
2022-10-07,3.9000000953674316,3.9000000953674316,3.950000047683716,3.7899999618530273,3.930000066757202,627900.0
2022-10-10,3.819999933242798,3.819999933242798,4.170000076293945,3.700000047683716,3.869999885559082,833300.0
2022-10-11,3.809999942779541,3.809999942779541,3.8499999046325684,3.619999885559082,3.7899999618530273,375700.0
2022-10-12,3.9100000858306885,3.9100000858306885,4.010000228881836,3.690000057220459,3.809999942779541,666500.0
2022-10-13,4.059999942779541,4.059999942779541,4.110000133514404,3.7200000286102295,3.8499999046325684,379700.0
2022-10-14,3.809999942779541,3.809999942779541,4.150000095367432,3.759999990463257,4.110000133514404,321000.0
2022-10-17,4.019999980926514,4.019999980926514,4.070000171661377,3.8399999141693115,3.8399999141693115,623900.0
2022-10-18,3.950000047683716,3.950000047683716,4.150000095367432,3.880000114440918,4.070000171661377,330100.0
2022-10-19,3.8499999046325684,3.8499999046325684,3.940000057220459,3.7799999713897705,3.930000066757202,184600.0
2022-10-20,3.859999895095825,3.859999895095825,3.9600000381469727,3.7899999618530273,3.859999895095825,219400.0
2022-10-21,3.950000047683716,3.950000047683716,3.950000047683716,3.799999952316284,3.9000000953674316,174700.0
2022-10-24,3.9600000381469727,3.9600000381469727,4.03000020980835,3.809999942779541,3.950000047683716,199500.0
2022-10-25,4.050000190734863,4.050000190734863,4.179999828338623,3.9200000762939453,3.9600000381469727,290900.0
2022-10-26,3.819999933242798,3.819999933242798,4.059999942779541,3.740000009536743,4.050000190734863,837000.0
2022-10-27,3.7300000190734863,3.7300000190734863,3.9000000953674316,3.7200000286102295,3.8299999237060547,240200.0
2022-10-28,3.859999895095825,3.859999895095825,3.9100000858306885,3.640000104904175,3.7799999713897705,354600.0
2022-10-31,3.940000057220459,3.940000057220459,3.9600000381469727,3.7899999618530273,3.8299999237060547,173400.0
2022-11-01,3.9600000381469727,3.9600000381469727,4.019999980926514,3.9000000953674316,3.990000009536743,143400.0
2022-11-02,3.759999990463257,3.759999990463257,3.930000066757202,3.75,3.930000066757202,186000.0
2022-11-03,4.349999904632568,4.349999904632568,4.639999866485596,3.809999942779541,3.940000057220459,769600.0
2022-11-04,4.5,4.5,4.5,4.28000020980835,4.46999979019165,202800.0
2022-11-07,4.46999979019165,4.46999979019165,4.650000095367432,4.420000076293945,4.449999809265137,243900.0
2022-11-08,4.170000076293945,4.170000076293945,4.460000038146973,4.010000228881836,4.440000057220459,255800.0
2022-11-09,3.809999942779541,3.809999942779541,4.130000114440918,3.740000009536743,4.130000114440918,264700.0
2022-11-10,4.110000133514404,4.110000133514404,4.230000019073486,3.8399999141693115,3.9600000381469727,1438900.0
2022-11-11,4.239999771118164,4.239999771118164,4.349999904632568,4.0,4.110000133514404,678400.0
2022-11-14,4.150000095367432,4.150000095367432,4.25,4.099999904632568,4.21999979019165,137500.0
2022-11-15,4.320000171661377,4.320000171661377,4.46999979019165,4.090000152587891,4.110000133514404,273600.0
2022-11-16,4.230000019073486,4.230000019073486,4.28000020980835,4.139999866485596,4.269999980926514,227900.0
2022-11-17,4.239999771118164,4.239999771118164,4.28000020980835,4.079999923706055,4.159999847412109,147000.0
2022-11-18,4.25,4.25,4.340000152587891,4.159999847412109,4.340000152587891,105300.0
2022-11-21,4.070000171661377,4.070000171661377,4.25,4.0,4.25,244300.0
2022-11-22,4.099999904632568,4.099999904632568,4.159999847412109,3.9700000286102295,4.090000152587891,258600.0
2022-11-23,4.139999866485596,4.139999866485596,4.190000057220459,4.079999923706055,4.110000133514404,128400.0
2022-11-25,4.21999979019165,4.21999979019165,4.320000171661377,4.119999885559082,4.170000076293945,115400.0
2022-11-28,4.260000228881836,4.260000228881836,4.360000133514404,4.210000038146973,4.21999979019165,151400.0
2022-11-29,4.119999885559082,4.119999885559082,4.260000228881836,4.039999961853027,4.230000019073486,310900.0
2022-11-30,4.199999809265137,4.199999809265137,4.269999980926514,4.039999961853027,4.159999847412109,269500.0
2022-12-01,4.329999923706055,4.329999923706055,4.340000152587891,4.199999809265137,4.25,191400.0
2022-12-02,4.309999942779541,4.309999942779541,4.409999847412109,4.260000228881836,4.28000020980835,172400.0
2022-12-05,4.159999847412109,4.159999847412109,4.28000020980835,4.099999904632568,4.230000019073486,167800.0
2022-12-06,4.119999885559082,4.119999885559082,4.21999979019165,4.010000228881836,4.139999866485596,244800.0
2022-12-07,4.130000114440918,4.130000114440918,4.239999771118164,4.099999904632568,4.139999866485596,140700.0
2022-12-08,4.170000076293945,4.170000076293945,4.210000038146973,4.070000171661377,4.139999866485596,111600.0
2022-12-09,4.139999866485596,4.139999866485596,4.199999809265137,4.079999923706055,4.139999866485596,136600.0
2022-12-12,4.150000095367432,4.150000095367432,4.260000228881836,3.9100000858306885,4.119999885559082,385600.0
2022-12-13,4.21999979019165,4.21999979019165,4.380000114440918,4.150000095367432,4.320000171661377,184500.0
2022-12-14,4.21999979019165,4.21999979019165,4.28000020980835,4.150000095367432,4.190000057220459,300900.0
2022-12-15,4.179999828338623,4.179999828338623,4.199999809265137,3.9700000286102295,4.119999885559082,235300.0
2022-12-16,4.320000171661377,4.320000171661377,4.369999885559082,4.070000171661377,4.070000171661377,801400.0
2022-12-19,4.210000038146973,4.210000038146973,4.28000020980835,4.019999980926514,4.28000020980835,349600.0
2022-12-20,4.289999961853027,4.289999961853027,4.400000095367432,4.019999980926514,4.130000114440918,179800.0
2022-12-21,4.369999885559082,4.369999885559082,4.380000114440918,4.210000038146973,4.210000038146973,102200.0
2022-12-22,4.369999885559082,4.369999885559082,4.380000114440918,4.21999979019165,4.360000133514404,161000.0
2022-12-23,4.369999885559082,4.369999885559082,4.389999866485596,4.28000020980835,4.369999885559082,110800.0
2022-12-27,4.320000171661377,4.320000171661377,4.409999847412109,4.239999771118164,4.409999847412109,107900.0
2022-12-28,4.190000057220459,4.190000057220459,4.369999885559082,4.159999847412109,4.320000171661377,150000.0
2022-12-29,4.389999866485596,4.389999866485596,4.400000095367432,4.25,4.289999961853027,148100.0
2022-12-30,4.380000114440918,4.380000114440918,4.539999961853027,4.340000152587891,4.380000114440918,141200.0
2023-01-03,4.309999942779541,4.309999942779541,4.519999980926514,4.190000057220459,4.409999847412109,157500.0
2023-01-04,4.320000171661377,4.320000171661377,4.440000057220459,4.199999809265137,4.28000020980835,101600.0
2023-01-05,4.199999809265137,4.199999809265137,4.320000171661377,4.139999866485596,4.320000171661377,121500.0
2023-01-06,4.449999809265137,4.449999809265137,4.460000038146973,4.210000038146973,4.28000020980835,146400.0
2023-01-09,4.599999904632568,4.599999904632568,4.639999866485596,4.489999771118164,4.5,86300.0
2023-01-10,4.670000076293945,4.670000076293945,4.679999828338623,4.559999942779541,4.610000133514404,99700.0
2023-01-11,4.809999942779541,4.809999942779541,4.849999904632568,4.659999847412109,4.659999847412109,92400.0
2023-01-12,4.960000038146973,4.960000038146973,5.099999904632568,4.880000114440918,4.889999866485596,158900.0
2023-01-13,5.03000020980835,5.03000020980835,5.130000114440918,4.800000190734863,4.960000038146973,91300.0
2023-01-17,4.940000057220459,4.940000057220459,5.019999980926514,4.840000152587891,4.940000057220459,99400.0
2023-01-18,4.860000133514404,4.860000133514404,5.03000020980835,4.769999980926514,4.989999771118164,95900.0
2023-01-19,4.889999866485596,4.889999866485596,4.929999828338623,4.71999979019165,4.860000133514404,79500.0
2023-01-20,5.010000228881836,5.010000228881836,5.110000133514404,4.78000020980835,4.949999809265137,107900.0
2023-01-23,5.059999942779541,5.059999942779541,5.099999904632568,5.0,5.059999942779541,70800.0
2023-01-24,5.050000190734863,5.050000190734863,5.090000152587891,4.929999828338623,5.0,55000.0
2023-01-25,4.900000095367432,4.900000095367432,5.050000190734863,4.869999885559082,5.050000190734863,189300.0
2023-01-26,4.96999979019165,4.96999979019165,4.980000019073486,4.809999942779541,4.980000019073486,59000.0
2023-01-27,4.960000038146973,4.960000038146973,5.010000228881836,4.920000076293945,4.929999828338623,54100.0
2023-01-30,4.929999828338623,4.929999828338623,5.0,4.860000133514404,4.900000095367432,53800.0
2023-01-31,5.0,5.0,5.110000133514404,4.940000057220459,4.980000019073486,132800.0
2023-02-01,5.170000076293945,5.170000076293945,5.21999979019165,4.840000152587891,4.840000152587891,171500.0
2023-02-02,5.489999771118164,5.489999771118164,5.5,5.190000057220459,5.190000057220459,153700.0
2023-02-03,5.559999942779541,5.559999942779541,5.840000152587891,5.349999904632568,5.349999904632568,177600.0
2023-02-06,5.639999866485596,5.639999866485596,5.760000228881836,5.440000057220459,5.550000190734863,100600.0
2023-02-07,5.630000114440918,5.630000114440918,5.909999847412109,5.5,5.570000171661377,136500.0
2023-02-08,5.579999923706055,5.579999923706055,5.639999866485596,5.440000057220459,5.630000114440918,107500.0
2023-02-09,5.519999980926514,5.519999980926514,5.630000114440918,5.349999904632568,5.579999923706055,93100.0
2023-02-10,5.539999961853027,5.539999961853027,5.590000152587891,5.300000190734863,5.510000228881836,150500.0
2023-02-13,5.590000152587891,5.590000152587891,5.679999828338623,5.429999828338623,5.579999923706055,65300.0
2023-02-14,5.650000095367432,5.650000095367432,5.760000228881836,5.489999771118164,5.590000152587891,69400.0
2023-02-15,5.739999771118164,5.739999771118164,5.820000171661377,5.619999885559082,5.619999885559082,96400.0
2023-02-16,5.860000133514404,5.860000133514404,5.880000114440918,5.639999866485596,5.699999809265137,96900.0
2023-02-17,5.860000133514404,5.860000133514404,5.96999979019165,5.699999809265137,5.889999866485596,165900.0
2023-02-21,5.630000114440918,5.630000114440918,5.769999980926514,5.489999771118164,5.769999980926514,150100.0
2023-02-22,5.769999980926514,5.769999980926514,5.789999961853027,5.619999885559082,5.679999828338623,69400.0
2023-02-23,5.739999771118164,5.739999771118164,5.800000190734863,5.579999923706055,5.789999961853027,85300.0
2023-02-24,5.630000114440918,5.630000114440918,5.730000019073486,5.5,5.630000114440918,68500.0
2023-02-27,5.539999961853027,5.539999961853027,5.71999979019165,5.440000057220459,5.699999809265137,55600.0
2023-02-28,5.460000038146973,5.460000038146973,5.599999904632568,5.409999847412109,5.579999923706055,85100.0
2023-03-01,5.28000020980835,5.28000020980835,5.449999809265137,5.139999866485596,5.440000057220459,140700.0
2023-03-02,5.010000228881836,5.010000228881836,5.210000038146973,4.730000019073486,5.119999885559082,300100.0
2023-03-03,5.21999979019165,5.21999979019165,5.300000190734863,4.869999885559082,4.989999771118164,83600.0
2023-03-06,4.860000133514404,4.860000133514404,5.289999961853027,4.659999847412109,5.170000076293945,246100.0
2023-03-07,4.940000057220459,4.940000057220459,4.96999979019165,4.800000190734863,4.880000114440918,42700.0
2023-03-08,4.809999942779541,4.809999942779541,5.019999980926514,4.75,4.940000057220459,131900.0
2023-03-09,4.769999980926514,4.769999980926514,4.860000133514404,4.71999979019165,4.809999942779541,73700.0
2023-03-10,4.639999866485596,4.639999866485596,4.75,4.53000020980835,4.699999809265137,148400.0
2023-03-13,4.559999942779541,4.559999942779541,4.630000114440918,4.510000228881836,4.510000228881836,88500.0
2023-03-14,4.650000095367432,4.650000095367432,4.800000190734863,4.610000133514404,4.71999979019165,74600.0
2023-03-15,4.630000114440918,4.630000114440918,4.690000057220459,4.519999980926514,4.53000020980835,75900.0
2023-03-16,4.769999980926514,4.769999980926514,4.929999828338623,4.489999771118164,4.559999942779541,114300.0
2023-03-17,4.710000038146973,4.710000038146973,4.980000019073486,4.659999847412109,4.739999771118164,227700.0
2023-03-20,4.630000114440918,4.630000114440918,4.75,4.5,4.730000019073486,111300.0
2023-03-21,4.730000019073486,4.730000019073486,4.849999904632568,4.550000190734863,4.710000038146973,66700.0
2023-03-22,4.610000133514404,4.610000133514404,4.800000190734863,4.599999904632568,4.710000038146973,64100.0
2023-03-23,4.53000020980835,4.53000020980835,4.639999866485596,4.389999866485596,4.639999866485596,82100.0
2023-03-24,4.619999885559082,4.619999885559082,4.639999866485596,4.369999885559082,4.489999771118164,58300.0
2023-03-27,4.579999923706055,4.579999923706055,4.710000038146973,4.5,4.670000076293945,65100.0
2023-03-28,4.610000133514404,4.610000133514404,4.71999979019165,4.5,4.570000171661377,119100.0
2023-03-29,4.550000190734863,4.550000190734863,4.630000114440918,4.489999771118164,4.630000114440918,140800.0
2023-03-30,4.570000171661377,4.570000171661377,4.630000114440918,4.5,4.579999923706055,54300.0
2023-03-31,4.690000057220459,4.690000057220459,4.710000038146973,4.550000190734863,4.590000152587891,94900.0
2023-04-03,4.599999904632568,4.599999904632568,4.699999809265137,4.550000190734863,4.699999809265137,61300.0
2023-04-04,4.480000019073486,4.480000019073486,4.579999923706055,4.46999979019165,4.570000171661377,51500.0
2023-04-05,4.409999847412109,4.409999847412109,4.489999771118164,4.329999923706055,4.420000076293945,66600.0
2023-04-06,4.389999866485596,4.389999866485596,4.429999828338623,4.320000171661377,4.429999828338623,50200.0
2023-04-10,4.599999904632568,4.599999904632568,4.710000038146973,4.389999866485596,4.389999866485596,74800.0
2023-04-11,4.840000152587891,4.840000152587891,4.920000076293945,4.590000152587891,4.630000114440918,89000.0
2023-04-12,4.480000019073486,4.480000019073486,4.809999942779541,4.460000038146973,4.769999980926514,124000.0
2023-04-13,4.449999809265137,4.449999809265137,4.599999904632568,4.400000095367432,4.599999904632568,125100.0
2023-04-14,4.289999961853027,4.289999961853027,4.449999809265137,4.239999771118164,4.400000095367432,209000.0
2023-04-17,4.289999961853027,4.289999961853027,4.320000171661377,4.239999771118164,4.309999942779541,50100.0
2023-04-18,4.190000057220459,4.190000057220459,4.309999942779541,4.150000095367432,4.150000095367432,190600.0
2023-04-19,4.380000114440918,4.380000114440918,4.429999828338623,4.070000171661377,4.179999828338623,350200.0
2023-04-20,4.389999866485596,4.389999866485596,4.440000057220459,4.230000019073486,4.300000190734863,44600.0
2023-04-21,4.429999828338623,4.429999828338623,4.559999942779541,4.380000114440918,4.409999847412109,63300.0
2023-04-24,4.510000228881836,4.510000228881836,4.579999923706055,4.449999809265137,4.480000019073486,34200.0
2023-04-25,4.590000152587891,4.590000152587891,4.639999866485596,4.5,4.510000228881836,53500.0
2023-04-26,4.539999961853027,4.539999961853027,4.699999809265137,4.510000228881836,4.559999942779541,181500.0
2023-04-27,4.699999809265137,4.699999809265137,4.78000020980835,4.599999904632568,4.599999904632568,87400.0
2023-04-28,4.690000057220459,4.690000057220459,4.869999885559082,4.650000095367432,4.679999828338623,120400.0
2023-05-01,4.559999942779541,4.559999942779541,4.730000019073486,4.489999771118164,4.679999828338623,45000.0
2023-05-02,4.489999771118164,4.489999771118164,4.630000114440918,4.170000076293945,4.550000190734863,119500.0
2023-05-03,4.440000057220459,4.440000057220459,4.71999979019165,4.420000076293945,4.460000038146973,69800.0
2023-05-04,4.420000076293945,4.420000076293945,4.570000171661377,4.300000190734863,4.360000133514404,87100.0
2023-05-05,4.510000228881836,4.510000228881836,4.590000152587891,4.349999904632568,4.440000057220459,59200.0
2023-05-08,4.510000228881836,4.510000228881836,4.539999961853027,4.440000057220459,4.539999961853027,28300.0
2023-05-09,4.489999771118164,4.489999771118164,4.53000020980835,4.329999923706055,4.489999771118164,71700.0
2023-05-10,4.480000019073486,4.480000019073486,4.539999961853027,4.340000152587891,4.510000228881836,49000.0
2023-05-11,4.460000038146973,4.460000038146973,4.550000190734863,4.340000152587891,4.489999771118164,39800.0
2023-05-12,4.449999809265137,4.449999809265137,4.510000228881836,4.409999847412109,4.510000228881836,30900.0
2023-05-15,4.559999942779541,4.559999942779541,4.599999904632568,4.409999847412109,4.46999979019165,61300.0
2023-05-16,4.460000038146973,4.460000038146973,4.559999942779541,4.389999866485596,4.559999942779541,64800.0
2023-05-17,4.75,4.75,4.849999904632568,4.449999809265137,4.449999809265137,52900.0
2023-05-18,4.849999904632568,4.849999904632568,4.889999866485596,4.690000057220459,4.730000019073486,34600.0
2023-05-19,5.079999923706055,5.079999923706055,5.170000076293945,4.869999885559082,4.909999847412109,58500.0
2023-05-22,4.980000019073486,4.980000019073486,5.130000114440918,4.880000114440918,5.130000114440918,75500.0
2023-05-23,5.099999904632568,5.099999904632568,5.190000057220459,4.889999866485596,4.96999979019165,61100.0
2023-05-24,5.110000133514404,5.110000133514404,5.170000076293945,5.059999942779541,5.070000171661377,62600.0
2023-05-25,5.099999904632568,5.099999904632568,5.170000076293945,5.059999942779541,5.099999904632568,32200.0
2023-05-26,5.110000133514404,5.110000133514404,5.179999828338623,5.079999923706055,5.110000133514404,34500.0
2023-05-30,5.019999980926514,5.019999980926514,5.230000019073486,4.989999771118164,5.119999885559082,49600.0
2023-05-31,5.260000228881836,5.260000228881836,5.400000095367432,4.869999885559082,5.03000020980835,71000.0
2023-06-01,5.269999980926514,5.269999980926514,5.340000152587891,5.119999885559082,5.230000019073486,139200.0
2023-06-02,5.53000020980835,5.53000020980835,5.559999942779541,5.230000019073486,5.369999885559082,72900.0
2023-06-05,5.440000057220459,5.440000057220459,5.630000114440918,5.309999942779541,5.46999979019165,128600.0
2023-06-06,5.559999942779541,5.559999942779541,5.769999980926514,5.46999979019165,5.46999979019165,320400.0
2023-06-07,5.610000133514404,5.610000133514404,5.670000076293945,5.519999980926514,5.570000171661377,100700.0
2023-06-08,5.590000152587891,5.590000152587891,5.760000228881836,5.519999980926514,5.670000076293945,152200.0
2023-06-09,5.53000020980835,5.53000020980835,5.599999904632568,5.380000114440918,5.519999980926514,58800.0
2023-06-12,5.389999866485596,5.389999866485596,5.5,5.230000019073486,5.5,84100.0
2023-06-13,5.480000019073486,5.480000019073486,5.539999961853027,5.340000152587891,5.340000152587891,108600.0
2023-06-14,5.389999866485596,5.389999866485596,5.559999942779541,5.380000114440918,5.53000020980835,71600.0
2023-06-15,5.380000114440918,5.380000114440918,5.480000019073486,5.289999961853027,5.400000095367432,61700.0
2023-06-16,5.369999885559082,5.369999885559082,5.46999979019165,5.300000190734863,5.449999809265137,145100.0
2023-06-20,5.440000057220459,5.440000057220459,5.5,5.360000133514404,5.380000114440918,106900.0
2023-06-21,5.28000020980835,5.28000020980835,5.480000019073486,5.230000019073486,5.440000057220459,68200.0
2023-06-22,5.260000228881836,5.260000228881836,5.289999961853027,5.150000095367432,5.28000020980835,79500.0
2023-06-23,5.409999847412109,5.409999847412109,5.449999809265137,5.179999828338623,5.179999828338623,383600.0
2023-06-26,5.389999866485596,5.389999866485596,5.53000020980835,5.360000133514404,5.480000019073486,99400.0
2023-06-27,5.5,5.5,5.559999942779541,5.389999866485596,5.389999866485596,99300.0
2023-06-28,5.5,5.5,5.510000228881836,5.460000038146973,5.5,56100.0
2023-06-29,5.5,5.5,5.579999923706055,5.489999771118164,5.519999980926514,68700.0
2023-06-30,5.539999961853027,5.539999961853027,5.570000171661377,5.489999771118164,5.539999961853027,136100.0
2023-07-03,5.550000190734863,5.550000190734863,5.679999828338623,5.519999980926514,5.53000020980835,53800.0
2023-07-05,5.489999771118164,5.489999771118164,5.579999923706055,5.460000038146973,5.550000190734863,90900.0
2023-07-06,5.46999979019165,5.46999979019165,5.510000228881836,5.409999847412109,5.449999809265137,112100.0
2023-07-07,5.550000190734863,5.550000190734863,5.579999923706055,5.429999828338623,5.5,276800.0
2023-07-10,5.789999961853027,5.789999961853027,5.789999961853027,5.579999923706055,5.579999923706055,155300.0
2023-07-11,5.809999942779541,5.809999942779541,5.840000152587891,5.769999980926514,5.829999923706055,78700.0
2023-07-12,5.800000190734863,5.800000190734863,5.849999904632568,5.78000020980835,5.809999942779541,55100.0
2023-07-13,5.900000095367432,5.900000095367432,5.900000095367432,5.75,5.800000190734863,74600.0
2023-07-14,5.889999866485596,5.889999866485596,5.929999828338623,5.78000020980835,5.900000095367432,81800.0
2023-07-17,6.130000114440918,6.130000114440918,6.199999809265137,5.920000076293945,5.929999828338623,102500.0
2023-07-18,6.179999828338623,6.179999828338623,6.239999771118164,6.119999885559082,6.119999885559082,62600.0
2023-07-19,6.050000190734863,6.050000190734863,6.190000057220459,5.980000019073486,6.170000076293945,82300.0
2023-07-20,6.150000095367432,6.150000095367432,6.190000057220459,5.929999828338623,6.039999961853027,40300.0
2023-07-21,6.230000019073486,6.230000019073486,6.449999809265137,6.179999828338623,6.199999809265137,53800.0
2023-07-24,6.239999771118164,6.239999771118164,6.260000228881836,6.010000228881836,6.199999809265137,31800.0
2023-07-25,6.389999866485596,6.389999866485596,6.429999828338623,6.179999828338623,6.179999828338623,75700.0
2023-07-26,6.389999866485596,6.389999866485596,6.510000228881836,6.360000133514404,6.380000114440918,41700.0
2023-07-27,6.199999809265137,6.199999809265137,6.369999885559082,6.170000076293945,6.369999885559082,57600.0
2023-07-28,6.25,6.25,6.309999942779541,6.179999828338623,6.269999980926514,26100.0
2023-07-31,6.360000133514404,6.360000133514404,6.440000057220459,6.25,6.269999980926514,49900.0
2023-08-01,6.369999885559082,6.369999885559082,6.429999828338623,6.269999980926514,6.309999942779541,81400.0
2023-08-02,6.400000095367432,6.400000095367432,6.420000076293945,6.199999809265137,6.309999942779541,65000.0
2023-08-03,5.760000228881836,5.760000228881836,6.300000190734863,5.590000152587891,6.260000228881836,136200.0
2023-08-04,5.949999809265137,5.949999809265137,5.949999809265137,5.739999771118164,5.820000171661377,43400.0
2023-08-07,5.96999979019165,5.96999979019165,6.019999980926514,5.809999942779541,5.949999809265137,66700.0
2023-08-08,5.889999866485596,5.889999866485596,5.989999771118164,5.769999980926514,5.900000095367432,58900.0
2023-08-09,5.96999979019165,5.96999979019165,6.099999904632568,5.679999828338623,5.789999961853027,134300.0
2023-08-10,6.010000228881836,6.010000228881836,6.079999923706055,5.940000057220459,6.010000228881836,47400.0
2023-08-11,5.940000057220459,5.940000057220459,6.03000020980835,5.909999847412109,5.96999979019165,38200.0
2023-08-14,5.96999979019165,5.96999979019165,6.010000228881836,5.849999904632568,5.920000076293945,23700.0
2023-08-15,6.070000171661377,6.070000171661377,6.119999885559082,5.920000076293945,5.96999979019165,39800.0
2023-08-16,5.920000076293945,5.920000076293945,6.119999885559082,5.920000076293945,6.090000152587891,26700.0
2023-08-17,5.840000152587891,5.840000152587891,5.960000038146973,5.809999942779541,5.960000038146973,38600.0
2023-08-18,5.940000057220459,5.940000057220459,5.96999979019165,5.78000020980835,5.78000020980835,38500.0
2023-08-21,5.829999923706055,5.829999923706055,6.059999942779541,5.78000020980835,5.96999979019165,61500.0
2023-08-22,5.699999809265137,5.699999809265137,5.869999885559082,5.619999885559082,5.869999885559082,56100.0
2023-08-23,5.75,5.75,5.78000020980835,5.619999885559082,5.670000076293945,33400.0
2023-08-24,5.679999828338623,5.679999828338623,5.769999980926514,5.570000171661377,5.690000057220459,50400.0
2023-08-25,5.690000057220459,5.690000057220459,5.739999771118164,5.599999904632568,5.670000076293945,29200.0
2023-08-28,5.699999809265137,5.699999809265137,5.789999961853027,5.659999847412109,5.670000076293945,38200.0
2023-08-29,5.75,5.75,5.840000152587891,5.679999828338623,5.71999979019165,66300.0
2023-08-30,5.840000152587891,5.840000152587891,5.860000133514404,5.690000057220459,5.75,38200.0
2023-08-31,5.920000076293945,5.920000076293945,6.039999961853027,5.880000114440918,5.889999866485596,54600.0
2023-09-01,6.059999942779541,6.059999942779541,6.139999866485596,5.900000095367432,5.929999828338623,45500.0
2023-09-05,5.829999923706055,5.829999923706055,6.070000171661377,5.71999979019165,6.070000171661377,50800.0
2023-09-06,5.760000228881836,5.760000228881836,5.940000057220459,5.590000152587891,5.860000133514404,98200.0
2023-09-07,5.309999942779541,5.309999942779541,5.75,5.25,5.75,85400.0
2023-09-08,5.230000019073486,5.230000019073486,5.489999771118164,5.170000076293945,5.25,34600.0
2023-09-11,5.170000076293945,5.170000076293945,5.320000171661377,5.110000133514404,5.110000133514404,59200.0
2023-09-12,5.230000019073486,5.230000019073486,5.329999923706055,5.130000114440918,5.130000114440918,54800.0
2023-09-13,5.25,5.25,5.349999904632568,5.199999809265137,5.349999904632568,51400.0
2023-09-14,5.429999828338623,5.429999828338623,5.5,5.230000019073486,5.269999980926514,42200.0
2023-09-15,5.460000038146973,5.460000038146973,5.550000190734863,5.300000190734863,5.400000095367432,245000.0
2023-09-18,5.400000095367432,5.400000095367432,5.570000171661377,5.360000133514404,5.5,38000.0
2023-09-19,5.320000171661377,5.320000171661377,5.489999771118164,5.300000190734863,5.409999847412109,30400.0
2023-09-20,5.389999866485596,5.389999866485596,5.519999980926514,5.289999961853027,5.360000133514404,40800.0
2023-09-21,5.420000076293945,5.420000076293945,5.559999942779541,5.380000114440918,5.389999866485596,32400.0
2023-09-22,5.460000038146973,5.460000038146973,5.75,5.389999866485596,5.409999847412109,31600.0
2023-09-25,5.590000152587891,5.590000152587891,5.630000114440918,5.400000095367432,5.440000057220459,31000.0
2023-09-26,5.5,5.5,5.699999809265137,5.409999847412109,5.619999885559082,35800.0
2023-09-27,5.590000152587891,5.590000152587891,5.699999809265137,5.519999980926514,5.579999923706055,30600.0
2023-09-28,5.539999961853027,5.539999961853027,5.610000133514404,5.429999828338623,5.610000133514404,19900.0
2023-09-29,5.489999771118164,5.489999771118164,5.650000095367432,5.420000076293945,5.519999980926514,26800.0
2023-10-02,5.46999979019165,5.46999979019165,5.590000152587891,5.400000095367432,5.429999828338623,28200.0
2023-10-03,5.230000019073486,5.230000019073486,5.5,5.159999847412109,5.489999771118164,34400.0
2023-10-04,5.340000152587891,5.340000152587891,5.449999809265137,5.159999847412109,5.230000019073486,47500.0
2023-10-05,5.230000019073486,5.230000019073486,5.329999923706055,5.230000019073486,5.289999961853027,57700.0
2023-10-06,5.300000190734863,5.300000190734863,5.349999904632568,5.170000076293945,5.230000019073486,27000.0
2023-10-09,5.289999961853027,5.289999961853027,5.480000019073486,4.980000019073486,5.21999979019165,24300.0
2023-10-10,5.25,5.25,5.380000114440918,5.190000057220459,5.239999771118164,38900.0
2023-10-11,5.150000095367432,5.150000095367432,5.429999828338623,5.139999866485596,5.190000057220459,30500.0
2023-10-12,5.170000076293945,5.170000076293945,5.360000133514404,5.119999885559082,5.179999828338623,35000.0
2023-10-13,5.099999904632568,5.099999904632568,5.309999942779541,4.980000019073486,5.309999942779541,16600.0
2023-10-16,5.119999885559082,5.119999885559082,5.190000057220459,5.010000228881836,5.130000114440918,54900.0
2023-10-17,5.269999980926514,5.269999980926514,5.5,5.150000095367432,5.150000095367432,93700.0
2023-10-18,5.059999942779541,5.059999942779541,5.329999923706055,5.059999942779541,5.239999771118164,29900.0
2023-10-19,5.139999866485596,5.139999866485596,5.269999980926514,5.079999923706055,5.079999923706055,28800.0
2023-10-20,5.269999980926514,5.269999980926514,5.269999980926514,5.150000095367432,5.150000095367432,65900.0
2023-10-23,5.070000171661377,5.070000171661377,5.260000228881836,5.039999961853027,5.230000019073486,26100.0
2023-10-24,5.130000114440918,5.130000114440918,5.21999979019165,5.0,5.090000152587891,24800.0
2023-10-25,4.949999809265137,4.949999809265137,5.110000133514404,4.900000095367432,5.010000228881836,31600.0
2023-10-26,4.849999904632568,4.849999904632568,5.039999961853027,4.820000171661377,4.980000019073486,38700.0
2023-10-27,4.860000133514404,4.860000133514404,5.099999904632568,4.820000171661377,4.900000095367432,32200.0
2023-10-30,5.150000095367432,5.150000095367432,5.179999828338623,4.329999923706055,4.760000228881836,194800.0
2023-10-31,5.489999771118164,5.489999771118164,5.5,5.010000228881836,5.150000095367432,173000.0
2023-11-01,5.269999980926514,5.269999980926514,5.429999828338623,5.199999809265137,5.300000190734863,57200.0
2023-11-02,5.420000076293945,5.420000076293945,5.5,4.619999885559082,4.940000057220459,80200.0
2023-11-03,5.349999904632568,5.349999904632568,5.5,5.050000190734863,5.5,40900.0
2023-11-06,5.309999942779541,5.309999942779541,5.389999866485596,5.090000152587891,5.28000020980835,108300.0
2023-11-07,5.46999979019165,5.46999979019165,5.5,5.070000171661377,5.309999942779541,50700.0
2023-11-08,5.409999847412109,5.409999847412109,5.46999979019165,5.239999771118164,5.46999979019165,64800.0
2023-11-09,5.340000152587891,5.340000152587891,5.449999809265137,5.139999866485596,5.400000095367432,74200.0
2023-11-10,5.599999904632568,5.599999904632568,5.610000133514404,5.28000020980835,5.380000114440918,108100.0
2023-11-13,5.46999979019165,5.46999979019165,5.670000076293945,5.400000095367432,5.599999904632568,60600.0
2023-11-14,6.010000228881836,6.010000228881836,6.010000228881836,5.550000190734863,5.650000095367432,66300.0
2023-11-15,6.28000020980835,6.28000020980835,6.340000152587891,6.0,6.0,84400.0
2023-11-16,6.360000133514404,6.360000133514404,6.400000095367432,6.159999847412109,6.300000190734863,57300.0
2023-11-17,6.300000190734863,6.300000190734863,6.5,6.230000019073486,6.400000095367432,100300.0
2023-11-20,6.400000095367432,6.400000095367432,6.5,6.21999979019165,6.340000152587891,37300.0
2023-11-21,6.230000019073486,6.230000019073486,6.449999809265137,6.170000076293945,6.269999980926514,48500.0
2023-11-22,6.380000114440918,6.380000114440918,6.489999771118164,6.210000038146973,6.320000171661377,38700.0
2023-11-24,6.46999979019165,6.46999979019165,6.619999885559082,6.289999961853027,6.320000171661377,26000.0
2023-11-27,6.369999885559082,6.369999885559082,6.5,6.159999847412109,6.420000076293945,29400.0
2023-11-28,6.340000152587891,6.340000152587891,6.5,6.269999980926514,6.369999885559082,52900.0
2023-11-29,6.489999771118164,6.489999771118164,6.539999961853027,6.090000152587891,6.429999828338623,72200.0
2023-11-30,6.75,6.75,6.789999961853027,6.340000152587891,6.489999771118164,149600.0
2023-12-01,6.599999904632568,6.599999904632568,6.800000190734863,6.380000114440918,6.800000190734863,108300.0
2023-12-04,6.909999847412109,6.909999847412109,6.989999771118164,6.570000171661377,6.599999904632568,59600.0
2023-12-05,6.809999942779541,6.809999942779541,6.900000095367432,6.679999828338623,6.900000095367432,32200.0
2023-12-06,6.590000152587891,6.590000152587891,6.889999866485596,6.590000152587891,6.800000190734863,31100.0
2023-12-07,6.539999961853027,6.539999961853027,6.699999809265137,6.46999979019165,6.639999866485596,32800.0
2023-12-08,6.829999923706055,6.829999923706055,6.889999866485596,6.400000095367432,6.539999961853027,65500.0
2023-12-11,6.760000228881836,6.760000228881836,6.900000095367432,6.429999828338623,6.800000190734863,55300.0
2023-12-12,6.599999904632568,6.599999904632568,6.800000190734863,6.440000057220459,6.75,87300.0
2023-12-13,6.869999885559082,6.869999885559082,6.96999979019165,6.550000190734863,6.659999847412109,105000.0
2023-12-14,6.96999979019165,6.96999979019165,7.019999980926514,6.710000038146973,6.869999885559082,162900.0
2023-12-15,7.010000228881836,7.010000228881836,7.289999961853027,6.809999942779541,7.059999942779541,254200.0
2023-12-18,7.0,7.0,7.289999961853027,6.949999809265137,7.010000228881836,131200.0
2023-12-19,7.0,7.0,7.0,6.929999828338623,7.0,60400.0
2023-12-20,7.159999847412109,7.159999847412109,7.5,7.0,7.0,140900.0
2023-12-21,7.21999979019165,7.21999979019165,7.260000228881836,7.0,7.25,139300.0
2023-12-22,7.440000057220459,7.440000057220459,7.46999979019165,6.920000076293945,7.25,168200.0
2023-12-26,7.5,7.5,7.5,7.289999961853027,7.400000095367432,62400.0
2023-12-27,7.5,7.5,7.670000076293945,7.389999866485596,7.420000076293945,135300.0
2023-12-28,7.409999847412109,7.409999847412109,7.5,7.369999885559082,7.420000076293945,61600.0
2023-12-29,7.360000133514404,7.360000133514404,7.489999771118164,7.28000020980835,7.440000057220459,46900.0
2024-01-02,7.269999980926514,7.269999980926514,7.389999866485596,7.210000038146973,7.360000133514404,42000.0
2024-01-03,6.909999847412109,6.909999847412109,7.300000190734863,6.860000133514404,7.300000190734863,50900.0
2024-01-04,6.849999904632568,6.849999904632568,7.059999942779541,6.829999923706055,6.960000038146973,51200.0
2024-01-05,6.840000152587891,6.840000152587891,7.070000171661377,6.730000019073486,6.800000190734863,53100.0
2024-01-08,6.949999809265137,6.949999809265137,7.0,6.699999809265137,6.710000038146973,25900.0
2024-01-09,6.800000190734863,6.800000190734863,6.960000038146973,6.78000020980835,6.840000152587891,23700.0
2024-01-10,7.010000228881836,7.010000228881836,7.059999942779541,6.75,6.75,42800.0
2024-01-11,6.989999771118164,6.989999771118164,7.03000020980835,6.53000020980835,6.929999828338623,102300.0
2024-01-12,7.010000228881836,7.010000228881836,7.070000171661377,6.880000114440918,7.070000171661377,40300.0
2024-01-16,7.019999980926514,7.019999980926514,7.070000171661377,6.849999904632568,6.889999866485596,53200.0
2024-01-17,6.909999847412109,6.909999847412109,7.099999904632568,6.840000152587891,6.900000095367432,29300.0
2024-01-18,6.980000019073486,6.980000019073486,7.019999980926514,6.800000190734863,6.940000057220459,28700.0
2024-01-19,7.070000171661377,7.070000171661377,7.110000133514404,6.929999828338623,7.050000190734863,37700.0
2024-01-22,7.050000190734863,7.050000190734863,7.159999847412109,6.860000133514404,7.090000152587891,72600.0
2024-01-23,6.739999771118164,6.739999771118164,7.139999866485596,6.670000076293945,7.139999866485596,52000.0
2024-01-24,6.730000019073486,6.730000019073486,6.929999828338623,6.650000095367432,6.829999923706055,40500.0
2024-01-25,6.659999847412109,6.659999847412109,6.929999828338623,6.550000190734863,6.849999904632568,96800.0
2024-01-26,6.639999866485596,6.639999866485596,6.739999771118164,6.440000057220459,6.690000057220459,54300.0
2024-01-29,6.489999771118164,6.489999771118164,6.659999847412109,6.380000114440918,6.659999847412109,49900.0
2024-01-30,6.570000171661377,6.570000171661377,6.579999923706055,6.409999847412109,6.420000076293945,77900.0
2024-01-31,6.489999771118164,6.489999771118164,6.579999923706055,6.440000057220459,6.5,103800.0
2024-02-01,6.320000171661377,6.320000171661377,6.559999942779541,6.199999809265137,6.539999961853027,261800.0
2024-02-02,6.300000190734863,6.300000190734863,6.429999828338623,6.150000095367432,6.150000095367432,143700.0
2024-02-05,6.289999961853027,6.289999961853027,6.369999885559082,6.199999809265137,6.309999942779541,35700.0
2024-02-06,6.28000020980835,6.28000020980835,6.369999885559082,6.210000038146973,6.260000228881836,16000.0
2024-02-07,6.360000133514404,6.360000133514404,6.389999866485596,6.210000038146973,6.300000190734863,40800.0
2024-02-08,6.28000020980835,6.28000020980835,6.460000038146973,6.25,6.369999885559082,22800.0
2024-02-09,6.449999809265137,6.449999809265137,6.519999980926514,6.199999809265137,6.25,48300.0
2024-02-12,6.449999809265137,6.449999809265137,6.519999980926514,6.349999904632568,6.349999904632568,242800.0
2024-02-13,6.170000076293945,6.170000076293945,6.429999828338623,6.119999885559082,6.28000020980835,89600.0
2024-02-14,6.369999885559082,6.369999885559082,6.400000095367432,6.170000076293945,6.230000019073486,47200.0
2024-02-15,6.920000076293945,6.920000076293945,6.940000057220459,6.340000152587891,6.449999809265137,597600.0
2024-02-16,6.880000114440918,6.880000114440918,7.0,6.760000228881836,6.989999771118164,178800.0
2024-02-20,6.579999923706055,6.579999923706055,6.900000095367432,6.53000020980835,6.880000114440918,188900.0
2024-02-21,6.510000228881836,6.510000228881836,6.829999923706055,6.480000019073486,6.619999885559082,194000.0
2024-02-22,6.46999979019165,6.46999979019165,6.710000038146973,6.349999904632568,6.46999979019165,187500.0
2024-02-23,6.599999904632568,6.599999904632568,6.659999847412109,6.389999866485596,6.46999979019165,180000.0
2024-02-26,6.800000190734863,6.800000190734863,6.840000152587891,6.599999904632568,6.630000114440918,144500.0
2024-02-27,7.019999980926514,7.019999980926514,7.050000190734863,6.650000095367432,6.909999847412109,325700.0
2024-02-28,6.949999809265137,6.949999809265137,7.079999923706055,6.829999923706055,6.96999979019165,128700.0
2024-02-29,6.949999809265137,6.949999809265137,7.110000133514404,6.690000057220459,7.099999904632568,292700.0
2024-03-01,6.960000038146973,6.960000038146973,7.019999980926514,6.849999904632568,7.0,164100.0
2024-03-04,6.650000095367432,6.650000095367432,6.980000019073486,6.610000133514404,6.960000038146973,110200.0
2024-03-05,6.690000057220459,6.690000057220459,6.800000190734863,6.579999923706055,6.650000095367432,91500.0
2024-03-06,6.820000171661377,6.820000171661377,6.869999885559082,6.699999809265137,6.71999979019165,418800.0
2024-03-07,6.730000019073486,6.730000019073486,6.989999771118164,6.670000076293945,6.829999923706055,142300.0
2024-03-08,6.800000190734863,6.800000190734863,6.980000019073486,6.670000076293945,6.829999923706055,85000.0
2024-03-11,6.820000171661377,6.820000171661377,6.889999866485596,6.659999847412109,6.869999885559082,91400.0
2024-03-12,6.690000057220459,6.690000057220459,6.849999904632568,6.630000114440918,6.849999904632568,75600.0
2024-03-13,6.75,6.75,6.860000133514404,6.670000076293945,6.71999979019165,122900.0
2024-03-14,6.510000228881836,6.510000228881836,6.739999771118164,6.46999979019165,6.739999771118164,87000.0
2024-03-15,6.53000020980835,6.53000020980835,6.730000019073486,6.449999809265137,6.460000038146973,261600.0
2024-03-18,6.610000133514404,6.610000133514404,6.710000038146973,6.420000076293945,6.539999961853027,382300.0
2024-03-19,6.900000095367432,6.900000095367432,7.0,6.559999942779541,6.619999885559082,289000.0
2024-03-20,6.929999828338623,6.929999828338623,6.980000019073486,6.690000057220459,6.889999866485596,219700.0
2024-03-21,7.0,7.0,7.070000171661377,6.869999885559082,6.949999809265137,428500.0
2024-03-22,6.989999771118164,6.989999771118164,7.0,6.840000152587891,7.0,146000.0
2024-03-25,6.96999979019165,6.96999979019165,7.179999828338623,6.949999809265137,7.039999961853027,67800.0
2024-03-26,6.960000038146973,6.960000038146973,7.059999942779541,6.929999828338623,7.059999942779541,70200.0
2024-03-27,6.96999979019165,6.96999979019165,7.010000228881836,6.900000095367432,6.940000057220459,71200.0
2024-03-28,7.03000020980835,7.03000020980835,7.130000114440918,6.940000057220459,7.0,395600.0
2024-04-01,6.980000019073486,6.980000019073486,7.099999904632568,6.909999847412109,7.099999904632568,141400.0
2024-04-02,6.889999866485596,6.889999866485596,6.96999979019165,6.739999771118164,6.96999979019165,99300.0
2024-04-03,6.980000019073486,6.980000019073486,7.0,6.760000228881836,6.860000133514404,167500.0
2024-04-04,6.940000057220459,6.940000057220459,7.110000133514404,6.889999866485596,7.110000133514404,112600.0
2024-04-05,6.940000057220459,6.940000057220459,7.099999904632568,6.829999923706055,6.900000095367432,121600.0
2024-04-08,7.0,7.0,7.019999980926514,6.909999847412109,6.949999809265137,54500.0
2024-04-09,7.0,7.0,7.070000171661377,6.980000019073486,7.0,104700.0
2024-04-10,6.849999904632568,6.849999904632568,6.980000019073486,6.760000228881836,6.869999885559082,108000.0
2024-04-11,6.889999866485596,6.889999866485596,6.960000038146973,6.75,6.829999923706055,89600.0
2024-04-12,6.929999828338623,6.929999828338623,7.099999904632568,6.840000152587891,6.840000152587891,83300.0
2024-04-15,6.840000152587891,6.840000152587891,7.0,6.760000228881836,7.0,79300.0
2024-04-16,6.730000019073486,6.730000019073486,6.78000020980835,6.579999923706055,6.769999980926514,106300.0
2024-04-17,6.650000095367432,6.650000095367432,6.769999980926514,6.489999771118164,6.769999980926514,104800.0
2024-04-18,6.5,6.5,6.71999979019165,6.46999979019165,6.71999979019165,94000.0
2024-04-19,6.340000152587891,6.340000152587891,6.519999980926514,6.179999828338623,6.46999979019165,114600.0
2024-04-22,6.380000114440918,6.380000114440918,6.440000057220459,6.289999961853027,6.400000095367432,168100.0
2024-04-23,6.650000095367432,6.650000095367432,6.659999847412109,6.400000095367432,6.400000095367432,70200.0
2024-04-24,6.440000057220459,6.440000057220459,6.730000019073486,6.440000057220459,6.650000095367432,53800.0
2024-04-25,6.349999904632568,6.349999904632568,6.389999866485596,6.309999942779541,6.369999885559082,50500.0
2024-04-26,6.5,6.5,6.519999980926514,6.329999923706055,6.360000133514404,40000.0
2024-04-29,6.690000057220459,6.690000057220459,6.699999809265137,6.550000190734863,6.550000190734863,48300.0
2024-04-30,6.71999979019165,6.71999979019165,6.869999885559082,6.619999885559082,6.679999828338623,93400.0
2024-05-01,6.869999885559082,6.869999885559082,6.980000019073486,6.71999979019165,6.75,78200.0
2024-05-02,6.739999771118164,6.739999771118164,6.909999847412109,6.670000076293945,6.909999847412109,73800.0
2024-05-03,6.940000057220459,6.940000057220459,7.0,6.829999923706055,6.900000095367432,47400.0
2024-05-06,7.03000020980835,7.03000020980835,7.099999904632568,6.96999979019165,7.090000152587891,68300.0
2024-05-07,6.880000114440918,6.880000114440918,7.019999980926514,6.860000133514404,6.989999771118164,55500.0
2024-05-08,6.860000133514404,6.860000133514404,6.880000114440918,6.710000038146973,6.800000190734863,50000.0
2024-05-09,6.71999979019165,6.71999979019165,6.989999771118164,6.679999828338623,6.989999771118164,88300.0
2024-05-10,6.679999828338623,6.679999828338623,6.760000228881836,6.489999771118164,6.710000038146973,74100.0
2024-05-13,6.679999828338623,6.679999828338623,6.809999942779541,6.679999828338623,6.739999771118164,44600.0
2024-05-14,6.75,6.75,6.769999980926514,6.679999828338623,6.75,47400.0
2024-05-15,6.590000152587891,6.590000152587891,6.820000171661377,6.559999942779541,6.809999942779541,71900.0
2024-05-16,6.389999866485596,6.389999866485596,6.579999923706055,6.360000133514404,6.579999923706055,39700.0
2024-05-17,6.480000019073486,6.480000019073486,6.510000228881836,6.349999904632568,6.409999847412109,57300.0
2024-05-20,6.289999961853027,6.289999961853027,6.489999771118164,6.059999942779541,6.489999771118164,198400.0
2024-05-21,6.340000152587891,6.340000152587891,6.420000076293945,6.139999866485596,6.300000190734863,123100.0
2024-05-22,6.400000095367432,6.400000095367432,6.460000038146973,6.25,6.329999923706055,80600.0
2024-05-23,6.380000114440918,6.380000114440918,6.5,6.260000228881836,6.460000038146973,67900.0
2024-05-24,6.559999942779541,6.559999942779541,6.579999923706055,6.380000114440918,6.409999847412109,91500.0
2024-05-28,6.579999923706055,6.579999923706055,6.650000095367432,6.429999828338623,6.630000114440918,70300.0
2024-05-29,6.340000152587891,6.340000152587891,6.630000114440918,6.300000190734863,6.510000228881836,89200.0
2024-05-30,6.400000095367432,6.400000095367432,6.440000057220459,6.309999942779541,6.400000095367432,60100.0
2024-05-31,6.599999904632568,6.599999904632568,6.610000133514404,6.369999885559082,6.46999979019165,57500.0
2024-06-03,6.75,6.75,6.78000020980835,6.619999885559082,6.71999979019165,60300.0
2024-06-04,6.659999847412109,6.659999847412109,6.75,6.46999979019165,6.739999771118164,69900.0
2024-06-05,6.730000019073486,6.730000019073486,6.78000020980835,6.639999866485596,6.710000038146973,98200.0
2024-06-06,6.699999809265137,6.699999809265137,6.769999980926514,6.619999885559082,6.699999809265137,49400.0
2024-06-07,6.659999847412109,6.659999847412109,6.769999980926514,6.599999904632568,6.670000076293945,61400.0
2024-06-10,6.570000171661377,6.570000171661377,6.670000076293945,6.480000019073486,6.639999866485596,142100.0
2024-06-11,6.510000228881836,6.510000228881836,6.690000057220459,6.380000114440918,6.639999866485596,58600.0
2024-06-12,6.630000114440918,6.630000114440918,6.75,6.449999809265137,6.539999961853027,88000.0
2024-06-13,6.630000114440918,6.630000114440918,6.710000038146973,6.480000019073486,6.639999866485596,75700.0
2024-06-14,6.670000076293945,6.670000076293945,6.75,6.440000057220459,6.579999923706055,104300.0
2024-06-17,6.860000133514404,6.860000133514404,6.949999809265137,6.550000190734863,6.710000038146973,138300.0
2024-06-18,6.960000038146973,6.960000038146973,7.0,6.769999980926514,6.909999847412109,150700.0
2024-06-20,6.96999979019165,6.96999979019165,7.0,6.860000133514404,6.929999828338623,70200.0
2024-06-21,6.940000057220459,6.940000057220459,7.0,6.800000190734863,6.96999979019165,209800.0
2024-06-24,6.96999979019165,6.96999979019165,7.0,6.809999942779541,6.949999809265137,146600.0
2024-06-25,6.900000095367432,6.900000095367432,7.0,6.789999961853027,6.960000038146973,94900.0
2024-06-26,6.829999923706055,6.829999923706055,6.900000095367432,6.75,6.869999885559082,113500.0
2024-06-27,6.849999904632568,6.849999904632568,6.900000095367432,6.739999771118164,6.869999885559082,70800.0
2024-06-28,6.929999828338623,6.929999828338623,7.03000020980835,6.739999771118164,6.900000095367432,519000.0
2024-07-01,6.920000076293945,6.920000076293945,6.949999809265137,6.710000038146973,6.880000114440918,99200.0
2024-07-02,6.820000171661377,6.820000171661377,6.869999885559082,6.71999979019165,6.869999885559082,75300.0
2024-07-03,6.989999771118164,6.989999771118164,7.039999961853027,6.829999923706055,6.840000152587891,52100.0
2024-07-05,6.789999961853027,6.789999961853027,6.96999979019165,6.5,6.949999809265137,234600.0
2024-07-08,6.800000190734863,6.800000190734863,6.889999866485596,6.699999809265137,6.889999866485596,67300.0
2024-07-09,6.829999923706055,6.829999923706055,6.949999809265137,6.739999771118164,6.800000190734863,60300.0
2024-07-10,6.889999866485596,6.889999866485596,6.929999828338623,6.75,6.840000152587891,43700.0
2024-07-11,7.239999771118164,7.239999771118164,7.25,6.989999771118164,7.03000020980835,140300.0
2024-07-12,7.199999809265137,7.199999809265137,7.5,7.170000076293945,7.25,164300.0
2024-07-15,7.179999828338623,7.179999828338623,7.329999923706055,7.150000095367432,7.260000228881836,109400.0
2024-07-16,7.230000019073486,7.230000019073486,7.349999904632568,7.179999828338623,7.25,168400.0
2024-07-17,7.199999809265137,7.199999809265137,7.320000171661377,7.170000076293945,7.179999828338623,96800.0
2024-07-18,7.0,7.0,7.239999771118164,6.96999979019165,7.159999847412109,120900.0
2024-07-19,6.980000019073486,6.980000019073486,7.099999904632568,6.949999809265137,7.050000190734863,61900.0
2024-07-22,7.050000190734863,7.050000190734863,7.110000133514404,6.909999847412109,6.949999809265137,145200.0
2024-07-23,7.039999961853027,7.039999961853027,7.159999847412109,6.989999771118164,7.03000020980835,162700.0
2024-07-24,6.949999809265137,6.949999809265137,7.099999904632568,6.900000095367432,7.039999961853027,78700.0
2024-07-25,7.0,7.0,7.070000171661377,6.949999809265137,6.980000019073486,99300.0
2024-07-26,7.010000228881836,7.010000228881836,7.170000076293945,6.920000076293945,7.090000152587891,83800.0
2024-07-29,7.230000019073486,7.230000019073486,7.269999980926514,6.949999809265137,6.980000019073486,61200.0
2024-07-30,7.090000152587891,7.090000152587891,7.340000152587891,7.079999923706055,7.300000190734863,70600.0
2024-07-31,7.21999979019165,7.21999979019165,7.360000133514404,7.079999923706055,7.130000114440918,181500.0
2024-08-01,6.929999828338623,6.929999828338623,7.289999961853027,6.889999866485596,7.25,90200.0
2024-08-02,6.539999961853027,6.539999961853027,6.739999771118164,6.440000057220459,6.739999771118164,62700.0
2024-08-05,6.130000114440918,6.130000114440918,6.289999961853027,6.010000228881836,6.289999961853027,98100.0
2024-08-06,6.150000095367432,6.150000095367432,6.190000057220459,6.0,6.150000095367432,64200.0
2024-08-07,6.0,6.0,6.199999809265137,5.929999828338623,6.199999809265137,58400.0
2024-08-08,6.099999904632568,6.099999904632568,6.159999847412109,5.840000152587891,5.960000038146973,69600.0
2024-08-09,6.050000190734863,6.050000190734863,6.139999866485596,5.920000076293945,6.119999885559082,55700.0
2024-08-12,5.949999809265137,5.949999809265137,6.090000152587891,5.829999923706055,6.090000152587891,56900.0
2024-08-13,5.989999771118164,5.989999771118164,6.03000020980835,5.900000095367432,6.0,30500.0
2024-08-14,5.920000076293945,5.920000076293945,5.96999979019165,5.789999961853027,5.960000038146973,44900.0
2024-08-15,6.099999904632568,6.099999904632568,6.179999828338623,6.010000228881836,6.079999923706055,54500.0
2024-08-16,6.159999847412109,6.159999847412109,6.210000038146973,6.099999904632568,6.099999904632568,41300.0
2024-08-19,6.150000095367432,6.150000095367432,6.210000038146973,6.119999885559082,6.130000114440918,16100.0
2024-08-20,5.949999809265137,5.949999809265137,6.190000057220459,5.920000076293945,6.139999866485596,64900.0
2024-08-21,5.940000057220459,5.940000057220459,6.03000020980835,5.869999885559082,6.010000228881836,34200.0
2024-08-22,5.769999980926514,5.769999980926514,5.960000038146973,5.760000228881836,5.940000057220459,17700.0
2024-08-23,6.099999904632568,6.099999904632568,6.170000076293945,5.809999942779541,5.829999923706055,51600.0
2024-08-26,6.059999942779541,6.059999942779541,6.190000057220459,6.019999980926514,6.190000057220459,39200.0
2024-08-27,6.039999961853027,6.039999961853027,6.090000152587891,5.880000114440918,5.880000114440918,26300.0
2024-08-28,6.03000020980835,6.03000020980835,6.179999828338623,5.789999961853027,6.019999980926514,54300.0
2024-08-29,6.099999904632568,6.099999904632568,6.110000133514404,6.0,6.110000133514404,54000.0
2024-08-30,6.300000190734863,6.300000190734863,6.320000171661377,6.010000228881836,6.099999904632568,58900.0
2024-09-03,6.010000228881836,6.010000228881836,6.369999885559082,6.0,6.289999961853027,92000.0
2024-09-04,5.829999923706055,5.829999923706055,6.03000020980835,5.789999961853027,6.03000020980835,40900.0
2024-09-05,5.929999828338623,5.929999828338623,5.960000038146973,5.679999828338623,5.869999885559082,49200.0
2024-09-06,5.929999828338623,5.929999828338623,6.03000020980835,5.860000133514404,5.889999866485596,83100.0
2024-09-09,5.929999828338623,5.929999828338623,6.0,5.869999885559082,5.909999847412109,43000.0
2024-09-10,6.099999904632568,6.099999904632568,6.139999866485596,5.920000076293945,5.940000057220459,37000.0
2024-09-11,6.210000038146973,6.210000038146973,6.269999980926514,6.010000228881836,6.010000228881836,51000.0
2024-09-12,6.21999979019165,6.21999979019165,6.289999961853027,6.170000076293945,6.260000228881836,28700.0
2024-09-13,6.349999904632568,6.349999904632568,6.389999866485596,6.25,6.309999942779541,44100.0
2024-09-16,6.400000095367432,6.400000095367432,6.420000076293945,6.320000171661377,6.349999904632568,36800.0
2024-09-17,6.550000190734863,6.550000190734863,6.619999885559082,6.409999847412109,6.480000019073486,45700.0
2024-09-18,6.619999885559082,6.619999885559082,6.75,6.510000228881836,6.519999980926514,75000.0
2024-09-19,6.75,6.75,6.860000133514404,6.579999923706055,6.760000228881836,56400.0
2024-09-20,6.619999885559082,6.619999885559082,6.739999771118164,6.440000057220459,6.679999828338623,233700.0
2024-09-23,6.630000114440918,6.630000114440918,6.75,6.619999885559082,6.699999809265137,36400.0
2024-09-24,6.619999885559082,6.619999885559082,6.690000057220459,6.53000020980835,6.639999866485596,40100.0
2024-09-25,6.519999980926514,6.519999980926514,6.650000095367432,6.429999828338623,6.630000114440918,58100.0
2024-09-26,6.5,6.5,6.570000171661377,6.429999828338623,6.570000171661377,81200.0
2024-09-27,6.610000133514404,6.610000133514404,6.679999828338623,6.5,6.590000152587891,46100.0
2024-09-30,6.590000152587891,6.590000152587891,6.650000095367432,6.440000057220459,6.559999942779541,54100.0
2024-10-01,6.480000019073486,6.480000019073486,6.690000057220459,6.349999904632568,6.610000133514404,49900.0
2024-10-02,6.440000057220459,6.440000057220459,6.510000228881836,6.409999847412109,6.510000228881836,24200.0
2024-10-03,6.300000190734863,6.300000190734863,6.400000095367432,6.28000020980835,6.400000095367432,33400.0
2024-10-04,6.489999771118164,6.489999771118164,6.489999771118164,6.300000190734863,6.400000095367432,52400.0
2024-10-07,6.400000095367432,6.400000095367432,6.5,6.380000114440918,6.5,22700.0
2024-10-08,6.389999866485596,6.389999866485596,6.489999771118164,6.329999923706055,6.440000057220459,44100.0
2024-10-09,6.489999771118164,6.489999771118164,6.5,6.360000133514404,6.400000095367432,35300.0
2024-10-10,6.420000076293945,6.420000076293945,6.460000038146973,6.369999885559082,6.400000095367432,29700.0
2024-10-11,6.510000228881836,6.510000228881836,6.539999961853027,6.380000114440918,6.380000114440918,39700.0
2024-10-14,6.650000095367432,6.650000095367432,6.670000076293945,6.409999847412109,6.519999980926514,41300.0
2024-10-15,6.619999885559082,6.619999885559082,6.71999979019165,6.610000133514404,6.610000133514404,42000.0
2024-10-16,6.809999942779541,6.809999942779541,6.909999847412109,6.679999828338623,6.690000057220459,37100.0
2024-10-17,6.829999923706055,6.829999923706055,6.889999866485596,6.760000228881836,6.860000133514404,26200.0
2024-10-18,6.809999942779541,6.809999942779541,6.860000133514404,6.769999980926514,6.840000152587891,43500.0
2024-10-21,6.679999828338623,6.679999828338623,6.829999923706055,6.510000228881836,6.789999961853027,56700.0
2024-10-22,6.699999809265137,6.699999809265137,6.78000020980835,6.610000133514404,6.650000095367432,27900.0
2024-10-23,6.650000095367432,6.650000095367432,6.690000057220459,6.519999980926514,6.650000095367432,57500.0
2024-10-24,6.579999923706055,6.579999923706055,6.659999847412109,6.449999809265137,6.659999847412109,55100.0
2024-10-25,6.369999885559082,6.369999885559082,6.639999866485596,6.349999904632568,6.639999866485596,19900.0
2024-10-28,6.5,6.5,6.550000190734863,6.389999866485596,6.420000076293945,34600.0
2024-10-29,6.539999961853027,6.539999961853027,6.539999961853027,6.409999847412109,6.460000038146973,25100.0
2024-10-30,6.659999847412109,6.659999847412109,6.800000190734863,6.480000019073486,6.539999961853027,53400.0
2024-10-31,6.610000133514404,6.610000133514404,6.739999771118164,6.570000171661377,6.679999828338623,39000.0
2024-11-01,6.809999942779541,6.809999942779541,7.0,6.5,6.679999828338623,56900.0
2024-11-04,6.849999904632568,6.849999904632568,6.909999847412109,6.650000095367432,6.820000171661377,37700.0
2024-11-05,6.96999979019165,6.96999979019165,6.989999771118164,6.75,6.78000020980835,59300.0
2024-11-06,7.0,7.0,7.170000076293945,6.96999979019165,7.0,216400.0
2024-11-07,6.96999979019165,6.96999979019165,7.199999809265137,6.340000152587891,6.989999771118164,126900.0
2024-11-08,7.0,7.0,7.090000152587891,6.949999809265137,7.090000152587891,122400.0
2024-11-11,6.960000038146973,6.960000038146973,7.199999809265137,6.960000038146973,7.050000190734863,70000.0
2024-11-12,6.96999979019165,6.96999979019165,7.059999942779541,6.840000152587891,6.900000095367432,77600.0
2024-11-13,6.909999847412109,6.909999847412109,7.099999904632568,6.900000095367432,7.0,113300.0
2024-11-14,6.46999979019165,6.46999979019165,6.929999828338623,6.119999885559082,6.929999828338623,141200.0
2024-11-15,6.449999809265137,6.449999809265137,6.590000152587891,6.360000133514404,6.5,154200.0
2024-11-18,6.260000228881836,6.260000228881836,6.579999923706055,6.199999809265137,6.510000228881836,85200.0
2024-11-19,6.25,6.25,6.369999885559082,6.139999866485596,6.369999885559082,52000.0
2024-11-20,6.260000228881836,6.260000228881836,6.289999961853027,6.170000076293945,6.289999961853027,45000.0
2024-11-21,6.46999979019165,6.46999979019165,6.510000228881836,6.159999847412109,6.309999942779541,92800.0
2024-11-22,6.610000133514404,6.610000133514404,6.659999847412109,6.460000038146973,6.46999979019165,71700.0
2024-11-25,6.579999923706055,6.579999923706055,6.829999923706055,6.570000171661377,6.619999885559082,50400.0
2024-11-26,6.510000228881836,6.510000228881836,6.570000171661377,6.46999979019165,6.46999979019165,20500.0
2024-11-27,6.539999961853027,6.539999961853027,6.670000076293945,6.480000019073486,6.670000076293945,61200.0
2024-11-29,6.630000114440918,6.630000114440918,6.670000076293945,6.539999961853027,6.659999847412109,23600.0
2024-12-02,6.670000076293945,6.670000076293945,6.71999979019165,6.610000133514404,6.630000114440918,43800.0
2024-12-03,6.610000133514404,6.610000133514404,6.71999979019165,6.53000020980835,6.679999828338623,50900.0
2024-12-04,6.519999980926514,6.519999980926514,6.690000057220459,6.409999847412109,6.619999885559082,42100.0
2024-12-05,6.590000152587891,6.590000152587891,6.610000133514404,6.409999847412109,6.519999980926514,72100.0
2024-12-06,6.789999961853027,6.789999961853027,6.849999904632568,6.5,6.650000095367432,111700.0
2024-12-09,6.840000152587891,6.840000152587891,6.880000114440918,6.739999771118164,6.820000171661377,55900.0
2024-12-10,6.789999961853027,6.789999961853027,6.929999828338623,6.760000228881836,6.840000152587891,73200.0
2024-12-11,6.929999828338623,6.929999828338623,6.949999809265137,6.800000190734863,6.869999885559082,85900.0
2024-12-12,6.909999847412109,6.909999847412109,7.0,6.78000020980835,6.920000076293945,150900.0
2024-12-13,6.889999866485596,6.889999866485596,7.0,6.739999771118164,6.739999771118164,629700.0
2024-12-16,6.869999885559082,6.869999885559082,7.019999980926514,6.78000020980835,6.900000095367432,69700.0
2024-12-17,6.849999904632568,6.849999904632568,6.960000038146973,6.829999923706055,6.900000095367432,62100.0
2024-12-18,6.880000114440918,6.880000114440918,6.96999979019165,6.590000152587891,6.949999809265137,1263800.0
2024-12-19,6.849999904632568,6.849999904632568,6.980000019073486,6.670000076293945,6.929999828338623,159500.0
2024-12-20,6.769999980926514,6.769999980926514,6.96999979019165,6.570000171661377,6.769999980926514,533000.0
2024-12-23,6.710000038146973,6.710000038146973,6.829999923706055,6.679999828338623,6.829999923706055,94400.0
2024-12-24,6.590000152587891,6.590000152587891,6.75,6.440000057220459,6.679999828338623,121000.0
2024-12-26,6.659999847412109,6.659999847412109,6.760000228881836,6.449999809265137,6.610000133514404,60300.0
2024-12-27,6.869999885559082,6.869999885559082,6.880000114440918,6.579999923706055,6.679999828338623,103400.0
2024-12-30,6.840000152587891,6.840000152587891,6.920000076293945,6.739999771118164,6.869999885559082,144800.0
2024-12-31,6.929999828338623,6.929999828338623,6.960000038146973,6.760000228881836,6.889999866485596,130500.0
2025-01-02,6.929999828338623,6.929999828338623,7.039999961853027,6.78000020980835,7.019999980926514,145000.0
2025-01-03,7.079999923706055,7.079999923706055,7.119999885559082,6.929999828338623,6.929999828338623,104000.0
2025-01-06,6.940000057220459,6.940000057220459,7.139999866485596,6.909999847412109,7.070000171661377,95100.0
2025-01-07,6.809999942779541,6.809999942779541,7.019999980926514,6.659999847412109,7.010000228881836,126100.0
2025-01-08,6.78000020980835,6.78000020980835,6.840000152587891,6.690000057220459,6.769999980926514,52800.0
2025-01-10,6.659999847412109,6.659999847412109,6.739999771118164,6.579999923706055,6.739999771118164,75600.0
2025-01-13,6.699999809265137,6.699999809265137,6.760000228881836,6.489999771118164,6.659999847412109,87900.0
2025-01-14,6.71999979019165,6.71999979019165,6.760000228881836,6.510000228881836,6.75,84800.0
2025-01-15,6.909999847412109,6.909999847412109,6.960000038146973,6.599999904632568,6.840000152587891,49700.0
2025-01-16,7.070000171661377,7.070000171661377,7.130000114440918,6.989999771118164,6.989999771118164,89200.0
2025-01-17,7.03000020980835,7.03000020980835,7.150000095367432,6.960000038146973,7.079999923706055,104200.0
2025-01-21,7.019999980926514,7.019999980926514,7.070000171661377,6.96999979019165,7.019999980926514,78100.0
2025-01-22,7.03000020980835,7.03000020980835,7.070000171661377,6.929999828338623,7.070000171661377,89500.0
2025-01-23,7.139999866485596,7.139999866485596,7.150000095367432,6.989999771118164,6.989999771118164,43900.0
2025-01-24,7.150000095367432,7.150000095367432,7.159999847412109,7.059999942779541,7.079999923706055,39800.0
2025-01-27,7.360000133514404,7.360000133514404,7.449999809265137,7.199999809265137,7.199999809265137,91500.0
2025-01-28,7.340000152587891,7.340000152587891,7.369999885559082,7.159999847412109,7.349999904632568,91300.0
2025-01-29,7.369999885559082,7.369999885559082,7.400000095367432,7.260000228881836,7.400000095367432,42900.0
2025-01-30,7.480000019073486,7.480000019073486,7.5,7.369999885559082,7.369999885559082,98100.0
2025-01-31,7.539999961853027,7.539999961853027,7.650000095367432,7.389999866485596,7.480000019073486,198600.0
2025-02-03,7.260000228881836,7.260000228881836,7.460000038146973,7.210000038146973,7.449999809265137,98900.0
2025-02-04,7.179999828338623,7.179999828338623,7.300000190734863,7.170000076293945,7.239999771118164,50000.0
2025-02-05,7.269999980926514,7.269999980926514,7.320000171661377,7.190000057220459,7.190000057220459,55776.0
